1801.000 0.003
1802.000 0.868
1803.000 0.847
1804.000 0.841
1805.000 0.828
1806.000 0.835
1807.000 0.834
1808.000 0.838
1809.000 0.855
1810.000 0.851
1811.000 0.848
1812.000 0.845
1813.000 0.850
1814.000 0.856
1815.000 0.858
1816.000 0.861
1817.000 0.861
1818.000 0.865
1819.000 0.866
1820.000 0.865
1821.000 0.864
1822.000 0.867
1823.000 0.864
1824.000 0.861
1825.000 0.859
1826.000 0.857
1827.000 0.853
1828.000 0.847
1829.000 0.847
1830.000 0.858
1831.000 0.879
1832.000 0.873
1833.000 0.858
1834.000 0.853
1835.000 0.849
1836.000 0.837
1837.000 0.824
1838.000 0.810
1839.000 0.807
1840.000 0.802
1841.000 0.801
1842.000 0.793
1843.000 0.793
1844.000 0.791
1845.000 0.780
1846.000 0.776
1847.000 0.763
1848.000 0.754
1849.000 0.727
1850.000 0.710
1851.000 0.681
1852.000 0.673
1853.000 0.643
1854.000 0.614
1855.000 0.587
1856.000 0.561
1857.000 0.534
1858.000 0.512
1859.000 0.493
1860.000 0.489
1861.000 0.490
1862.000 0.495
1863.000 0.495
1864.000 0.496
1865.000 0.496
1866.000 0.498
1867.000 0.500
1868.000 0.500
1869.000 0.501
1870.000 0.507
1871.000 0.502
1872.000 0.513
1873.000 0.510
1874.000 0.506
1875.000 0.508
1876.000 0.511
1877.000 0.511
1878.000 0.514
1879.000 0.512
1880.000 0.514
1881.000 0.520
1882.000 0.519
1883.000 0.522
1884.000 0.520
1885.000 0.523
1886.000 0.521
1887.000 0.523
1888.000 0.523
1889.000 0.530
1890.000 0.530
1891.000 0.527
1892.000 0.560
1893.000 0.565
1894.000 0.560
1895.000 0.560
1896.000 0.549
1897.000 0.547
1898.000 0.551
1899.000 0.548
1900.000 0.545
1901.000 0.546
1902.000 0.549
1903.000 0.551
1904.000 0.552
1905.000 0.551
1906.000 0.558
1907.000 0.558
1908.000 0.556
1909.000 0.556
1910.000 0.556
1911.000 0.560
1912.000 0.557
1913.000 0.561
1914.000 0.562
1915.000 0.563
1916.000 0.567
1917.000 0.573
1918.000 0.571
1919.000 0.573
1920.000 0.572
1921.000 0.570
1922.000 0.571
1923.000 0.569
1924.000 0.571
1925.000 0.570
1926.000 0.571
1927.000 0.572
1928.000 0.576
1929.000 0.580
1930.000 0.577
1931.000 0.582
1932.000 0.583
1933.000 0.593
1934.000 0.586
1935.000 0.586
1936.000 0.590
1937.000 0.591
1938.000 0.592
1939.000 0.593
1940.000 0.594
1941.000 0.595
1942.000 0.600
1943.000 0.601
1944.000 0.601
1945.000 0.608
1946.000 0.607
1947.000 0.614
1948.000 0.612
1949.000 0.611
1950.000 0.617
1951.000 0.616
1952.000 0.616
1953.000 0.624
1954.000 0.626
1955.000 0.627
1956.000 0.625
1957.000 0.632
1958.000 0.640
1959.000 0.638
1960.000 0.639
1961.000 0.648
1962.000 0.646
1963.000 0.646
1964.000 0.655
1965.000 0.654
1966.000 0.658
1967.000 0.667
1968.000 0.671
1969.000 0.672
1970.000 0.679
1971.000 0.680
1972.000 0.679
1973.000 0.682
1974.000 0.683
1975.000 0.687
1976.000 0.694
1977.000 0.690
1978.000 0.702
1979.000 0.700
1980.000 0.716
1981.000 0.718
1982.000 0.713
1983.000 0.723
1984.000 0.732
1985.000 0.736
1986.000 0.727
1987.000 0.734
1988.000 0.740
1989.000 0.750
1990.000 0.755
1991.000 0.749
1992.000 0.764
1993.000 0.769
1994.000 0.775
1995.000 0.781
1996.000 0.789
1997.000 0.788
1998.000 0.792
1999.000 0.803
2000.000 0.815
2001.000 0.824
2002.000 0.829
2003.000 0.836
2004.000 0.840
2005.000 0.845
2006.000 0.850
2007.000 0.873
2008.000 0.874
2009.000 0.882
2010.000 0.896
2011.000 0.893
2012.000 0.913
2013.000 0.918
2014.000 0.924
2015.000 0.943
2016.000 0.960
2017.000 0.971
2018.000 0.997
2019.000 1.002
2020.000 1.011
2021.000 1.019
2022.000 1.044
2023.000 1.047
2024.000 1.064
2025.000 1.078
2026.000 1.086
2027.000 1.113
2028.000 1.125
2029.000 1.135
2030.000 1.158
2031.000 1.181
2032.000 1.209
2033.000 1.228
2034.000 1.244
2035.000 1.267
2036.000 1.289
2037.000 1.315
2038.000 1.335
2039.000 1.363
2040.000 1.396
2041.000 1.422
2042.000 1.467
2043.000 1.492
2044.000 1.528
2045.000 1.567
2046.000 1.602
2047.000 1.630
2048.000 1.672
2049.000 1.720
2050.000 1.767
2051.000 1.821
2052.000 1.873
2053.000 1.933
2054.000 2.002
2055.000 2.077
2056.000 2.152
2057.000 2.220
2058.000 2.323
2059.000 2.413
2060.000 2.461
2061.000 2.591
2062.000 2.707
2063.000 2.819
2064.000 2.950
2065.000 3.097
2066.000 3.283
2067.000 3.468
2068.000 3.657
2069.000 3.868
2070.000 4.099
2071.000 4.377
2072.000 4.519
2073.000 4.857
2074.000 5.213
2075.000 5.532
2076.000 5.828
2077.000 6.057
2078.000 6.273
2079.000 6.468
2080.000 6.578
2081.000 6.579
2082.000 6.460
2083.000 6.356
2084.000 6.081
2085.000 5.741
2086.000 5.374
2087.000 5.011
2088.000 4.671
2089.000 4.355
2090.000 4.062
2091.000 3.797
2092.000 3.561
2093.000 3.346
2094.000 3.155
2095.000 2.978
2096.000 2.901
2097.000 2.752
2098.000 2.613
2099.000 2.491
2100.000 2.375
2101.000 2.269
2102.000 2.161
2103.000 2.084
2104.000 1.999
2105.000 1.921
2106.000 1.851
2107.000 1.815
2108.000 1.787
2109.000 1.739
2110.000 1.673
2111.000 1.615
2112.000 1.559
2113.000 1.511
2114.000 1.469
2115.000 1.442
2116.000 1.398
2117.000 1.359
2118.000 1.374
2119.000 1.319
2120.000 1.269
2121.000 1.248
2122.000 1.214
2123.000 1.332
2124.000 1.292
2125.000 1.232
2126.000 1.167
2127.000 1.123
2128.000 1.079
2129.000 1.047
2130.000 1.021
2131.000 0.997
2132.000 0.990
2133.000 0.969
2134.000 0.947
2135.000 0.928
2136.000 0.922
2137.000 0.901
2138.000 0.888
2139.000 0.875
2140.000 0.859
2141.000 0.851
2142.000 0.835
2143.000 0.813
2144.000 0.803
2145.000 0.788
2146.000 0.777
2147.000 0.762
2148.000 0.747
2149.000 0.736
2150.000 0.726
2151.000 0.714
2152.000 0.714
2153.000 0.722
2154.000 0.707
2155.000 0.696
2156.000 0.715
2157.000 0.709
2158.000 0.690
2159.000 0.681
2160.000 0.673
2161.000 0.915
2162.000 1.113
2163.000 1.064
2164.000 0.925
2165.000 0.903
2166.000 0.812
2167.000 0.740
2168.000 0.691
2169.000 0.674
2170.000 0.656
2171.000 0.646
2172.000 0.637
2173.000 0.631
2174.000 0.630
2175.000 0.623
2176.000 0.626
2177.000 0.626
2178.000 0.627
2179.000 0.627
2180.000 0.624
2181.000 0.626
2182.000 0.627
2183.000 0.632
2184.000 0.637
2185.000 0.640
2186.000 0.644
2187.000 0.646
2188.000 0.648
2189.000 0.651
2190.000 0.654
2191.000 0.655
2192.000 0.659
2193.000 0.662
2194.000 0.666
2195.000 0.672
2196.000 0.682
2197.000 0.686
2198.000 0.690
2199.000 0.692
2200.000 0.695
2201.000 0.705
2202.000 0.711
2203.000 0.720
2204.000 0.726
2205.000 0.740
2206.000 0.753
2207.000 0.757
2208.000 0.762
2209.000 0.775
2210.000 0.788
2211.000 0.834
2212.000 0.847
2213.000 0.924
2214.000 0.911
2215.000 0.908
2216.000 0.907
2217.000 0.914
2218.000 0.918
2219.000 0.931
2220.000 0.944
2221.000 0.970
2222.000 0.990
2223.000 1.015
2224.000 1.045
2225.000 1.079
2226.000 1.117
2227.000 1.148
2228.000 1.198
2229.000 1.230
2230.000 1.263
2231.000 1.302
2232.000 1.349
2233.000 1.407
2234.000 1.473
2235.000 1.548
2236.000 1.626
2237.000 1.703
2238.000 1.795
2239.000 1.899
2240.000 2.020
2241.000 2.148
2242.000 2.217
2243.000 2.399
2244.000 2.560
2245.000 2.735
2246.000 2.985
2247.000 3.160
2248.000 3.313
2249.000 3.423
2250.000 3.491
2251.000 3.510
2252.000 3.460
2253.000 3.330
2254.000 3.241
2255.000 3.027
2256.000 2.788
2257.000 2.568
2258.000 2.350
2259.000 2.161
2260.000 1.993
2261.000 1.837
2262.000 1.702
2263.000 1.582
2264.000 1.476
2265.000 1.383
2266.000 1.298
2267.000 1.260
2268.000 1.187
2269.000 1.119
2270.000 1.061
2271.000 1.009
2272.000 0.993
2273.000 0.969
2274.000 0.922
2275.000 0.862
2276.000 0.817
2277.000 0.781
2278.000 0.746
2279.000 0.729
2280.000 0.699
2281.000 0.674
2282.000 0.648
2283.000 0.626
2284.000 0.607
2285.000 0.592
2286.000 0.571
2287.000 0.555
2288.000 0.539
2289.000 0.518
2290.000 0.508
2291.000 0.485
2292.000 0.467
2293.000 0.449
2294.000 0.496
2295.000 0.708
2296.000 0.669
2297.000 0.583
2298.000 0.510
2299.000 0.456
2300.000 0.414
2301.000 0.383
2302.000 0.361
2303.000 0.351
2304.000 0.336
2305.000 0.330
2306.000 0.316
2307.000 0.305
2308.000 0.300
2309.000 0.292
2310.000 0.286
2311.000 0.281
2312.000 0.273
2313.000 0.267
2314.000 0.261
2315.000 0.258
2316.000 0.253
2317.000 0.249
2318.000 0.276
2319.000 0.281
2320.000 0.268
2321.000 0.256
2322.000 0.249
2323.000 0.239
2324.000 0.248
2325.000 0.249
2326.000 0.240
2327.000 0.232
2328.000 0.230
2329.000 0.222
2330.000 0.216
2331.000 0.211
2332.000 0.207
2333.000 0.202
2334.000 0.199
2335.000 0.197
2336.000 0.194
2337.000 0.191
2338.000 0.266
2339.000 0.274
2340.000 0.266
2341.000 0.251
2342.000 0.230
2343.000 0.214
2344.000 0.201
2345.000 0.192
2346.000 0.185
2347.000 0.181
2348.000 0.177
2349.000 0.174
2350.000 0.172
2351.000 0.169
2352.000 0.170
2353.000 0.169
2354.000 0.167
2355.000 0.166
2356.000 0.164
2357.000 0.162
2358.000 0.161
2359.000 0.161
2360.000 0.159
2361.000 0.158
2362.000 0.157
2363.000 0.156
2364.000 0.156
2365.000 0.155
2366.000 0.155
2367.000 0.153
2368.000 0.152
2369.000 0.152
2370.000 0.152
2371.000 0.150
2372.000 0.148
2373.000 0.149
2374.000 0.147
2375.000 0.148
2376.000 0.146
2377.000 0.146
2378.000 0.146
2379.000 0.145
2380.000 0.145
2381.000 0.144
2382.000 0.144
2383.000 0.145
2384.000 0.145
2385.000 0.144
2386.000 0.163
2387.000 0.167
2388.000 0.161
2389.000 0.155
2390.000 0.151
2391.000 0.148
2392.000 0.146
2393.000 0.147
2394.000 0.144
2395.000 0.142
2396.000 0.141
2397.000 0.140
2398.000 0.139
2399.000 0.137
2400.000 0.138
2401.000 0.137
2402.000 0.136
2403.000 0.136
2404.000 0.135
2405.000 0.134
2406.000 0.132
2407.000 0.134
2408.000 0.136
2409.000 0.135
2410.000 0.134
2411.000 0.149
2412.000 0.149
2413.000 0.145
2414.000 0.141
2415.000 0.140
2416.000 0.136
2417.000 0.135
2418.000 0.135
2419.000 0.135
2420.000 0.134
2421.000 0.133
2422.000 0.132
2423.000 0.133
2424.000 0.131
2425.000 0.130
2426.000 0.132
2427.000 0.133
2428.000 0.132
2429.000 0.132
2430.000 0.133
2431.000 0.140
2432.000 0.137
2433.000 0.136
2434.000 0.135
2435.000 0.133
2436.000 0.132
2437.000 0.132
2438.000 0.131
2439.000 0.132
2440.000 0.131
2441.000 0.133
2442.000 0.133
2443.000 0.135
2444.000 0.135
2445.000 0.133
2446.000 0.148
2447.000 0.143
2448.000 0.141
2449.000 0.139
2450.000 0.137
2451.000 0.151
2452.000 0.146
2453.000 0.143
2454.000 0.140
2455.000 0.138
2456.000 0.137
2457.000 0.135
2458.000 0.134
2459.000 0.134
2460.000 0.134
2461.000 0.134
2462.000 0.135
2463.000 0.133
2464.000 0.133
2465.000 0.132
2466.000 0.133
2467.000 0.133
2468.000 0.133
2469.000 0.133
2470.000 0.135
2471.000 0.133
2472.000 0.135
2473.000 0.135
2474.000 0.136
2475.000 0.135
2476.000 0.135
2477.000 0.136
2478.000 0.139
2479.000 0.142
2480.000 0.142
2481.000 0.145
2482.000 0.149
2483.000 0.147
2484.000 0.145
2485.000 0.147
2486.000 0.146
2487.000 0.145
2488.000 0.143
2489.000 0.145
2490.000 0.144
2491.000 0.146
2492.000 0.145
2493.000 0.144
2494.000 0.145
2495.000 0.145
2496.000 0.145
2497.000 0.146
2498.000 0.145
2499.000 0.144
2500.000 0.145
2501.000 0.148
2502.000 0.147
2503.000 0.146
2504.000 0.148
2505.000 0.149
2506.000 0.146
2507.000 0.149
2508.000 0.146
2509.000 0.148
2510.000 0.148
2511.000 0.147
2512.000 0.146
2513.000 0.149
2514.000 0.149
2515.000 0.150
2516.000 0.148
2517.000 0.149
2518.000 0.147
2519.000 0.148
2520.000 0.149
2521.000 0.147
2522.000 0.146
2523.000 0.148
2524.000 0.148
2525.000 0.149
2526.000 0.159
2527.000 0.156
2528.000 0.154
2529.000 0.153
2530.000 0.158
2531.000 0.164
2532.000 0.163
2533.000 0.161
2534.000 0.156
2535.000 0.156
2536.000 0.152
2537.000 0.152
2538.000 0.154
2539.000 0.150
2540.000 0.150
2541.000 0.150
2542.000 0.150
2543.000 0.149
2544.000 0.148
2545.000 0.147
2546.000 0.148
2547.000 0.148
2548.000 0.151
2549.000 0.148
2550.000 0.149
2551.000 0.149
2552.000 0.151
2553.000 0.153
2554.000 0.156
2555.000 0.155
2556.000 0.152
2557.000 0.151
2558.000 0.152
2559.000 0.151
2560.000 0.156
2561.000 0.171
2562.000 0.169
2563.000 0.171
2564.000 0.165
2565.000 0.161
2566.000 0.171
2567.000 0.171
2568.000 0.166
2569.000 0.162
2570.000 0.163
2571.000 0.160
2572.000 0.160
2573.000 0.157
2574.000 0.156
2575.000 0.155
2576.000 0.153
2577.000 0.153
2578.000 0.154
2579.000 0.151
2580.000 0.153
2581.000 0.151
2582.000 0.152
2583.000 0.152
2584.000 0.153
2585.000 0.154
2586.000 0.155
2587.000 0.151
2588.000 0.153
2589.000 0.156
2590.000 0.154
2591.000 0.156
2592.000 0.155
2593.000 0.157
2594.000 0.157
2595.000 0.157
2596.000 0.156
2597.000 0.158
2598.000 0.161
2599.000 0.160
2600.000 0.158
