1801.000 0.004
1802.000 0.821
1803.000 0.819
1804.000 0.807
1805.000 0.795
1806.000 0.786
1807.000 0.781
1808.000 0.779
1809.000 0.775
1810.000 0.776
1811.000 0.775
1812.000 0.778
1813.000 0.781
1814.000 0.778
1815.000 0.783
1816.000 0.788
1817.000 0.793
1818.000 0.790
1819.000 0.793
1820.000 0.795
1821.000 0.795
1822.000 0.799
1823.000 0.799
1824.000 0.795
1825.000 0.794
1826.000 0.791
1827.000 0.788
1828.000 0.780
1829.000 0.778
1830.000 0.770
1831.000 0.767
1832.000 0.764
1833.000 0.761
1834.000 0.759
1835.000 0.759
1836.000 0.762
1837.000 0.766
1838.000 0.763
1839.000 0.774
1840.000 0.771
1841.000 0.773
1842.000 0.774
1843.000 0.776
1844.000 0.779
1845.000 0.775
1846.000 0.774
1847.000 0.766
1848.000 0.758
1849.000 0.748
1850.000 0.732
1851.000 0.716
1852.000 0.697
1853.000 0.672
1854.000 0.644
1855.000 0.617
1856.000 0.588
1857.000 0.574
1858.000 0.553
1859.000 0.526
1860.000 0.505
1861.000 0.493
1862.000 0.494
1863.000 0.493
1864.000 0.496
1865.000 0.498
1866.000 0.502
1867.000 0.501
1868.000 0.503
1869.000 0.506
1870.000 0.504
1871.000 0.507
1872.000 0.508
1873.000 0.509
1874.000 0.510
1875.000 0.513
1876.000 0.515
1877.000 0.515
1878.000 0.515
1879.000 0.518
1880.000 0.517
1881.000 0.520
1882.000 0.520
1883.000 0.522
1884.000 0.522
1885.000 0.523
1886.000 0.525
1887.000 0.525
1888.000 0.526
1889.000 0.528
1890.000 0.528
1891.000 0.531
1892.000 0.531
1893.000 0.533
1894.000 0.535
1895.000 0.533
1896.000 0.535
1897.000 0.537
1898.000 0.537
1899.000 0.543
1900.000 0.541
1901.000 0.544
1902.000 0.549
1903.000 0.548
1904.000 0.548
1905.000 0.548
1906.000 0.549
1907.000 0.551
1908.000 0.553
1909.000 0.554
1910.000 0.551
1911.000 0.556
1912.000 0.560
1913.000 0.560
1914.000 0.562
1915.000 0.560
1916.000 0.565
1917.000 0.563
1918.000 0.565
1919.000 0.565
1920.000 0.566
1921.000 0.568
1922.000 0.569
1923.000 0.572
1924.000 0.572
1925.000 0.572
1926.000 0.575
1927.000 0.574
1928.000 0.578
1929.000 0.578
1930.000 0.583
1931.000 0.582
1932.000 0.582
1933.000 0.587
1934.000 0.588
1935.000 0.584
1936.000 0.591
1937.000 0.592
1938.000 0.594
1939.000 0.596
1940.000 0.596
1941.000 0.600
1942.000 0.599
1943.000 0.606
1944.000 0.605
1945.000 0.605
1946.000 0.612
1947.000 0.609
1948.000 0.615
1949.000 0.619
1950.000 0.620
1951.000 0.620
1952.000 0.619
1953.000 0.626
1954.000 0.628
1955.000 0.631
1956.000 0.636
1957.000 0.635
1958.000 0.634
1959.000 0.643
1960.000 0.646
1961.000 0.644
1962.000 0.655
1963.000 0.648
1964.000 0.656
1965.000 0.660
1966.000 0.659
1967.000 0.657
1968.000 0.662
1969.000 0.670
1970.000 0.671
1971.000 0.676
1972.000 0.675
1973.000 0.681
1974.000 0.690
1975.000 0.695
1976.000 0.687
1977.000 0.701
1978.000 0.697
1979.000 0.706
1980.000 0.706
1981.000 0.716
1982.000 0.716
1983.000 0.717
1984.000 0.723
1985.000 0.730
1986.000 0.733
1987.000 0.737
1988.000 0.739
1989.000 0.748
1990.000 0.755
1991.000 0.755
1992.000 0.769
1993.000 0.770
1994.000 0.781
1995.000 0.783
1996.000 0.799
1997.000 0.795
1998.000 0.802
1999.000 0.814
2000.000 0.822
2001.000 0.832
2002.000 0.838
2003.000 0.842
2004.000 0.848
2005.000 0.851
2006.000 0.855
2007.000 0.873
2008.000 0.884
2009.000 0.885
2010.000 0.901
2011.000 0.905
2012.000 0.914
2013.000 0.934
2014.000 0.936
2015.000 0.944
2016.000 0.959
2017.000 0.968
2018.000 0.980
2019.000 0.991
2020.000 1.007
2021.000 1.017
2022.000 1.024
2023.000 1.045
2024.000 1.061
2025.000 1.067
2026.000 1.092
2027.000 1.103
2028.000 1.109
2029.000 1.136
2030.000 1.155
2031.000 1.169
2032.000 1.185
2033.000 1.205
2034.000 1.227
2035.000 1.250
2036.000 1.275
2037.000 1.306
2038.000 1.338
2039.000 1.361
2040.000 1.372
2041.000 1.414
2042.000 1.437
2043.000 1.476
2044.000 1.506
2045.000 1.544
2046.000 1.590
2047.000 1.633
2048.000 1.674
2049.000 1.721
2050.000 1.773
2051.000 1.800
2052.000 1.849
2053.000 1.908
2054.000 1.971
2055.000 2.046
2056.000 2.113
2057.000 2.197
2058.000 2.279
2059.000 2.375
2060.000 2.473
2061.000 2.584
2062.000 2.698
2063.000 2.831
2064.000 2.899
2065.000 3.047
2066.000 3.229
2067.000 3.417
2068.000 3.607
2069.000 3.816
2070.000 4.074
2071.000 4.334
2072.000 4.623
2073.000 4.913
2074.000 5.211
2075.000 5.513
2076.000 5.665
2077.000 5.973
2078.000 6.233
2079.000 6.437
2080.000 6.576
2081.000 6.607
2082.000 6.520
2083.000 6.322
2084.000 6.028
2085.000 5.695
2086.000 5.322
2087.000 4.951
2088.000 4.610
2089.000 4.457
2090.000 4.142
2091.000 3.868
2092.000 3.629
2093.000 3.403
2094.000 3.211
2095.000 3.028
2096.000 2.866
2097.000 2.727
2098.000 2.589
2099.000 2.464
2100.000 2.407
2101.000 2.293
2102.000 2.191
2103.000 2.101
2104.000 2.014
2105.000 1.941
2106.000 1.881
2107.000 1.811
2108.000 1.747
2109.000 1.687
2110.000 1.632
2111.000 1.575
2112.000 1.552
2113.000 1.506
2114.000 1.461
2115.000 1.418
2116.000 1.384
2117.000 1.351
2118.000 1.320
2119.000 1.288
2120.000 1.256
2121.000 1.223
2122.000 1.194
2123.000 1.166
2124.000 1.143
2125.000 1.133
2126.000 1.109
2127.000 1.088
2128.000 1.064
2129.000 1.045
2130.000 1.026
2131.000 1.004
2132.000 0.985
2133.000 0.966
2134.000 0.946
2135.000 0.926
2136.000 0.916
2137.000 0.901
2138.000 0.894
2139.000 0.875
2140.000 0.854
2141.000 0.837
2142.000 0.821
2143.000 0.804
2144.000 0.788
2145.000 0.773
2146.000 0.761
2147.000 0.750
2148.000 0.744
2149.000 0.737
2150.000 0.725
2151.000 0.714
2152.000 0.706
2153.000 0.697
2154.000 0.690
2155.000 0.682
2156.000 0.675
2157.000 0.670
2158.000 0.663
2159.000 0.660
2160.000 0.655
2161.000 0.649
2162.000 0.646
2163.000 0.640
2164.000 0.638
2165.000 0.636
2166.000 0.634
2167.000 0.631
2168.000 0.629
2169.000 0.626
2170.000 0.627
2171.000 0.623
2172.000 0.623
2173.000 0.633
2174.000 0.646
2175.000 0.657
2176.000 0.657
2177.000 0.654
2178.000 0.650
2179.000 0.647
2180.000 0.644
2181.000 0.648
2182.000 0.647
2183.000 0.653
2184.000 0.656
2185.000 0.660
2186.000 0.664
2187.000 0.667
2188.000 0.674
2189.000 0.683
2190.000 0.681
2191.000 0.687
2192.000 0.689
2193.000 0.689
2194.000 0.689
2195.000 0.694
2196.000 0.696
2197.000 0.699
2198.000 0.701
2199.000 0.710
2200.000 0.720
2201.000 0.725
2202.000 0.730
2203.000 0.739
2204.000 0.748
2205.000 0.758
2206.000 0.771
2207.000 0.784
2208.000 0.790
2209.000 0.796
2210.000 0.802
2211.000 0.811
2212.000 0.823
2213.000 0.834
2214.000 0.849
2215.000 0.871
2216.000 0.882
2217.000 0.897
2218.000 0.918
2219.000 0.936
2220.000 0.957
2221.000 0.978
2222.000 0.987
2223.000 1.021
2224.000 1.050
2225.000 1.073
2226.000 1.110
2227.000 1.137
2228.000 1.171
2229.000 1.212
2230.000 1.253
2231.000 1.304
2232.000 1.359
2233.000 1.416
2234.000 1.479
2235.000 1.512
2236.000 1.593
2237.000 1.702
2238.000 1.792
2239.000 1.901
2240.000 2.010
2241.000 2.143
2242.000 2.291
2243.000 2.444
2244.000 2.612
2245.000 2.792
2246.000 2.888
2247.000 3.067
2248.000 3.226
2249.000 3.363
2250.000 3.454
2251.000 3.484
2252.000 3.461
2253.000 3.347
2254.000 3.167
2255.000 2.950
2256.000 2.716
2257.000 2.491
2258.000 2.382
2259.000 2.188
2260.000 2.016
2261.000 1.862
2262.000 1.718
2263.000 1.603
2264.000 1.492
2265.000 1.398
2266.000 1.310
2267.000 1.233
2268.000 1.163
2269.000 1.097
2270.000 1.049
2271.000 1.022
2272.000 0.968
2273.000 0.919
2274.000 0.891
2275.000 0.853
2276.000 0.814
2277.000 0.782
2278.000 0.749
2279.000 0.717
2280.000 0.692
2281.000 0.674
2282.000 0.648
2283.000 0.632
2284.000 0.611
2285.000 0.593
2286.000 0.575
2287.000 0.556
2288.000 0.544
2289.000 0.526
2290.000 0.512
2291.000 0.493
2292.000 0.473
2293.000 0.453
2294.000 0.443
2295.000 0.429
2296.000 0.419
2297.000 0.401
2298.000 0.386
2299.000 0.371
2300.000 0.361
2301.000 0.350
2302.000 0.339
2303.000 0.327
2304.000 0.323
2305.000 0.315
2306.000 0.308
2307.000 0.306
2308.000 0.297
2309.000 0.288
2310.000 0.282
2311.000 0.279
2312.000 0.275
2313.000 0.267
2314.000 0.266
2315.000 0.260
2316.000 0.253
2317.000 0.247
2318.000 0.244
2319.000 0.240
2320.000 0.238
2321.000 0.234
2322.000 0.230
2323.000 0.226
2324.000 0.223
2325.000 0.220
2326.000 0.217
2327.000 0.214
2328.000 0.215
2329.000 0.209
2330.000 0.207
2331.000 0.204
2332.000 0.202
2333.000 0.199
2334.000 0.198
2335.000 0.195
2336.000 0.194
2337.000 0.192
2338.000 0.189
2339.000 0.188
2340.000 0.186
2341.000 0.184
2342.000 0.184
2343.000 0.183
2344.000 0.181
2345.000 0.179
2346.000 0.178
2347.000 0.175
2348.000 0.174
2349.000 0.172
2350.000 0.172
2351.000 0.170
2352.000 0.169
2353.000 0.167
2354.000 0.167
2355.000 0.165
2356.000 0.165
2357.000 0.164
2358.000 0.162
2359.000 0.161
2360.000 0.161
2361.000 0.159
2362.000 0.158
2363.000 0.158
2364.000 0.157
2365.000 0.155
2366.000 0.155
2367.000 0.154
2368.000 0.153
2369.000 0.152
2370.000 0.153
2371.000 0.152
2372.000 0.151
2373.000 0.150
2374.000 0.149
2375.000 0.150
2376.000 0.150
2377.000 0.147
2378.000 0.148
2379.000 0.146
2380.000 0.145
2381.000 0.145
2382.000 0.145
2383.000 0.144
2384.000 0.143
2385.000 0.143
2386.000 0.142
2387.000 0.143
2388.000 0.141
2389.000 0.142
2390.000 0.141
2391.000 0.142
2392.000 0.140
2393.000 0.139
2394.000 0.138
2395.000 0.138
2396.000 0.138
2397.000 0.138
2398.000 0.138
2399.000 0.138
2400.000 0.137
2401.000 0.136
2402.000 0.136
2403.000 0.137
2404.000 0.137
2405.000 0.135
2406.000 0.135
2407.000 0.136
2408.000 0.136
2409.000 0.135
2410.000 0.135
2411.000 0.134
2412.000 0.133
2413.000 0.133
2414.000 0.135
2415.000 0.135
2416.000 0.134
2417.000 0.133
2418.000 0.133
2419.000 0.134
2420.000 0.133
2421.000 0.133
2422.000 0.133
2423.000 0.133
2424.000 0.132
2425.000 0.131
2426.000 0.132
2427.000 0.131
2428.000 0.132
2429.000 0.133
2430.000 0.133
2431.000 0.134
2432.000 0.134
2433.000 0.132
2434.000 0.133
2435.000 0.133
2436.000 0.132
2437.000 0.133
2438.000 0.134
2439.000 0.134
2440.000 0.133
2441.000 0.132
2442.000 0.133
2443.000 0.133
2444.000 0.134
2445.000 0.133
2446.000 0.132
2447.000 0.133
2448.000 0.133
2449.000 0.133
2450.000 0.132
2451.000 0.134
2452.000 0.134
2453.000 0.134
2454.000 0.134
2455.000 0.137
2456.000 0.135
2457.000 0.135
2458.000 0.135
2459.000 0.135
2460.000 0.138
2461.000 0.137
2462.000 0.137
2463.000 0.136
2464.000 0.137
2465.000 0.140
2466.000 0.136
2467.000 0.138
2468.000 0.138
2469.000 0.136
2470.000 0.138
2471.000 0.139
2472.000 0.141
2473.000 0.140
2474.000 0.142
2475.000 0.143
2476.000 0.141
2477.000 0.141
2478.000 0.141
2479.000 0.143
2480.000 0.142
2481.000 0.144
2482.000 0.145
2483.000 0.149
2484.000 0.148
2485.000 0.145
2486.000 0.145
2487.000 0.147
2488.000 0.148
2489.000 0.146
2490.000 0.148
2491.000 0.147
2492.000 0.147
2493.000 0.150
2494.000 0.150
2495.000 0.151
2496.000 0.150
2497.000 0.150
2498.000 0.150
2499.000 0.150
2500.000 0.150
2501.000 0.152
2502.000 0.151
2503.000 0.151
2504.000 0.151
2505.000 0.151
2506.000 0.148
2507.000 0.152
2508.000 0.148
2509.000 0.152
2510.000 0.151
2511.000 0.149
2512.000 0.151
2513.000 0.151
2514.000 0.153
2515.000 0.151
2516.000 0.154
2517.000 0.151
2518.000 0.153
2519.000 0.152
2520.000 0.150
2521.000 0.152
2522.000 0.152
2523.000 0.150
2524.000 0.153
2525.000 0.151
2526.000 0.150
2527.000 0.150
2528.000 0.149
2529.000 0.151
2530.000 0.151
2531.000 0.151
2532.000 0.150
2533.000 0.153
2534.000 0.152
2535.000 0.151
2536.000 0.153
2537.000 0.153
2538.000 0.152
2539.000 0.151
2540.000 0.151
2541.000 0.152
2542.000 0.150
2543.000 0.151
2544.000 0.151
2545.000 0.151
2546.000 0.152
2547.000 0.152
2548.000 0.152
2549.000 0.151
2550.000 0.153
2551.000 0.152
2552.000 0.153
2553.000 0.152
2554.000 0.151
2555.000 0.152
2556.000 0.152
2557.000 0.153
2558.000 0.152
2559.000 0.152
2560.000 0.152
2561.000 0.152
2562.000 0.153
2563.000 0.154
2564.000 0.161
2565.000 0.158
2566.000 0.156
2567.000 0.155
2568.000 0.155
2569.000 0.153
2570.000 0.153
2571.000 0.155
2572.000 0.154
2573.000 0.153
2574.000 0.155
2575.000 0.157
2576.000 0.154
2577.000 0.155
2578.000 0.155
2579.000 0.155
2580.000 0.156
2581.000 0.154
2582.000 0.156
2583.000 0.155
2584.000 0.156
2585.000 0.156
2586.000 0.156
2587.000 0.157
2588.000 0.156
2589.000 0.157
2590.000 0.157
2591.000 0.162
2592.000 0.161
2593.000 0.160
2594.000 0.160
2595.000 0.159
2596.000 0.158
2597.000 0.164
2598.000 0.162
2599.000 0.161
2600.000 0.161
