1801.000 0.005
1802.000 1.423
1803.000 1.441
1804.000 1.419
1805.000 1.353
1806.000 1.303
1807.000 1.288
1808.000 1.349
1809.000 1.314
1810.000 1.303
1811.000 1.311
1812.000 1.321
1813.000 1.326
1814.000 1.330
1815.000 1.341
1816.000 1.346
1817.000 1.350
1818.000 1.357
1819.000 1.358
1820.000 1.361
1821.000 1.359
1822.000 1.364
1823.000 1.354
1824.000 1.357
1825.000 1.352
1826.000 1.348
1827.000 1.338
1828.000 1.332
1829.000 1.333
1830.000 1.322
1831.000 1.317
1832.000 1.311
1833.000 1.312
1834.000 1.308
1835.000 1.293
1836.000 1.279
1837.000 1.266
1838.000 1.247
1839.000 1.226
1840.000 1.214
1841.000 1.192
1842.000 1.172
1843.000 1.156
1844.000 1.151
1845.000 1.140
1846.000 1.138
1847.000 1.137
1848.000 1.133
1849.000 1.127
1850.000 1.127
1851.000 1.115
1852.000 1.105
1853.000 1.090
1854.000 1.064
1855.000 1.052
1856.000 1.019
1857.000 0.983
1858.000 0.943
1859.000 0.901
1860.000 0.857
1861.000 0.818
1862.000 0.782
1863.000 0.749
1864.000 0.717
1865.000 0.705
1866.000 0.700
1867.000 0.701
1868.000 0.702
1869.000 0.705
1870.000 0.704
1871.000 0.706
1872.000 0.707
1873.000 0.707
1874.000 0.714
1875.000 0.714
1876.000 0.715
1877.000 0.717
1878.000 0.718
1879.000 0.720
1880.000 0.721
1881.000 0.724
1882.000 0.726
1883.000 0.725
1884.000 0.727
1885.000 0.729
1886.000 0.733
1887.000 0.733
1888.000 0.734
1889.000 0.735
1890.000 0.736
1891.000 0.742
1892.000 0.741
1893.000 0.742
1894.000 0.741
1895.000 0.745
1896.000 0.746
1897.000 0.753
1898.000 0.755
1899.000 0.756
1900.000 0.755
1901.000 0.757
1902.000 0.758
1903.000 0.758
1904.000 0.765
1905.000 0.767
1906.000 0.769
1907.000 0.772
1908.000 0.772
1909.000 0.772
1910.000 0.774
1911.000 0.780
1912.000 0.781
1913.000 0.778
1914.000 0.784
1915.000 0.787
1916.000 0.785
1917.000 0.787
1918.000 0.791
1919.000 0.794
1920.000 0.796
1921.000 0.796
1922.000 0.798
1923.000 0.798
1924.000 0.801
1925.000 0.802
1926.000 0.805
1927.000 0.804
1928.000 0.806
1929.000 0.810
1930.000 0.811
1931.000 0.813
1932.000 0.815
1933.000 0.821
1934.000 0.821
1935.000 0.822
1936.000 0.821
1937.000 0.823
1938.000 0.827
1939.000 0.830
1940.000 0.831
1941.000 0.838
1942.000 0.836
1943.000 0.839
1944.000 0.837
1945.000 0.846
1946.000 0.844
1947.000 0.852
1948.000 0.849
1949.000 0.855
1950.000 0.861
1951.000 0.857
1952.000 0.859
1953.000 0.868
1954.000 0.869
1955.000 0.873
1956.000 0.877
1957.000 0.874
1958.000 0.875
1959.000 0.878
1960.000 0.881
1961.000 0.876
1962.000 0.888
1963.000 0.886
1964.000 0.892
1965.000 0.893
1966.000 0.894
1967.000 0.896
1968.000 0.897
1969.000 0.902
1970.000 0.907
1971.000 0.910
1972.000 0.911
1973.000 0.917
1974.000 0.925
1975.000 0.926
1976.000 0.927
1977.000 0.940
1978.000 0.934
1979.000 0.940
1980.000 0.939
1981.000 0.954
1982.000 0.954
1983.000 0.952
1984.000 0.957
1985.000 0.960
1986.000 0.968
1987.000 0.972
1988.000 0.975
1989.000 0.988
1990.000 0.983
1991.000 0.990
1992.000 1.005
1993.000 1.001
1994.000 1.015
1995.000 1.017
1996.000 1.033
1997.000 1.031
1998.000 1.037
1999.000 1.048
2000.000 1.058
2001.000 1.067
2002.000 1.074
2003.000 1.081
2004.000 1.086
2005.000 1.088
2006.000 1.097
2007.000 1.114
2008.000 1.120
2009.000 1.124
2010.000 1.141
2011.000 1.142
2012.000 1.154
2013.000 1.174
2014.000 1.169
2015.000 1.187
2016.000 1.199
2017.000 1.207
2018.000 1.220
2019.000 1.233
2020.000 1.247
2021.000 1.257
2022.000 1.266
2023.000 1.281
2024.000 1.300
2025.000 1.306
2026.000 1.320
2027.000 1.338
2028.000 1.349
2029.000 1.376
2030.000 1.391
2031.000 1.405
2032.000 1.426
2033.000 1.452
2034.000 1.471
2035.000 1.496
2036.000 1.519
2037.000 1.546
2038.000 1.575
2039.000 1.589
2040.000 1.611
2041.000 1.646
2042.000 1.673
2043.000 1.711
2044.000 1.738
2045.000 1.781
2046.000 1.819
2047.000 1.859
2048.000 1.899
2049.000 1.946
2050.000 1.992
2051.000 2.025
2052.000 2.078
2053.000 2.137
2054.000 2.196
2055.000 2.261
2056.000 2.332
2057.000 2.404
2058.000 2.487
2059.000 2.573
2060.000 2.662
2061.000 2.770
2062.000 2.826
2063.000 2.937
2064.000 3.062
2065.000 3.199
2066.000 3.347
2067.000 3.514
2068.000 3.691
2069.000 3.889
2070.000 4.116
2071.000 4.354
2072.000 4.606
2073.000 4.876
2074.000 5.159
2075.000 5.313
2076.000 5.618
2077.000 5.916
2078.000 6.187
2079.000 6.403
2080.000 6.570
2081.000 6.636
2082.000 6.586
2083.000 6.434
2084.000 6.155
2085.000 5.808
2086.000 5.417
2087.000 5.227
2088.000 4.840
2089.000 4.473
2090.000 4.145
2091.000 3.844
2092.000 3.561
2093.000 3.316
2094.000 3.095
2095.000 2.897
2096.000 2.720
2097.000 2.558
2098.000 2.417
2099.000 2.282
2100.000 2.220
2101.000 2.094
2102.000 1.989
2103.000 1.886
2104.000 1.794
2105.000 1.707
2106.000 1.630
2107.000 1.556
2108.000 1.487
2109.000 1.425
2110.000 1.365
2111.000 1.335
2112.000 1.283
2113.000 1.233
2114.000 1.184
2115.000 1.136
2116.000 1.098
2117.000 1.056
2118.000 1.018
2119.000 0.973
2120.000 0.916
2121.000 0.863
2122.000 0.817
2123.000 0.772
2124.000 0.752
2125.000 0.715
2126.000 0.681
2127.000 0.649
2128.000 0.622
2129.000 0.597
2130.000 0.567
2131.000 0.543
2132.000 0.524
2133.000 0.503
2134.000 0.486
2135.000 0.467
2136.000 0.462
2137.000 0.445
2138.000 0.429
2139.000 0.415
2140.000 0.401
2141.000 0.388
2142.000 0.375
2143.000 0.362
2144.000 0.350
2145.000 0.340
2146.000 0.329
2147.000 0.318
2148.000 0.308
2149.000 0.303
2150.000 0.294
2151.000 0.284
2152.000 0.276
2153.000 0.267
2154.000 0.259
2155.000 0.251
2156.000 0.244
2157.000 0.236
2158.000 0.229
2159.000 0.223
2160.000 0.219
2161.000 0.213
2162.000 0.205
2163.000 0.199
2164.000 0.193
2165.000 0.188
2166.000 0.184
2167.000 0.179
2168.000 0.172
2169.000 0.167
2170.000 0.161
2171.000 0.155
2172.000 0.153
2173.000 0.149
2174.000 0.144
2175.000 0.138
2176.000 0.134
2177.000 0.129
2178.000 0.124
2179.000 0.119
2180.000 0.114
2181.000 0.110
2182.000 0.105
2183.000 0.103
2184.000 0.097
2185.000 0.095
2186.000 0.091
2187.000 0.088
2188.000 0.083
2189.000 0.080
2190.000 0.076
2191.000 0.071
2192.000 0.069
2193.000 0.063
2194.000 0.061
2195.000 0.058
2196.000 0.054
2197.000 0.051
2198.000 0.049
2199.000 0.046
2200.000 0.042
2201.000 0.040
2202.000 0.037
2203.000 0.036
2204.000 0.034
2205.000 0.033
2206.000 0.033
2207.000 0.035
2208.000 0.033
2209.000 0.036
2210.000 0.037
2211.000 0.040
2212.000 0.043
2213.000 0.047
2214.000 0.051
2215.000 0.056
2216.000 0.061
2217.000 0.067
2218.000 0.074
2219.000 0.080
2220.000 0.088
2221.000 0.090
2222.000 0.098
2223.000 0.106
2224.000 0.114
2225.000 0.124
2226.000 0.135
2227.000 0.144
2228.000 0.157
2229.000 0.170
2230.000 0.183
2231.000 0.197
2232.000 0.215
2233.000 0.224
2234.000 0.245
2235.000 0.271
2236.000 0.299
2237.000 0.337
2238.000 0.382
2239.000 0.440
2240.000 0.510
2241.000 0.604
2242.000 0.727
2243.000 0.855
2244.000 0.967
2245.000 1.092
2246.000 1.152
2247.000 1.280
2248.000 1.400
2249.000 1.495
2250.000 1.537
2251.000 1.512
2252.000 1.427
2253.000 1.300
2254.000 1.168
2255.000 1.045
2256.000 0.933
2257.000 0.882
2258.000 0.808
2259.000 0.752
2260.000 0.696
2261.000 0.651
2262.000 0.610
2263.000 0.570
2264.000 0.536
2265.000 0.506
2266.000 0.479
2267.000 0.449
2268.000 0.426
2269.000 0.403
2270.000 0.393
2271.000 0.367
2272.000 0.346
2273.000 0.327
2274.000 0.304
2275.000 0.287
2276.000 0.274
2277.000 0.260
2278.000 0.251
2279.000 0.238
2280.000 0.229
2281.000 0.219
2282.000 0.215
2283.000 0.206
2284.000 0.199
2285.000 0.193
2286.000 0.186
2287.000 0.180
2288.000 0.175
2289.000 0.171
2290.000 0.165
2291.000 0.160
2292.000 0.156
2293.000 0.152
2294.000 0.149
2295.000 0.145
2296.000 0.141
2297.000 0.139
2298.000 0.135
2299.000 0.133
2300.000 0.131
2301.000 0.127
2302.000 0.123
2303.000 0.121
2304.000 0.119
2305.000 0.117
2306.000 0.115
2307.000 0.112
2308.000 0.111
2309.000 0.109
2310.000 0.106
2311.000 0.103
2312.000 0.102
2313.000 0.100
2314.000 0.099
2315.000 0.097
2316.000 0.094
2317.000 0.092
2318.000 0.091
2319.000 0.091
2320.000 0.088
2321.000 0.087
2322.000 0.086
2323.000 0.084
2324.000 0.082
2325.000 0.080
2326.000 0.079
2327.000 0.078
2328.000 0.077
2329.000 0.076
2330.000 0.074
2331.000 0.072
2332.000 0.073
2333.000 0.070
2334.000 0.069
2335.000 0.068
2336.000 0.068
2337.000 0.066
2338.000 0.065
2339.000 0.064
2340.000 0.063
2341.000 0.062
2342.000 0.061
2343.000 0.060
2344.000 0.060
2345.000 0.059
2346.000 0.057
2347.000 0.056
2348.000 0.057
2349.000 0.055
2350.000 0.055
2351.000 0.054
2352.000 0.053
2353.000 0.052
2354.000 0.052
2355.000 0.051
2356.000 0.051
2357.000 0.050
2358.000 0.050
2359.000 0.049
2360.000 0.047
2361.000 0.048
2362.000 0.046
2363.000 0.046
2364.000 0.045
2365.000 0.045
2366.000 0.044
2367.000 0.044
2368.000 0.044
2369.000 0.043
2370.000 0.043
2371.000 0.043
2372.000 0.042
2373.000 0.041
2374.000 0.040
2375.000 0.039
2376.000 0.039
2377.000 0.039
2378.000 0.039
2379.000 0.040
2380.000 0.038
2381.000 0.038
2382.000 0.038
2383.000 0.037
2384.000 0.036
2385.000 0.036
2386.000 0.037
2387.000 0.035
2388.000 0.034
2389.000 0.034
2390.000 0.033
2391.000 0.034
2392.000 0.035
2393.000 0.033
2394.000 0.032
2395.000 0.033
2396.000 0.033
2397.000 0.033
2398.000 0.031
2399.000 0.032
2400.000 0.030
2401.000 0.031
2402.000 0.031
2403.000 0.031
2404.000 0.031
2405.000 0.030
2406.000 0.030
2407.000 0.031
2408.000 0.031
2409.000 0.031
2410.000 0.031
2411.000 0.030
2412.000 0.029
2413.000 0.030
2414.000 0.028
2415.000 0.030
2416.000 0.029
2417.000 0.028
2418.000 0.029
2419.000 0.029
2420.000 0.027
2421.000 0.027
2422.000 0.027
2423.000 0.028
2424.000 0.027
2425.000 0.027
2426.000 0.027
2427.000 0.028
2428.000 0.026
2429.000 0.027
2430.000 0.028
2431.000 0.027
2432.000 0.027
2433.000 0.027
2434.000 0.028
2435.000 0.026
2436.000 0.028
2437.000 0.026
2438.000 0.026
2439.000 0.026
2440.000 0.028
2441.000 0.027
2442.000 0.026
2443.000 0.027
2444.000 0.026
2445.000 0.027
2446.000 0.027
2447.000 0.026
2448.000 0.026
2449.000 0.026
2450.000 0.026
2451.000 0.026
2452.000 0.027
2453.000 0.026
2454.000 0.027
2455.000 0.026
2456.000 0.026
2457.000 0.026
2458.000 0.026
2459.000 0.026
2460.000 0.026
2461.000 0.025
2462.000 0.027
2463.000 0.026
2464.000 0.027
2465.000 0.026
2466.000 0.027
2467.000 0.027
2468.000 0.026
2469.000 0.028
2470.000 0.027
2471.000 0.027
2472.000 0.028
2473.000 0.027
2474.000 0.027
2475.000 0.027
2476.000 0.026
2477.000 0.026
2478.000 0.026
2479.000 0.028
2480.000 0.027
2481.000 0.027
2482.000 0.027
2483.000 0.027
2484.000 0.027
2485.000 0.028
2486.000 0.028
2487.000 0.028
2488.000 0.027
2489.000 0.028
2490.000 0.028
2491.000 0.028
2492.000 0.027
2493.000 0.027
2494.000 0.027
2495.000 0.027
2496.000 0.027
2497.000 0.027
2498.000 0.027
2499.000 0.027
2500.000 0.028
2501.000 0.027
2502.000 0.028
2503.000 0.028
2504.000 0.028
2505.000 0.028
2506.000 0.028
2507.000 0.029
2508.000 0.029
2509.000 0.029
2510.000 0.030
2511.000 0.029
2512.000 0.028
2513.000 0.029
2514.000 0.029
2515.000 0.029
2516.000 0.029
2517.000 0.030
2518.000 0.028
2519.000 0.029
2520.000 0.029
2521.000 0.032
2522.000 0.031
2523.000 0.032
2524.000 0.030
2525.000 0.031
2526.000 0.029
2527.000 0.029
2528.000 0.030
2529.000 0.031
2530.000 0.030
2531.000 0.031
2532.000 0.033
2533.000 0.033
2534.000 0.031
2535.000 0.030
2536.000 0.031
2537.000 0.030
2538.000 0.031
2539.000 0.034
2540.000 0.033
2541.000 0.033
2542.000 0.033
2543.000 0.031
2544.000 0.034
2545.000 0.032
2546.000 0.032
2547.000 0.033
2548.000 0.032
2549.000 0.032
2550.000 0.032
2551.000 0.032
2552.000 0.032
2553.000 0.034
2554.000 0.033
2555.000 0.033
2556.000 0.033
2557.000 0.032
2558.000 0.033
2559.000 0.032
2560.000 0.033
2561.000 0.033
2562.000 0.033
2563.000 0.033
2564.000 0.034
2565.000 0.034
2566.000 0.034
2567.000 0.035
2568.000 0.034
2569.000 0.034
2570.000 0.036
2571.000 0.037
2572.000 0.037
2573.000 0.035
2574.000 0.037
2575.000 0.035
2576.000 0.036
2577.000 0.037
2578.000 0.037
2579.000 0.037
2580.000 0.036
2581.000 0.036
2582.000 0.034
2583.000 0.037
2584.000 0.035
2585.000 0.035
2586.000 0.034
2587.000 0.034
2588.000 0.037
2589.000 0.036
2590.000 0.035
2591.000 0.036
2592.000 0.036
2593.000 0.038
2594.000 0.036
2595.000 0.037
2596.000 0.036
2597.000 0.036
2598.000 0.036
2599.000 0.035
2600.000 0.037
