1801.000 0.001
1802.000 0.969
1803.000 1.451
1804.000 1.461
1805.000 1.470
1806.000 1.475
1807.000 1.436
1808.000 1.475
1809.000 1.456
1810.000 1.448
1811.000 1.456
1812.000 1.453
1813.000 1.460
1814.000 1.468
1815.000 1.473
1816.000 1.479
1817.000 1.479
1818.000 1.492
1819.000 1.490
1820.000 1.498
1821.000 1.493
1822.000 1.497
1823.000 1.495
1824.000 1.493
1825.000 1.492
1826.000 1.486
1827.000 1.472
1828.000 1.450
1829.000 1.425
1830.000 1.394
1831.000 1.367
1832.000 1.333
1833.000 1.352
1834.000 1.313
1835.000 1.292
1836.000 1.270
1837.000 1.251
1838.000 1.225
1839.000 1.208
1840.000 1.198
1841.000 1.195
1842.000 1.200
1843.000 1.197
1844.000 1.203
1845.000 1.208
1846.000 1.208
1847.000 1.211
1848.000 1.211
1849.000 1.212
1850.000 1.214
1851.000 1.216
1852.000 1.213
1853.000 1.210
1854.000 1.203
1855.000 1.195
1856.000 1.186
1857.000 1.168
1858.000 1.152
1859.000 1.122
1860.000 1.093
1861.000 1.052
1862.000 1.035
1863.000 0.992
1864.000 0.944
1865.000 0.901
1866.000 0.857
1867.000 0.816
1868.000 0.785
1869.000 0.760
1870.000 0.741
1871.000 0.743
1872.000 0.746
1873.000 0.747
1874.000 0.749
1875.000 0.749
1876.000 0.751
1877.000 0.752
1878.000 0.756
1879.000 0.756
1880.000 0.757
1881.000 0.761
1882.000 0.762
1883.000 0.777
1884.000 0.771
1885.000 0.770
1886.000 0.771
1887.000 0.770
1888.000 0.772
1889.000 0.775
1890.000 0.777
1891.000 0.776
1892.000 0.778
1893.000 0.779
1894.000 0.781
1895.000 0.783
1896.000 0.782
1897.000 0.789
1898.000 0.787
1899.000 0.788
1900.000 0.788
1901.000 0.791
1902.000 0.794
1903.000 0.794
1904.000 0.793
1905.000 0.795
1906.000 0.799
1907.000 0.798
1908.000 0.801
1909.000 0.801
1910.000 0.805
1911.000 0.807
1912.000 0.805
1913.000 0.808
1914.000 0.809
1915.000 0.809
1916.000 0.810
1917.000 0.814
1918.000 0.813
1919.000 0.816
1920.000 0.817
1921.000 0.819
1922.000 0.818
1923.000 0.820
1924.000 0.824
1925.000 0.825
1926.000 0.825
1927.000 0.828
1928.000 0.829
1929.000 0.828
1930.000 0.835
1931.000 0.833
1932.000 0.836
1933.000 0.837
1934.000 0.836
1935.000 0.838
1936.000 0.843
1937.000 0.844
1938.000 0.848
1939.000 0.849
1940.000 0.849
1941.000 0.851
1942.000 0.852
1943.000 0.861
1944.000 0.857
1945.000 0.867
1946.000 0.864
1947.000 0.864
1948.000 0.869
1949.000 0.873
1950.000 0.874
1951.000 0.872
1952.000 0.875
1953.000 0.882
1954.000 0.882
1955.000 0.883
1956.000 0.887
1957.000 0.885
1958.000 0.893
1959.000 0.891
1960.000 0.899
1961.000 0.902
1962.000 0.899
1963.000 0.905
1964.000 0.906
1965.000 0.906
1966.000 0.916
1967.000 0.918
1968.000 0.920
1969.000 0.924
1970.000 0.928
1971.000 0.930
1972.000 0.934
1973.000 0.941
1974.000 0.942
1975.000 0.940
1976.000 0.949
1977.000 0.950
1978.000 0.954
1979.000 0.956
1980.000 0.965
1981.000 0.963
1982.000 0.968
1983.000 0.975
1984.000 0.973
1985.000 0.978
1986.000 0.983
1987.000 0.985
1988.000 0.994
1989.000 1.001
1990.000 1.009
1991.000 1.005
1992.000 1.020
1993.000 1.028
1994.000 1.030
1995.000 1.031
1996.000 1.046
1997.000 1.048
1998.000 1.051
1999.000 1.062
2000.000 1.072
2001.000 1.083
2002.000 1.090
2003.000 1.097
2004.000 1.102
2005.000 1.105
2006.000 1.121
2007.000 1.128
2008.000 1.133
2009.000 1.136
2010.000 1.155
2011.000 1.152
2012.000 1.168
2013.000 1.178
2014.000 1.181
2015.000 1.201
2016.000 1.208
2017.000 1.221
2018.000 1.231
2019.000 1.237
2020.000 1.252
2021.000 1.268
2022.000 1.280
2023.000 1.286
2024.000 1.308
2025.000 1.319
2026.000 1.335
2027.000 1.349
2028.000 1.373
2029.000 1.379
2030.000 1.402
2031.000 1.416
2032.000 1.434
2033.000 1.456
2034.000 1.476
2035.000 1.498
2036.000 1.519
2037.000 1.546
2038.000 1.569
2039.000 1.600
2040.000 1.627
2041.000 1.653
2042.000 1.688
2043.000 1.717
2044.000 1.737
2045.000 1.767
2046.000 1.806
2047.000 1.850
2048.000 1.888
2049.000 1.937
2050.000 1.983
2051.000 2.034
2052.000 2.084
2053.000 2.137
2054.000 2.198
2055.000 2.263
2056.000 2.294
2057.000 2.372
2058.000 2.442
2059.000 2.531
2060.000 2.624
2061.000 2.724
2062.000 2.828
2063.000 2.952
2064.000 3.080
2065.000 3.212
2066.000 3.369
2067.000 3.535
2068.000 3.622
2069.000 3.806
2070.000 4.009
2071.000 4.237
2072.000 4.485
2073.000 4.746
2074.000 5.030
2075.000 5.330
2076.000 5.649
2077.000 5.925
2078.000 6.174
2079.000 6.367
2080.000 6.442
2081.000 6.529
2082.000 6.508
2083.000 6.375
2084.000 6.115
2085.000 5.787
2086.000 5.401
2087.000 5.030
2088.000 4.638
2089.000 4.285
2090.000 3.964
2091.000 3.671
2092.000 3.401
2093.000 3.278
2094.000 3.061
2095.000 2.856
2096.000 2.676
2097.000 2.512
2098.000 2.366
2099.000 2.228
2100.000 2.104
2101.000 1.988
2102.000 1.875
2103.000 1.783
2104.000 1.695
2105.000 1.652
2106.000 1.577
2107.000 1.501
2108.000 1.432
2109.000 1.370
2110.000 1.306
2111.000 1.253
2112.000 1.201
2113.000 1.145
2114.000 1.101
2115.000 1.061
2116.000 1.038
2117.000 0.987
2118.000 0.926
2119.000 0.869
2120.000 0.821
2121.000 0.775
2122.000 0.731
2123.000 0.693
2124.000 0.657
2125.000 0.625
2126.000 0.596
2127.000 0.566
2128.000 0.542
2129.000 0.531
2130.000 0.507
2131.000 0.488
2132.000 0.470
2133.000 0.450
2134.000 0.431
2135.000 0.415
2136.000 0.398
2137.000 0.382
2138.000 0.371
2139.000 0.356
2140.000 0.344
2141.000 0.337
2142.000 0.324
2143.000 0.312
2144.000 0.300
2145.000 0.290
2146.000 0.279
2147.000 0.268
2148.000 0.258
2149.000 0.249
2150.000 0.241
2151.000 0.232
2152.000 0.223
2153.000 0.217
2154.000 0.210
2155.000 0.203
2156.000 0.195
2157.000 0.190
2158.000 0.181
2159.000 0.177
2160.000 0.170
2161.000 0.163
2162.000 0.156
2163.000 0.149
2164.000 0.143
2165.000 0.140
2166.000 0.133
2167.000 0.127
2168.000 0.122
2169.000 0.116
2170.000 0.111
2171.000 0.107
2172.000 0.101
2173.000 0.096
2174.000 0.090
2175.000 0.086
2176.000 0.081
2177.000 0.080
2178.000 0.074
2179.000 0.071
2180.000 0.066
2181.000 0.061
2182.000 0.057
2183.000 0.053
2184.000 0.049
2185.000 0.044
2186.000 0.043
2187.000 0.040
2188.000 0.038
2189.000 0.035
2190.000 0.035
2191.000 0.033
2192.000 0.032
2193.000 0.033
2194.000 0.036
2195.000 0.037
2196.000 0.040
2197.000 0.042
2198.000 0.046
2199.000 0.050
2200.000 0.055
2201.000 0.060
2202.000 0.061
2203.000 0.066
2204.000 0.071
2205.000 0.078
2206.000 0.084
2207.000 0.088
2208.000 0.096
2209.000 0.102
2210.000 0.110
2211.000 0.116
2212.000 0.124
2213.000 0.130
2214.000 0.137
2215.000 0.145
2216.000 0.156
2217.000 0.165
2218.000 0.174
2219.000 0.183
2220.000 0.196
2221.000 0.208
2222.000 0.221
2223.000 0.236
2224.000 0.251
2225.000 0.269
2226.000 0.278
2227.000 0.301
2228.000 0.325
2229.000 0.353
2230.000 0.388
2231.000 0.428
2232.000 0.478
2233.000 0.526
2234.000 0.568
2235.000 0.615
2236.000 0.660
2237.000 0.710
2238.000 0.740
2239.000 0.798
2240.000 0.874
2241.000 0.962
2242.000 1.059
2243.000 1.165
2244.000 1.295
2245.000 1.434
2246.000 1.582
2247.000 1.744
2248.000 1.887
2249.000 2.006
2250.000 2.036
2251.000 2.024
2252.000 1.945
2253.000 1.820
2254.000 1.689
2255.000 1.574
2256.000 1.460
2257.000 1.343
2258.000 1.239
2259.000 1.145
2260.000 1.060
2261.000 0.980
2262.000 0.941
2263.000 0.878
2264.000 0.823
2265.000 0.774
2266.000 0.732
2267.000 0.690
2268.000 0.652
2269.000 0.623
2270.000 0.593
2271.000 0.568
2272.000 0.545
2273.000 0.520
2274.000 0.500
2275.000 0.491
2276.000 0.470
2277.000 0.452
2278.000 0.433
2279.000 0.415
2280.000 0.398
2281.000 0.382
2282.000 0.371
2283.000 0.358
2284.000 0.345
2285.000 0.327
2286.000 0.316
2287.000 0.308
2288.000 0.297
2289.000 0.284
2290.000 0.275
2291.000 0.261
2292.000 0.251
2293.000 0.244
2294.000 0.237
2295.000 0.229
2296.000 0.220
2297.000 0.216
2298.000 0.208
2299.000 0.202
2300.000 0.199
2301.000 0.194
2302.000 0.188
2303.000 0.183
2304.000 0.181
2305.000 0.175
2306.000 0.170
2307.000 0.165
2308.000 0.161
2309.000 0.158
2310.000 0.154
2311.000 0.151
2312.000 0.149
2313.000 0.144
2314.000 0.143
2315.000 0.139
2316.000 0.135
2317.000 0.131
2318.000 0.130
2319.000 0.126
2320.000 0.124
2321.000 0.121
2322.000 0.120
2323.000 0.119
2324.000 0.115
2325.000 0.115
2326.000 0.111
2327.000 0.109
2328.000 0.106
2329.000 0.105
2330.000 0.103
2331.000 0.100
2332.000 0.099
2333.000 0.097
2334.000 0.096
2335.000 0.093
2336.000 0.092
2337.000 0.091
2338.000 0.089
2339.000 0.088
2340.000 0.087
2341.000 0.086
2342.000 0.083
2343.000 0.082
2344.000 0.082
2345.000 0.079
2346.000 0.078
2347.000 0.076
2348.000 0.074
2349.000 0.075
2350.000 0.074
2351.000 0.072
2352.000 0.071
2353.000 0.069
2354.000 0.068
2355.000 0.068
2356.000 0.067
2357.000 0.065
2358.000 0.064
2359.000 0.063
2360.000 0.063
2361.000 0.063
2362.000 0.061
2363.000 0.060
2364.000 0.058
2365.000 0.058
2366.000 0.057
2367.000 0.056
2368.000 0.055
2369.000 0.054
2370.000 0.054
2371.000 0.053
2372.000 0.052
2373.000 0.051
2374.000 0.050
2375.000 0.049
2376.000 0.049
2377.000 0.048
2378.000 0.047
2379.000 0.047
2380.000 0.045
2381.000 0.044
2382.000 0.045
2383.000 0.044
2384.000 0.044
2385.000 0.042
2386.000 0.041
2387.000 0.040
2388.000 0.039
2389.000 0.039
2390.000 0.039
2391.000 0.039
2392.000 0.038
2393.000 0.037
2394.000 0.037
2395.000 0.036
2396.000 0.035
2397.000 0.036
2398.000 0.034
2399.000 0.033
2400.000 0.032
2401.000 0.032
2402.000 0.031
2403.000 0.031
2404.000 0.031
2405.000 0.031
2406.000 0.030
2407.000 0.029
2408.000 0.029
2409.000 0.029
2410.000 0.028
2411.000 0.028
2412.000 0.028
2413.000 0.026
2414.000 0.027
2415.000 0.025
2416.000 0.026
2417.000 0.026
2418.000 0.025
2419.000 0.025
2420.000 0.025
2421.000 0.024
2422.000 0.024
2423.000 0.023
2424.000 0.023
2425.000 0.022
2426.000 0.022
2427.000 0.022
2428.000 0.022
2429.000 0.022
2430.000 0.022
2431.000 0.021
2432.000 0.021
2433.000 0.021
2434.000 0.020
2435.000 0.019
2436.000 0.020
2437.000 0.020
2438.000 0.020
2439.000 0.019
2440.000 0.018
2441.000 0.018
2442.000 0.018
2443.000 0.019
2444.000 0.017
2445.000 0.018
2446.000 0.018
2447.000 0.017
2448.000 0.018
2449.000 0.018
2450.000 0.017
2451.000 0.017
2452.000 0.017
2453.000 0.017
2454.000 0.017
2455.000 0.016
2456.000 0.016
2457.000 0.016
2458.000 0.015
2459.000 0.014
2460.000 0.014
2461.000 0.015
2462.000 0.014
2463.000 0.015
2464.000 0.015
2465.000 0.014
2466.000 0.015
2467.000 0.014
2468.000 0.015
2469.000 0.015
2470.000 0.015
2471.000 0.016
2472.000 0.014
2473.000 0.014
2474.000 0.015
2475.000 0.014
2476.000 0.013
2477.000 0.014
2478.000 0.014
2479.000 0.014
2480.000 0.015
2481.000 0.014
2482.000 0.014
2483.000 0.015
2484.000 0.015
2485.000 0.014
2486.000 0.016
2487.000 0.016
2488.000 0.015
2489.000 0.015
2490.000 0.016
2491.000 0.015
2492.000 0.015
2493.000 0.016
2494.000 0.015
2495.000 0.016
2496.000 0.015
2497.000 0.016
2498.000 0.017
2499.000 0.017
2500.000 0.016
2501.000 0.016
2502.000 0.016
2503.000 0.017
2504.000 0.017
2505.000 0.018
2506.000 0.017
2507.000 0.017
2508.000 0.017
2509.000 0.017
2510.000 0.016
2511.000 0.017
2512.000 0.018
2513.000 0.018
2514.000 0.017
2515.000 0.018
2516.000 0.018
2517.000 0.018
2518.000 0.018
2519.000 0.018
2520.000 0.019
2521.000 0.018
2522.000 0.018
2523.000 0.019
2524.000 0.018
2525.000 0.018
2526.000 0.019
2527.000 0.020
2528.000 0.020
2529.000 0.020
2530.000 0.019
2531.000 0.020
2532.000 0.020
2533.000 0.020
2534.000 0.020
2535.000 0.019
2536.000 0.021
2537.000 0.020
2538.000 0.020
2539.000 0.020
2540.000 0.020
2541.000 0.021
2542.000 0.020
2543.000 0.021
2544.000 0.022
2545.000 0.021
2546.000 0.022
2547.000 0.022
2548.000 0.022
2549.000 0.022
2550.000 0.022
2551.000 0.023
2552.000 0.024
2553.000 0.024
2554.000 0.024
2555.000 0.025
2556.000 0.024
2557.000 0.023
2558.000 0.024
2559.000 0.024
2560.000 0.024
2561.000 0.024
2562.000 0.026
2563.000 0.027
2564.000 0.025
2565.000 0.025
2566.000 0.026
2567.000 0.025
2568.000 0.026
2569.000 0.026
2570.000 0.026
2571.000 0.026
2572.000 0.026
2573.000 0.026
2574.000 0.027
2575.000 0.027
2576.000 0.026
2577.000 0.026
2578.000 0.027
2579.000 0.028
2580.000 0.028
2581.000 0.026
2582.000 0.027
2583.000 0.026
2584.000 0.027
2585.000 0.029
2586.000 0.029
2587.000 0.027
2588.000 0.028
2589.000 0.028
2590.000 0.031
2591.000 0.029
2592.000 0.030
2593.000 0.029
2594.000 0.031
2595.000 0.030
2596.000 0.030
2597.000 0.031
2598.000 0.031
2599.000 0.031
2600.000 0.031
