1801.000 0.005
1802.000 1.621
1803.000 1.624
1804.000 1.625
1805.000 1.623
1806.000 1.614
1807.000 1.610
1808.000 1.611
1809.000 1.652
1810.000 1.661
1811.000 1.659
1812.000 1.671
1813.000 1.674
1814.000 1.663
1815.000 1.666
1816.000 1.662
1817.000 1.664
1818.000 1.662
1819.000 1.666
1820.000 1.690
1821.000 1.682
1822.000 1.680
1823.000 1.674
1824.000 1.674
1825.000 1.661
1826.000 1.659
1827.000 1.651
1828.000 1.641
1829.000 1.623
1830.000 1.613
1831.000 1.595
1832.000 1.576
1833.000 1.548
1834.000 1.521
1835.000 1.496
1836.000 1.460
1837.000 1.433
1838.000 1.406
1839.000 1.386
1840.000 1.357
1841.000 1.346
1842.000 1.334
1843.000 1.320
1844.000 1.296
1845.000 1.292
1846.000 1.299
1847.000 1.299
1848.000 1.309
1849.000 1.303
1850.000 1.308
1851.000 1.303
1852.000 1.303
1853.000 1.299
1854.000 1.295
1855.000 1.308
1856.000 1.291
1857.000 1.278
1858.000 1.249
1859.000 1.211
1860.000 1.164
1861.000 1.118
1862.000 1.069
1863.000 1.023
1864.000 0.973
1865.000 0.928
1866.000 0.907
1867.000 0.867
1868.000 0.832
1869.000 0.807
1870.000 0.803
1871.000 0.805
1872.000 0.809
1873.000 0.811
1874.000 0.813
1875.000 0.812
1876.000 0.815
1877.000 0.814
1878.000 0.815
1879.000 0.820
1880.000 0.823
1881.000 0.823
1882.000 0.827
1883.000 0.828
1884.000 0.829
1885.000 0.828
1886.000 0.831
1887.000 0.831
1888.000 0.835
1889.000 0.842
1890.000 0.839
1891.000 0.841
1892.000 0.842
1893.000 0.845
1894.000 0.847
1895.000 0.848
1896.000 0.849
1897.000 0.849
1898.000 0.855
1899.000 0.854
1900.000 0.858
1901.000 0.857
1902.000 0.859
1903.000 0.859
1904.000 0.859
1905.000 0.862
1906.000 0.866
1907.000 0.864
1908.000 0.865
1909.000 0.870
1910.000 0.869
1911.000 0.872
1912.000 0.872
1913.000 0.873
1914.000 0.877
1915.000 0.875
1916.000 0.879
1917.000 0.883
1918.000 0.884
1919.000 0.889
1920.000 0.888
1921.000 0.890
1922.000 0.890
1923.000 0.889
1924.000 0.891
1925.000 0.894
1926.000 0.902
1927.000 0.897
1928.000 0.900
1929.000 0.899
1930.000 0.905
1931.000 0.904
1932.000 0.904
1933.000 0.904
1934.000 0.912
1935.000 0.929
1936.000 0.929
1937.000 0.928
1938.000 0.928
1939.000 0.925
1940.000 0.928
1941.000 0.927
1942.000 0.923
1943.000 0.924
1944.000 0.932
1945.000 0.932
1946.000 0.937
1947.000 0.933
1948.000 0.950
1949.000 0.949
1950.000 0.950
1951.000 0.953
1952.000 0.952
1953.000 0.953
1954.000 0.957
1955.000 0.963
1956.000 0.968
1957.000 0.975
1958.000 0.969
1959.000 0.969
1960.000 0.971
1961.000 0.968
1962.000 0.970
1963.000 0.978
1964.000 0.989
1965.000 0.995
1966.000 0.986
1967.000 0.990
1968.000 0.996
1969.000 0.998
1970.000 1.003
1971.000 1.002
1972.000 1.003
1973.000 1.005
1974.000 1.023
1975.000 1.030
1976.000 1.028
1977.000 1.028
1978.000 1.036
1979.000 1.034
1980.000 1.040
1981.000 1.045
1982.000 1.044
1983.000 1.046
1984.000 1.047
1985.000 1.057
1986.000 1.059
1987.000 1.060
1988.000 1.066
1989.000 1.072
1990.000 1.075
1991.000 1.074
1992.000 1.091
1993.000 1.090
1994.000 1.097
1995.000 1.100
1996.000 1.119
1997.000 1.115
1998.000 1.124
1999.000 1.130
2000.000 1.140
2001.000 1.148
2002.000 1.154
2003.000 1.162
2004.000 1.175
2005.000 1.183
2006.000 1.188
2007.000 1.203
2008.000 1.203
2009.000 1.211
2010.000 1.224
2011.000 1.228
2012.000 1.242
2013.000 1.240
2014.000 1.252
2015.000 1.265
2016.000 1.281
2017.000 1.291
2018.000 1.304
2019.000 1.323
2020.000 1.329
2021.000 1.335
2022.000 1.341
2023.000 1.369
2024.000 1.364
2025.000 1.384
2026.000 1.392
2027.000 1.418
2028.000 1.425
2029.000 1.442
2030.000 1.475
2031.000 1.487
2032.000 1.504
2033.000 1.523
2034.000 1.546
2035.000 1.570
2036.000 1.594
2037.000 1.605
2038.000 1.631
2039.000 1.650
2040.000 1.681
2041.000 1.717
2042.000 1.740
2043.000 1.777
2044.000 1.805
2045.000 1.841
2046.000 1.877
2047.000 1.920
2048.000 1.939
2049.000 1.985
2050.000 2.028
2051.000 2.075
2052.000 2.127
2053.000 2.188
2054.000 2.255
2055.000 2.315
2056.000 2.378
2057.000 2.461
2058.000 2.533
2059.000 2.619
2060.000 2.710
2061.000 2.757
2062.000 2.859
2063.000 2.981
2064.000 3.102
2065.000 3.229
2066.000 3.382
2067.000 3.537
2068.000 3.713
2069.000 3.901
2070.000 4.105
2071.000 4.332
2072.000 4.581
2073.000 4.701
2074.000 4.978
2075.000 5.262
2076.000 5.541
2077.000 5.806
2078.000 6.045
2079.000 6.231
2080.000 6.336
2081.000 6.342
2082.000 6.238
2083.000 6.057
2084.000 5.741
2085.000 5.310
2086.000 5.107
2087.000 4.731
2088.000 4.354
2089.000 4.016
2090.000 3.754
2091.000 3.466
2092.000 3.207
2093.000 2.975
2094.000 2.761
2095.000 2.573
2096.000 2.405
2097.000 2.325
2098.000 2.187
2099.000 2.054
2100.000 1.931
2101.000 1.824
2102.000 1.734
2103.000 1.634
2104.000 1.547
2105.000 1.465
2106.000 1.391
2107.000 1.320
2108.000 1.269
2109.000 1.230
2110.000 1.168
2111.000 1.110
2112.000 1.065
2113.000 1.006
2114.000 0.933
2115.000 0.866
2116.000 0.804
2117.000 0.749
2118.000 0.698
2119.000 0.659
2120.000 0.620
2121.000 0.580
2122.000 0.565
2123.000 0.534
2124.000 0.505
2125.000 0.477
2126.000 0.451
2127.000 0.424
2128.000 0.404
2129.000 0.382
2130.000 0.362
2131.000 0.344
2132.000 0.326
2133.000 0.310
2134.000 0.302
2135.000 0.287
2136.000 0.272
2137.000 0.261
2138.000 0.250
2139.000 0.237
2140.000 0.225
2141.000 0.214
2142.000 0.201
2143.000 0.191
2144.000 0.182
2145.000 0.175
2146.000 0.165
2147.000 0.155
2148.000 0.145
2149.000 0.135
2150.000 0.128
2151.000 0.119
2152.000 0.112
2153.000 0.102
2154.000 0.096
2155.000 0.087
2156.000 0.080
2157.000 0.074
2158.000 0.070
2159.000 0.062
2160.000 0.056
2161.000 0.051
2162.000 0.045
2163.000 0.038
2164.000 0.033
2165.000 0.030
2166.000 0.027
2167.000 0.025
2168.000 0.026
2169.000 0.028
2170.000 0.029
2171.000 0.034
2172.000 0.038
2173.000 0.043
2174.000 0.048
2175.000 0.054
2176.000 0.060
2177.000 0.066
2178.000 0.072
2179.000 0.078
2180.000 0.084
2181.000 0.091
2182.000 0.098
2183.000 0.101
2184.000 0.109
2185.000 0.115
2186.000 0.122
2187.000 0.130
2188.000 0.137
2189.000 0.146
2190.000 0.154
2191.000 0.161
2192.000 0.169
2193.000 0.180
2194.000 0.183
2195.000 0.191
2196.000 0.200
2197.000 0.209
2198.000 0.219
2199.000 0.229
2200.000 0.240
2201.000 0.248
2202.000 0.260
2203.000 0.271
2204.000 0.284
2205.000 0.297
2206.000 0.314
2207.000 0.321
2208.000 0.334
2209.000 0.356
2210.000 0.374
2211.000 0.394
2212.000 0.420
2213.000 0.452
2214.000 0.478
2215.000 0.510
2216.000 0.547
2217.000 0.572
2218.000 0.597
2219.000 0.607
2220.000 0.641
2221.000 0.664
2222.000 0.690
2223.000 0.725
2224.000 0.751
2225.000 0.779
2226.000 0.819
2227.000 0.858
2228.000 0.898
2229.000 0.938
2230.000 0.980
2231.000 1.033
2232.000 1.058
2233.000 1.115
2234.000 1.179
2235.000 1.248
2236.000 1.322
2237.000 1.402
2238.000 1.492
2239.000 1.594
2240.000 1.710
2241.000 1.839
2242.000 1.991
2243.000 2.082
2244.000 2.260
2245.000 2.454
2246.000 2.670
2247.000 2.900
2248.000 3.116
2249.000 3.296
2250.000 3.397
2251.000 3.397
2252.000 3.324
2253.000 3.245
2254.000 3.111
2255.000 3.026
2256.000 2.851
2257.000 2.659
2258.000 2.452
2259.000 2.273
2260.000 2.107
2261.000 1.955
2262.000 1.815
2263.000 1.698
2264.000 1.585
2265.000 1.487
2266.000 1.405
2267.000 1.322
2268.000 1.286
2269.000 1.216
2270.000 1.164
2271.000 1.106
2272.000 1.054
2273.000 1.004
2274.000 0.958
2275.000 0.921
2276.000 0.882
2277.000 0.847
2278.000 0.812
2279.000 0.786
2280.000 0.769
2281.000 0.745
2282.000 0.731
2283.000 0.703
2284.000 0.678
2285.000 0.660
2286.000 0.635
2287.000 0.619
2288.000 0.597
2289.000 0.579
2290.000 0.568
2291.000 0.555
2292.000 0.539
2293.000 0.531
2294.000 0.516
2295.000 0.503
2296.000 0.491
2297.000 0.478
2298.000 0.465
2299.000 0.448
2300.000 0.434
2301.000 0.416
2302.000 0.401
2303.000 0.391
2304.000 0.385
2305.000 0.371
2306.000 0.357
2307.000 0.349
2308.000 0.336
2309.000 0.325
2310.000 0.321
2311.000 0.312
2312.000 0.303
2313.000 0.293
2314.000 0.284
2315.000 0.274
2316.000 0.272
2317.000 0.265
2318.000 0.258
2319.000 0.251
2320.000 0.245
2321.000 0.240
2322.000 0.234
2323.000 0.230
2324.000 0.224
2325.000 0.219
2326.000 0.215
2327.000 0.209
2328.000 0.207
2329.000 0.204
2330.000 0.200
2331.000 0.195
2332.000 0.191
2333.000 0.188
2334.000 0.184
2335.000 0.179
2336.000 0.176
2337.000 0.173
2338.000 0.171
2339.000 0.169
2340.000 0.166
2341.000 0.163
2342.000 0.162
2343.000 0.158
2344.000 0.156
2345.000 0.153
2346.000 0.150
2347.000 0.148
2348.000 0.145
2349.000 0.143
2350.000 0.140
2351.000 0.137
2352.000 0.136
2353.000 0.135
2354.000 0.133
2355.000 0.130
2356.000 0.128
2357.000 0.127
2358.000 0.124
2359.000 0.122
2360.000 0.120
2361.000 0.119
2362.000 0.117
2363.000 0.115
2364.000 0.113
2365.000 0.113
2366.000 0.111
2367.000 0.109
2368.000 0.108
2369.000 0.106
2370.000 0.104
2371.000 0.102
2372.000 0.100
2373.000 0.099
2374.000 0.097
2375.000 0.094
2376.000 0.095
2377.000 0.093
2378.000 0.092
2379.000 0.091
2380.000 0.089
2381.000 0.088
2382.000 0.087
2383.000 0.085
2384.000 0.084
2385.000 0.082
2386.000 0.081
2387.000 0.081
2388.000 0.079
2389.000 0.078
2390.000 0.076
2391.000 0.076
2392.000 0.074
2393.000 0.074
2394.000 0.072
2395.000 0.071
2396.000 0.070
2397.000 0.069
2398.000 0.067
2399.000 0.067
2400.000 0.065
2401.000 0.065
2402.000 0.065
2403.000 0.064
2404.000 0.062
2405.000 0.061
2406.000 0.061
2407.000 0.060
2408.000 0.058
2409.000 0.058
2410.000 0.057
2411.000 0.056
2412.000 0.056
2413.000 0.055
2414.000 0.053
2415.000 0.054
2416.000 0.053
2417.000 0.052
2418.000 0.051
2419.000 0.050
2420.000 0.050
2421.000 0.049
2422.000 0.048
2423.000 0.047
2424.000 0.047
2425.000 0.047
2426.000 0.046
2427.000 0.046
2428.000 0.044
2429.000 0.044
2430.000 0.043
2431.000 0.042
2432.000 0.041
2433.000 0.040
2434.000 0.040
2435.000 0.039
2436.000 0.039
2437.000 0.039
2438.000 0.037
2439.000 0.038
2440.000 0.037
2441.000 0.037
2442.000 0.036
2443.000 0.036
2444.000 0.035
2445.000 0.034
2446.000 0.033
2447.000 0.032
2448.000 0.032
2449.000 0.033
2450.000 0.032
2451.000 0.032
2452.000 0.032
2453.000 0.031
2454.000 0.031
2455.000 0.030
2456.000 0.029
2457.000 0.029
2458.000 0.028
2459.000 0.028
2460.000 0.028
2461.000 0.028
2462.000 0.028
2463.000 0.027
2464.000 0.027
2465.000 0.027
2466.000 0.026
2467.000 0.027
2468.000 0.026
2469.000 0.026
2470.000 0.026
2471.000 0.026
2472.000 0.025
2473.000 0.025
2474.000 0.026
2475.000 0.026
2476.000 0.024
2477.000 0.024
2478.000 0.024
2479.000 0.025
2480.000 0.023
2481.000 0.024
2482.000 0.023
2483.000 0.025
2484.000 0.024
2485.000 0.023
2486.000 0.023
2487.000 0.024
2488.000 0.024
2489.000 0.023
2490.000 0.023
2491.000 0.023
2492.000 0.024
2493.000 0.024
2494.000 0.024
2495.000 0.024
2496.000 0.025
2497.000 0.024
2498.000 0.023
2499.000 0.025
2500.000 0.024
2501.000 0.024
2502.000 0.024
2503.000 0.025
2504.000 0.025
2505.000 0.025
2506.000 0.025
2507.000 0.027
2508.000 0.026
2509.000 0.026
2510.000 0.027
2511.000 0.026
2512.000 0.027
2513.000 0.027
2514.000 0.028
2515.000 0.028
2516.000 0.028
2517.000 0.029
2518.000 0.029
2519.000 0.030
2520.000 0.030
2521.000 0.029
2522.000 0.029
2523.000 0.031
2524.000 0.030
2525.000 0.031
2526.000 0.031
2527.000 0.030
2528.000 0.032
2529.000 0.032
2530.000 0.032
2531.000 0.033
2532.000 0.033
2533.000 0.033
2534.000 0.033
2535.000 0.034
2536.000 0.036
2537.000 0.036
2538.000 0.036
2539.000 0.035
2540.000 0.036
2541.000 0.036
2542.000 0.036
2543.000 0.037
2544.000 0.037
2545.000 0.038
2546.000 0.038
2547.000 0.039
2548.000 0.038
2549.000 0.039
2550.000 0.040
2551.000 0.039
2552.000 0.041
2553.000 0.042
2554.000 0.041
2555.000 0.042
2556.000 0.043
2557.000 0.045
2558.000 0.043
2559.000 0.044
2560.000 0.044
2561.000 0.045
2562.000 0.047
2563.000 0.046
2564.000 0.046
2565.000 0.050
2566.000 0.049
2567.000 0.050
2568.000 0.050
2569.000 0.051
2570.000 0.052
2571.000 0.052
2572.000 0.053
2573.000 0.052
2574.000 0.054
2575.000 0.056
2576.000 0.056
2577.000 0.056
2578.000 0.056
2579.000 0.057
2580.000 0.060
2581.000 0.060
2582.000 0.061
2583.000 0.060
2584.000 0.062
2585.000 0.060
2586.000 0.064
2587.000 0.064
2588.000 0.062
2589.000 0.065
2590.000 0.066
2591.000 0.067
2592.000 0.069
2593.000 0.067
2594.000 0.070
2595.000 0.069
2596.000 0.070
2597.000 0.070
2598.000 0.070
2599.000 0.070
2600.000 0.070
