1801.000 0.003
1802.000 1.589
1803.000 1.638
1804.000 1.641
1805.000 1.644
1806.000 1.652
1807.000 1.647
1808.000 1.638
1809.000 1.635
1810.000 1.636
1811.000 1.646
1812.000 1.649
1813.000 1.650
1814.000 1.652
1815.000 1.656
1816.000 1.659
1817.000 1.659
1818.000 1.667
1819.000 1.676
1820.000 1.679
1821.000 1.690
1822.000 1.687
1823.000 1.684
1824.000 1.684
1825.000 1.687
1826.000 1.674
1827.000 1.665
1828.000 1.646
1829.000 1.624
1830.000 1.604
1831.000 1.594
1832.000 1.561
1833.000 1.529
1834.000 1.475
1835.000 1.456
1836.000 1.435
1837.000 1.397
1838.000 1.370
1839.000 1.353
1840.000 1.334
1841.000 1.320
1842.000 1.306
1843.000 1.300
1844.000 1.298
1845.000 1.311
1846.000 1.308
1847.000 1.320
1848.000 1.314
1849.000 1.319
1850.000 1.321
1851.000 1.320
1852.000 1.319
1853.000 1.310
1854.000 1.308
1855.000 1.295
1856.000 1.288
1857.000 1.269
1858.000 1.241
1859.000 1.229
1860.000 1.192
1861.000 1.150
1862.000 1.109
1863.000 1.059
1864.000 1.011
1865.000 0.960
1866.000 0.916
1867.000 0.875
1868.000 0.859
1869.000 0.814
1870.000 0.809
1871.000 0.808
1872.000 0.809
1873.000 0.813
1874.000 0.812
1875.000 0.816
1876.000 0.817
1877.000 0.820
1878.000 0.822
1879.000 0.823
1880.000 0.824
1881.000 0.827
1882.000 0.830
1883.000 0.835
1884.000 0.833
1885.000 0.831
1886.000 0.835
1887.000 0.837
1888.000 0.840
1889.000 0.841
1890.000 0.841
1891.000 0.844
1892.000 0.845
1893.000 0.846
1894.000 0.847
1895.000 0.850
1896.000 0.852
1897.000 0.854
1898.000 0.856
1899.000 0.858
1900.000 0.863
1901.000 0.859
1902.000 0.863
1903.000 0.863
1904.000 0.865
1905.000 0.870
1906.000 0.866
1907.000 0.870
1908.000 0.868
1909.000 0.871
1910.000 0.876
1911.000 0.875
1912.000 0.872
1913.000 0.874
1914.000 0.879
1915.000 0.878
1916.000 0.881
1917.000 0.883
1918.000 0.882
1919.000 0.885
1920.000 0.889
1921.000 0.888
1922.000 0.891
1923.000 0.892
1924.000 0.895
1925.000 0.897
1926.000 0.894
1927.000 0.894
1928.000 0.896
1929.000 0.897
1930.000 0.900
1931.000 0.902
1932.000 0.905
1933.000 0.910
1934.000 0.908
1935.000 0.910
1936.000 0.911
1937.000 0.918
1938.000 0.918
1939.000 0.919
1940.000 0.919
1941.000 0.919
1942.000 0.925
1943.000 0.931
1944.000 0.929
1945.000 0.934
1946.000 0.932
1947.000 0.939
1948.000 0.939
1949.000 0.944
1950.000 0.947
1951.000 0.951
1952.000 0.953
1953.000 0.959
1954.000 0.956
1955.000 0.962
1956.000 0.962
1957.000 0.959
1958.000 0.964
1959.000 0.974
1960.000 0.977
1961.000 0.972
1962.000 0.979
1963.000 0.976
1964.000 0.983
1965.000 0.987
1966.000 0.985
1967.000 0.985
1968.000 0.988
1969.000 0.997
1970.000 0.999
1971.000 1.000
1972.000 1.005
1973.000 1.010
1974.000 1.021
1975.000 1.024
1976.000 1.021
1977.000 1.027
1978.000 1.027
1979.000 1.033
1980.000 1.041
1981.000 1.050
1982.000 1.048
1983.000 1.047
1984.000 1.056
1985.000 1.062
1986.000 1.064
1987.000 1.071
1988.000 1.071
1989.000 1.079
1990.000 1.089
1991.000 1.086
1992.000 1.095
1993.000 1.098
1994.000 1.111
1995.000 1.111
1996.000 1.122
1997.000 1.125
1998.000 1.133
1999.000 1.142
2000.000 1.152
2001.000 1.159
2002.000 1.163
2003.000 1.177
2004.000 1.180
2005.000 1.181
2006.000 1.188
2007.000 1.204
2008.000 1.215
2009.000 1.218
2010.000 1.234
2011.000 1.235
2012.000 1.250
2013.000 1.265
2014.000 1.263
2015.000 1.277
2016.000 1.288
2017.000 1.300
2018.000 1.311
2019.000 1.327
2020.000 1.338
2021.000 1.345
2022.000 1.360
2023.000 1.377
2024.000 1.391
2025.000 1.397
2026.000 1.406
2027.000 1.428
2028.000 1.439
2029.000 1.463
2030.000 1.481
2031.000 1.493
2032.000 1.507
2033.000 1.529
2034.000 1.554
2035.000 1.573
2036.000 1.598
2037.000 1.629
2038.000 1.659
2039.000 1.680
2040.000 1.691
2041.000 1.747
2042.000 1.756
2043.000 1.795
2044.000 1.821
2045.000 1.856
2046.000 1.892
2047.000 1.927
2048.000 1.968
2049.000 2.015
2050.000 2.046
2051.000 2.094
2052.000 2.170
2053.000 2.225
2054.000 2.254
2055.000 2.322
2056.000 2.387
2057.000 2.467
2058.000 2.541
2059.000 2.626
2060.000 2.714
2061.000 2.816
2062.000 2.924
2063.000 3.036
2064.000 3.162
2065.000 3.229
2066.000 3.379
2067.000 3.535
2068.000 3.715
2069.000 3.898
2070.000 4.105
2071.000 4.328
2072.000 4.586
2073.000 4.846
2074.000 5.117
2075.000 5.259
2076.000 5.688
2077.000 5.939
2078.000 6.051
2079.000 6.239
2080.000 6.357
2081.000 6.377
2082.000 6.282
2083.000 6.079
2084.000 5.782
2085.000 5.420
2086.000 5.028
2087.000 4.835
2088.000 4.461
2089.000 4.114
2090.000 3.792
2091.000 3.506
2092.000 3.242
2093.000 3.006
2094.000 2.796
2095.000 2.610
2096.000 2.441
2097.000 2.290
2098.000 2.147
2099.000 2.019
2100.000 1.958
2101.000 1.790
2102.000 1.740
2103.000 1.646
2104.000 1.557
2105.000 1.476
2106.000 1.397
2107.000 1.327
2108.000 1.264
2109.000 1.203
2110.000 1.145
2111.000 1.089
2112.000 1.062
2113.000 1.009
2114.000 0.939
2115.000 0.869
2116.000 0.807
2117.000 0.754
2118.000 0.703
2119.000 0.658
2120.000 0.622
2121.000 0.582
2122.000 0.546
2123.000 0.530
2124.000 0.505
2125.000 0.475
2126.000 0.448
2127.000 0.426
2128.000 0.402
2129.000 0.384
2130.000 0.361
2131.000 0.342
2132.000 0.326
2133.000 0.309
2134.000 0.293
2135.000 0.286
2136.000 0.273
2137.000 0.252
2138.000 0.245
2139.000 0.233
2140.000 0.221
2141.000 0.209
2142.000 0.197
2143.000 0.187
2144.000 0.177
2145.000 0.167
2146.000 0.156
2147.000 0.147
2148.000 0.141
2149.000 0.134
2150.000 0.125
2151.000 0.117
2152.000 0.107
2153.000 0.098
2154.000 0.091
2155.000 0.084
2156.000 0.077
2157.000 0.070
2158.000 0.063
2159.000 0.056
2160.000 0.050
2161.000 0.047
2162.000 0.041
2163.000 0.036
2164.000 0.032
2165.000 0.027
2166.000 0.026
2167.000 0.026
2168.000 0.027
2169.000 0.031
2170.000 0.033
2171.000 0.040
2172.000 0.042
2173.000 0.050
2174.000 0.052
2175.000 0.059
2176.000 0.064
2177.000 0.071
2178.000 0.077
2179.000 0.083
2180.000 0.090
2181.000 0.097
2182.000 0.103
2183.000 0.110
2184.000 0.117
2185.000 0.121
2186.000 0.128
2187.000 0.137
2188.000 0.144
2189.000 0.152
2190.000 0.161
2191.000 0.168
2192.000 0.176
2193.000 0.186
2194.000 0.194
2195.000 0.202
2196.000 0.207
2197.000 0.223
2198.000 0.227
2199.000 0.237
2200.000 0.248
2201.000 0.259
2202.000 0.268
2203.000 0.281
2204.000 0.294
2205.000 0.308
2206.000 0.327
2207.000 0.343
2208.000 0.362
2209.000 0.380
2210.000 0.388
2211.000 0.410
2212.000 0.448
2213.000 0.464
2214.000 0.495
2215.000 0.532
2216.000 0.563
2217.000 0.589
2218.000 0.613
2219.000 0.638
2220.000 0.663
2221.000 0.676
2222.000 0.706
2223.000 0.736
2224.000 0.768
2225.000 0.800
2226.000 0.832
2227.000 0.872
2228.000 0.912
2229.000 0.958
2230.000 1.001
2231.000 1.059
2232.000 1.122
2233.000 1.150
2234.000 1.241
2235.000 1.276
2236.000 1.352
2237.000 1.437
2238.000 1.527
2239.000 1.631
2240.000 1.741
2241.000 1.875
2242.000 2.032
2243.000 2.205
2244.000 2.396
2245.000 2.498
2246.000 2.714
2247.000 3.039
2248.000 3.153
2249.000 3.341
2250.000 3.464
2251.000 3.480
2252.000 3.413
2253.000 3.355
2254.000 3.235
2255.000 3.065
2256.000 2.870
2257.000 2.664
2258.000 2.561
2259.000 2.279
2260.000 2.192
2261.000 1.957
2262.000 1.888
2263.000 1.757
2264.000 1.644
2265.000 1.541
2266.000 1.451
2267.000 1.374
2268.000 1.297
2269.000 1.229
2270.000 1.199
2271.000 1.135
2272.000 1.084
2273.000 1.037
2274.000 0.990
2275.000 0.951
2276.000 0.908
2277.000 0.872
2278.000 0.838
2279.000 0.806
2280.000 0.779
2281.000 0.751
2282.000 0.738
2283.000 0.712
2284.000 0.678
2285.000 0.666
2286.000 0.650
2287.000 0.629
2288.000 0.610
2289.000 0.596
2290.000 0.576
2291.000 0.563
2292.000 0.549
2293.000 0.533
2294.000 0.524
2295.000 0.507
2296.000 0.502
2297.000 0.481
2298.000 0.475
2299.000 0.460
2300.000 0.443
2301.000 0.424
2302.000 0.410
2303.000 0.397
2304.000 0.385
2305.000 0.373
2306.000 0.364
2307.000 0.357
2308.000 0.343
2309.000 0.336
2310.000 0.326
2311.000 0.316
2312.000 0.307
2313.000 0.301
2314.000 0.291
2315.000 0.282
2316.000 0.275
2317.000 0.306
2318.000 0.297
2319.000 0.290
2320.000 0.275
2321.000 0.264
2322.000 0.253
2323.000 0.244
2324.000 0.240
2325.000 0.233
2326.000 0.228
2327.000 0.227
2328.000 0.224
2329.000 0.230
2330.000 0.240
2331.000 0.228
2332.000 0.224
2333.000 0.213
2334.000 0.205
2335.000 0.195
2336.000 0.190
2337.000 0.183
2338.000 0.181
2339.000 0.176
2340.000 0.172
2341.000 0.166
2342.000 0.167
2343.000 0.161
2344.000 0.159
2345.000 0.156
2346.000 0.154
2347.000 0.160
2348.000 0.160
2349.000 0.154
2350.000 0.149
2351.000 0.145
2352.000 0.142
2353.000 0.138
2354.000 0.135
2355.000 0.134
2356.000 0.130
2357.000 0.129
2358.000 0.127
2359.000 0.125
2360.000 0.125
2361.000 0.122
2362.000 0.119
2363.000 0.122
2364.000 0.121
2365.000 0.118
2366.000 0.114
2367.000 0.113
2368.000 0.110
2369.000 0.109
2370.000 0.106
2371.000 0.104
2372.000 0.104
2373.000 0.101
2374.000 0.099
2375.000 0.097
2376.000 0.096
2377.000 0.093
2378.000 0.092
2379.000 0.090
2380.000 0.090
2381.000 0.089
2382.000 0.087
2383.000 0.087
2384.000 0.086
2385.000 0.084
2386.000 0.081
2387.000 0.080
2388.000 0.079
2389.000 0.080
2390.000 0.078
2391.000 0.078
2392.000 0.077
2393.000 0.077
2394.000 0.076
2395.000 0.080
2396.000 0.077
2397.000 0.075
2398.000 0.079
2399.000 0.076
2400.000 0.073
2401.000 0.070
2402.000 0.069
2403.000 0.068
2404.000 0.067
2405.000 0.066
2406.000 0.064
2407.000 0.062
2408.000 0.061
2409.000 0.065
2410.000 0.064
2411.000 0.062
2412.000 0.060
2413.000 0.061
2414.000 0.059
2415.000 0.058
2416.000 0.059
2417.000 0.057
2418.000 0.055
2419.000 0.055
2420.000 0.053
2421.000 0.051
2422.000 0.050
2423.000 0.050
2424.000 0.048
2425.000 0.048
2426.000 0.047
2427.000 0.046
2428.000 0.045
2429.000 0.045
2430.000 0.045
2431.000 0.044
2432.000 0.044
2433.000 0.042
2434.000 0.041
2435.000 0.040
2436.000 0.041
2437.000 0.039
2438.000 0.040
2439.000 0.038
2440.000 0.036
2441.000 0.037
2442.000 0.038
2443.000 0.037
2444.000 0.036
2445.000 0.036
2446.000 0.034
2447.000 0.034
2448.000 0.035
2449.000 0.034
2450.000 0.033
2451.000 0.032
2452.000 0.032
2453.000 0.032
2454.000 0.031
2455.000 0.031
2456.000 0.032
2457.000 0.031
2458.000 0.029
2459.000 0.030
2460.000 0.029
2461.000 0.029
2462.000 0.028
2463.000 0.030
2464.000 0.028
2465.000 0.028
2466.000 0.028
2467.000 0.028
2468.000 0.027
2469.000 0.027
2470.000 0.026
2471.000 0.027
2472.000 0.027
2473.000 0.026
2474.000 0.026
2475.000 0.027
2476.000 0.027
2477.000 0.025
2478.000 0.035
2479.000 0.033
2480.000 0.033
2481.000 0.036
2482.000 0.035
2483.000 0.028
2484.000 0.029
2485.000 0.027
2486.000 0.028
2487.000 0.027
2488.000 0.027
2489.000 0.026
2490.000 0.025
2491.000 0.026
2492.000 0.025
2493.000 0.026
2494.000 0.025
2495.000 0.025
2496.000 0.026
2497.000 0.028
2498.000 0.027
2499.000 0.028
2500.000 0.026
2501.000 0.028
2502.000 0.027
2503.000 0.027
2504.000 0.027
2505.000 0.027
2506.000 0.027
2507.000 0.027
2508.000 0.028
2509.000 0.028
2510.000 0.028
2511.000 0.028
2512.000 0.028
2513.000 0.030
2514.000 0.028
2515.000 0.030
2516.000 0.029
2517.000 0.029
2518.000 0.030
2519.000 0.030
2520.000 0.032
2521.000 0.031
2522.000 0.031
2523.000 0.032
2524.000 0.032
2525.000 0.032
2526.000 0.031
2527.000 0.033
2528.000 0.032
2529.000 0.034
2530.000 0.034
2531.000 0.033
2532.000 0.034
2533.000 0.036
2534.000 0.037
2535.000 0.038
2536.000 0.038
2537.000 0.037
2538.000 0.038
2539.000 0.037
2540.000 0.038
2541.000 0.038
2542.000 0.040
2543.000 0.038
2544.000 0.040
2545.000 0.040
2546.000 0.040
2547.000 0.040
2548.000 0.040
2549.000 0.040
2550.000 0.041
2551.000 0.042
2552.000 0.041
2553.000 0.043
2554.000 0.046
2555.000 0.046
2556.000 0.047
2557.000 0.046
2558.000 0.045
2559.000 0.046
2560.000 0.048
2561.000 0.052
2562.000 0.052
2563.000 0.051
2564.000 0.051
2565.000 0.051
2566.000 0.050
2567.000 0.051
2568.000 0.052
2569.000 0.051
2570.000 0.051
2571.000 0.054
2572.000 0.052
2573.000 0.054
2574.000 0.056
2575.000 0.056
2576.000 0.057
2577.000 0.058
2578.000 0.058
2579.000 0.060
2580.000 0.060
2581.000 0.060
2582.000 0.062
2583.000 0.062
2584.000 0.064
2585.000 0.064
2586.000 0.065
2587.000 0.065
2588.000 0.068
2589.000 0.070
2590.000 0.069
2591.000 0.069
2592.000 0.069
2593.000 0.072
2594.000 0.072
2595.000 0.073
2596.000 0.073
2597.000 0.073
2598.000 0.071
2599.000 0.073
2600.000 0.074
