1801.000 0.003
1802.000 0.902
1803.000 0.895
1804.000 0.871
1805.000 0.852
1806.000 0.839
1807.000 0.829
1808.000 0.828
1809.000 0.820
1810.000 0.818
1811.000 0.812
1812.000 0.807
1813.000 0.806
1814.000 0.806
1815.000 0.807
1816.000 0.805
1817.000 0.806
1818.000 0.809
1819.000 0.808
1820.000 0.806
1821.000 0.801
1822.000 0.801
1823.000 0.798
1824.000 0.796
1825.000 0.788
1826.000 0.791
1827.000 0.784
1828.000 0.779
1829.000 0.775
1830.000 0.772
1831.000 0.768
1832.000 0.769
1833.000 0.771
1834.000 0.779
1835.000 0.776
1836.000 0.780
1837.000 0.785
1838.000 0.784
1839.000 0.787
1840.000 0.792
1841.000 0.798
1842.000 0.795
1843.000 0.797
1844.000 0.793
1845.000 0.788
1846.000 0.789
1847.000 0.783
1848.000 0.775
1849.000 0.761
1850.000 0.745
1851.000 0.743
1852.000 0.721
1853.000 0.697
1854.000 0.670
1855.000 0.642
1856.000 0.612
1857.000 0.583
1858.000 0.557
1859.000 0.534
1860.000 0.511
1861.000 0.502
1862.000 0.500
1863.000 0.502
1864.000 0.506
1865.000 0.506
1866.000 0.506
1867.000 0.511
1868.000 0.512
1869.000 0.514
1870.000 0.518
1871.000 0.518
1872.000 0.523
1873.000 0.521
1874.000 0.525
1875.000 0.525
1876.000 0.528
1877.000 0.530
1878.000 0.532
1879.000 0.533
1880.000 0.534
1881.000 0.533
1882.000 0.534
1883.000 0.535
1884.000 0.539
1885.000 0.539
1886.000 0.540
1887.000 0.541
1888.000 0.543
1889.000 0.546
1890.000 0.548
1891.000 0.546
1892.000 0.549
1893.000 0.551
1894.000 0.552
1895.000 0.551
1896.000 0.555
1897.000 0.555
1898.000 0.556
1899.000 0.558
1900.000 0.560
1901.000 0.561
1902.000 0.561
1903.000 0.562
1904.000 0.564
1905.000 0.566
1906.000 0.566
1907.000 0.568
1908.000 0.568
1909.000 0.570
1910.000 0.572
1911.000 0.573
1912.000 0.573
1913.000 0.575
1914.000 0.575
1915.000 0.578
1916.000 0.579
1917.000 0.581
1918.000 0.586
1919.000 0.582
1920.000 0.586
1921.000 0.588
1922.000 0.590
1923.000 0.591
1924.000 0.591
1925.000 0.592
1926.000 0.594
1927.000 0.596
1928.000 0.595
1929.000 0.598
1930.000 0.598
1931.000 0.603
1932.000 0.602
1933.000 0.607
1934.000 0.608
1935.000 0.609
1936.000 0.610
1937.000 0.609
1938.000 0.612
1939.000 0.614
1940.000 0.614
1941.000 0.619
1942.000 0.623
1943.000 0.621
1944.000 0.625
1945.000 0.627
1946.000 0.628
1947.000 0.629
1948.000 0.635
1949.000 0.638
1950.000 0.639
1951.000 0.640
1952.000 0.640
1953.000 0.643
1954.000 0.644
1955.000 0.646
1956.000 0.651
1957.000 0.655
1958.000 0.662
1959.000 0.660
1960.000 0.663
1961.000 0.665
1962.000 0.670
1963.000 0.671
1964.000 0.677
1965.000 0.674
1966.000 0.680
1967.000 0.691
1968.000 0.692
1969.000 0.696
1970.000 0.697
1971.000 0.701
1972.000 0.706
1973.000 0.706
1974.000 0.705
1975.000 0.711
1976.000 0.719
1977.000 0.711
1978.000 0.724
1979.000 0.720
1980.000 0.732
1981.000 0.735
1982.000 0.733
1983.000 0.739
1984.000 0.748
1985.000 0.748
1986.000 0.752
1987.000 0.760
1988.000 0.767
1989.000 0.772
1990.000 0.775
1991.000 0.773
1992.000 0.786
1993.000 0.792
1994.000 0.800
1995.000 0.804
1996.000 0.815
1997.000 0.817
1998.000 0.818
1999.000 0.830
2000.000 0.839
2001.000 0.847
2002.000 0.855
2003.000 0.861
2004.000 0.867
2005.000 0.867
2006.000 0.871
2007.000 0.889
2008.000 0.896
2009.000 0.897
2010.000 0.919
2011.000 0.917
2012.000 0.935
2013.000 0.943
2014.000 0.947
2015.000 0.958
2016.000 0.977
2017.000 0.988
2018.000 1.000
2019.000 1.012
2020.000 1.020
2021.000 1.032
2022.000 1.047
2023.000 1.054
2024.000 1.070
2025.000 1.092
2026.000 1.097
2027.000 1.119
2028.000 1.135
2029.000 1.149
2030.000 1.175
2031.000 1.197
2032.000 1.217
2033.000 1.225
2034.000 1.246
2035.000 1.269
2036.000 1.296
2037.000 1.321
2038.000 1.343
2039.000 1.365
2040.000 1.407
2041.000 1.424
2042.000 1.464
2043.000 1.495
2044.000 1.536
2045.000 1.567
2046.000 1.588
2047.000 1.632
2048.000 1.672
2049.000 1.718
2050.000 1.765
2051.000 1.817
2052.000 1.871
2053.000 1.931
2054.000 1.999
2055.000 2.066
2056.000 2.139
2057.000 2.177
2058.000 2.256
2059.000 2.346
2060.000 2.446
2061.000 2.552
2062.000 2.662
2063.000 2.779
2064.000 2.915
2065.000 3.062
2066.000 3.222
2067.000 3.393
2068.000 3.591
2069.000 3.691
2070.000 3.919
2071.000 4.159
2072.000 4.418
2073.000 4.707
2074.000 5.008
2075.000 5.323
2076.000 5.632
2077.000 5.930
2078.000 6.192
2079.000 6.402
2080.000 6.538
2081.000 6.573
2082.000 6.543
2083.000 6.397
2084.000 6.140
2085.000 5.818
2086.000 5.454
2087.000 5.081
2088.000 4.729
2089.000 4.406
2090.000 4.110
2091.000 3.842
2092.000 3.591
2093.000 3.365
2094.000 3.166
2095.000 3.078
2096.000 2.908
2097.000 2.754
2098.000 2.613
2099.000 2.484
2100.000 2.369
2101.000 2.264
2102.000 2.160
2103.000 2.071
2104.000 1.986
2105.000 1.908
2106.000 1.871
2107.000 1.802
2108.000 1.734
2109.000 1.677
2110.000 1.619
2111.000 1.567
2112.000 1.516
2113.000 1.468
2114.000 1.430
2115.000 1.386
2116.000 1.346
2117.000 1.312
2118.000 1.294
2119.000 1.261
2120.000 1.227
2121.000 1.198
2122.000 1.168
2123.000 1.143
2124.000 1.121
2125.000 1.094
2126.000 1.071
2127.000 1.048
2128.000 1.030
2129.000 1.007
2130.000 0.985
2131.000 0.974
2132.000 0.952
2133.000 0.935
2134.000 0.918
2135.000 0.891
2136.000 0.868
2137.000 0.848
2138.000 0.828
2139.000 0.811
2140.000 0.798
2141.000 0.783
2142.000 0.765
2143.000 0.758
2144.000 0.742
2145.000 0.729
2146.000 0.715
2147.000 0.703
2148.000 0.692
2149.000 0.682
2150.000 0.669
2151.000 0.660
2152.000 0.652
2153.000 0.644
2154.000 0.633
2155.000 0.631
2156.000 0.624
2157.000 0.618
2158.000 0.611
2159.000 0.606
2160.000 0.602
2161.000 0.597
2162.000 0.591
2163.000 0.587
2164.000 0.582
2165.000 0.579
2166.000 0.575
2167.000 0.574
2168.000 0.570
2169.000 0.567
2170.000 0.565
2171.000 0.566
2172.000 0.563
2173.000 0.561
2174.000 0.563
2175.000 0.562
2176.000 0.563
2177.000 0.563
2178.000 0.562
2179.000 0.562
2180.000 0.565
2181.000 0.566
2182.000 0.565
2183.000 0.568
2184.000 0.569
2185.000 0.572
2186.000 0.577
2187.000 0.580
2188.000 0.585
2189.000 0.592
2190.000 0.595
2191.000 0.600
2192.000 0.605
2193.000 0.612
2194.000 0.622
2195.000 0.628
2196.000 0.632
2197.000 0.637
2198.000 0.650
2199.000 0.648
2200.000 0.652
2201.000 0.659
2202.000 0.669
2203.000 0.673
2204.000 0.675
2205.000 0.685
2206.000 0.692
2207.000 0.705
2208.000 0.708
2209.000 0.721
2210.000 0.726
2211.000 0.735
2212.000 0.749
2213.000 0.759
2214.000 0.771
2215.000 0.777
2216.000 0.789
2217.000 0.800
2218.000 0.818
2219.000 0.837
2220.000 0.855
2221.000 0.873
2222.000 0.895
2223.000 0.916
2224.000 0.938
2225.000 0.966
2226.000 0.995
2227.000 1.026
2228.000 1.043
2229.000 1.079
2230.000 1.119
2231.000 1.161
2232.000 1.210
2233.000 1.261
2234.000 1.317
2235.000 1.378
2236.000 1.448
2237.000 1.526
2238.000 1.609
2239.000 1.702
2240.000 1.755
2241.000 1.869
2242.000 2.000
2243.000 2.137
2244.000 2.293
2245.000 2.458
2246.000 2.644
2247.000 2.819
2248.000 2.974
2249.000 3.080
2250.000 3.159
2251.000 3.171
2252.000 3.124
2253.000 3.072
2254.000 2.906
2255.000 2.708
2256.000 2.492
2257.000 2.279
2258.000 2.081
2259.000 1.905
2260.000 1.752
2261.000 1.616
2262.000 1.497
2263.000 1.387
2264.000 1.344
2265.000 1.252
2266.000 1.178
2267.000 1.106
2268.000 1.040
2269.000 0.983
2270.000 0.931
2271.000 0.881
2272.000 0.836
2273.000 0.800
2274.000 0.764
2275.000 0.728
2276.000 0.700
2277.000 0.688
2278.000 0.661
2279.000 0.637
2280.000 0.610
2281.000 0.590
2282.000 0.570
2283.000 0.551
2284.000 0.531
2285.000 0.514
2286.000 0.502
2287.000 0.486
2288.000 0.470
2289.000 0.460
2290.000 0.443
2291.000 0.428
2292.000 0.412
2293.000 0.394
2294.000 0.379
2295.000 0.368
2296.000 0.357
2297.000 0.345
2298.000 0.330
2299.000 0.322
2300.000 0.312
2301.000 0.304
2302.000 0.297
2303.000 0.294
2304.000 0.291
2305.000 0.284
2306.000 0.276
2307.000 0.267
2308.000 0.259
2309.000 0.256
2310.000 0.251
2311.000 0.245
2312.000 0.240
2313.000 0.237
2314.000 0.234
2315.000 0.229
2316.000 0.225
2317.000 0.220
2318.000 0.216
2319.000 0.214
2320.000 0.210
2321.000 0.209
2322.000 0.205
2323.000 0.200
2324.000 0.199
2325.000 0.199
2326.000 0.197
2327.000 0.194
2328.000 0.191
2329.000 0.188
2330.000 0.187
2331.000 0.183
2332.000 0.184
2333.000 0.180
2334.000 0.177
2335.000 0.175
2336.000 0.177
2337.000 0.174
2338.000 0.172
2339.000 0.172
2340.000 0.169
2341.000 0.169
2342.000 0.168
2343.000 0.167
2344.000 0.162
2345.000 0.164
2346.000 0.164
2347.000 0.163
2348.000 0.159
2349.000 0.159
2350.000 0.157
2351.000 0.160
2352.000 0.157
2353.000 0.154
2354.000 0.154
2355.000 0.152
2356.000 0.152
2357.000 0.152
2358.000 0.150
2359.000 0.150
2360.000 0.149
2361.000 0.147
2362.000 0.147
2363.000 0.146
2364.000 0.145
2365.000 0.144
2366.000 0.143
2367.000 0.145
2368.000 0.143
2369.000 0.141
2370.000 0.141
2371.000 0.140
2372.000 0.139
2373.000 0.139
2374.000 0.138
2375.000 0.139
2376.000 0.138
2377.000 0.137
2378.000 0.136
2379.000 0.136
2380.000 0.136
2381.000 0.136
2382.000 0.134
2383.000 0.136
2384.000 0.135
2385.000 0.135
2386.000 0.137
2387.000 0.135
2388.000 0.140
2389.000 0.137
2390.000 0.136
2391.000 0.134
2392.000 0.134
2393.000 0.133
2394.000 0.132
2395.000 0.135
2396.000 0.132
2397.000 0.133
2398.000 0.132
2399.000 0.129
2400.000 0.132
2401.000 0.131
2402.000 0.130
2403.000 0.128
2404.000 0.128
2405.000 0.130
2406.000 0.129
2407.000 0.128
2408.000 0.128
2409.000 0.129
2410.000 0.129
2411.000 0.129
2412.000 0.129
2413.000 0.129
2414.000 0.128
2415.000 0.128
2416.000 0.127
2417.000 0.128
2418.000 0.128
2419.000 0.128
2420.000 0.129
2421.000 0.130
2422.000 0.132
2423.000 0.132
2424.000 0.132
2425.000 0.131
2426.000 0.129
2427.000 0.128
2428.000 0.129
2429.000 0.129
2430.000 0.130
2431.000 0.129
2432.000 0.129
2433.000 0.131
2434.000 0.133
2435.000 0.131
2436.000 0.131
2437.000 0.131
2438.000 0.131
2439.000 0.131
2440.000 0.131
2441.000 0.132
2442.000 0.130
2443.000 0.131
2444.000 0.132
2445.000 0.132
2446.000 0.131
2447.000 0.131
2448.000 0.130
2449.000 0.131
2450.000 0.132
2451.000 0.132
2452.000 0.133
2453.000 0.132
2454.000 0.142
2455.000 0.136
2456.000 0.135
2457.000 0.132
2458.000 0.133
2459.000 0.134
2460.000 0.133
2461.000 0.132
2462.000 0.134
2463.000 0.135
2464.000 0.135
2465.000 0.135
2466.000 0.135
2467.000 0.136
2468.000 0.136
2469.000 0.136
2470.000 0.138
2471.000 0.138
2472.000 0.139
2473.000 0.139
2474.000 0.142
2475.000 0.142
2476.000 0.140
2477.000 0.138
2478.000 0.141
2479.000 0.140
2480.000 0.140
2481.000 0.141
2482.000 0.141
2483.000 0.142
2484.000 0.141
2485.000 0.145
2486.000 0.145
2487.000 0.145
2488.000 0.145
2489.000 0.146
2490.000 0.144
2491.000 0.144
2492.000 0.145
2493.000 0.146
2494.000 0.144
2495.000 0.145
2496.000 0.144
2497.000 0.147
2498.000 0.146
2499.000 0.145
2500.000 0.147
2501.000 0.145
2502.000 0.145
2503.000 0.145
2504.000 0.146
2505.000 0.145
2506.000 0.144
2507.000 0.143
2508.000 0.150
2509.000 0.148
2510.000 0.146
2511.000 0.147
2512.000 0.145
2513.000 0.145
2514.000 0.146
2515.000 0.144
2516.000 0.144
2517.000 0.145
2518.000 0.145
2519.000 0.146
2520.000 0.144
2521.000 0.143
2522.000 0.145
2523.000 0.146
2524.000 0.144
2525.000 0.147
2526.000 0.148
2527.000 0.144
2528.000 0.145
2529.000 0.144
2530.000 0.144
2531.000 0.153
2532.000 0.153
2533.000 0.150
2534.000 0.147
2535.000 0.146
2536.000 0.144
2537.000 0.144
2538.000 0.153
2539.000 0.146
2540.000 0.146
2541.000 0.145
2542.000 0.144
2543.000 0.145
2544.000 0.142
2545.000 0.144
2546.000 0.145
2547.000 0.144
2548.000 0.143
2549.000 0.145
2550.000 0.145
2551.000 0.147
2552.000 0.145
2553.000 0.145
2554.000 0.145
2555.000 0.144
2556.000 0.146
2557.000 0.146
2558.000 0.146
2559.000 0.146
2560.000 0.147
2561.000 0.148
2562.000 0.146
2563.000 0.148
2564.000 0.146
2565.000 0.145
2566.000 0.146
2567.000 0.146
2568.000 0.147
2569.000 0.150
2570.000 0.150
2571.000 0.147
2572.000 0.145
2573.000 0.148
2574.000 0.147
2575.000 0.148
2576.000 0.147
2577.000 0.148
2578.000 0.148
2579.000 0.148
2580.000 0.149
2581.000 0.147
2582.000 0.151
2583.000 0.147
2584.000 0.149
2585.000 0.152
2586.000 0.151
2587.000 0.150
2588.000 0.151
2589.000 0.152
2590.000 0.152
2591.000 0.149
2592.000 0.147
2593.000 0.149
2594.000 0.150
2595.000 0.150
2596.000 0.151
2597.000 0.150
2598.000 0.150
2599.000 0.152
2600.000 0.151
