1801.000 0.004
1802.000 1.117
1803.000 1.100
1804.000 1.051
1805.000 1.091
1806.000 1.087
1807.000 1.087
1808.000 1.122
1809.000 1.085
1810.000 1.059
1811.000 1.037
1812.000 1.020
1813.000 1.019
1814.000 1.026
1815.000 1.022
1816.000 1.024
1817.000 1.034
1818.000 1.035
1819.000 1.037
1820.000 1.040
1821.000 1.048
1822.000 1.046
1823.000 1.043
1824.000 1.043
1825.000 1.038
1826.000 1.035
1827.000 1.033
1828.000 1.030
1829.000 1.024
1830.000 1.016
1831.000 1.014
1832.000 1.011
1833.000 1.008
1834.000 1.009
1835.000 1.006
1836.000 1.019
1837.000 1.015
1838.000 1.006
1839.000 0.994
1840.000 0.977
1841.000 0.974
1842.000 0.972
1843.000 0.966
1844.000 0.968
1845.000 0.966
1846.000 0.958
1847.000 0.947
1848.000 0.933
1849.000 0.912
1850.000 0.892
1851.000 0.866
1852.000 0.834
1853.000 0.806
1854.000 0.764
1855.000 0.747
1856.000 0.712
1857.000 0.680
1858.000 0.650
1859.000 0.624
1860.000 0.604
1861.000 0.601
1862.000 0.601
1863.000 0.604
1864.000 0.604
1865.000 0.605
1866.000 0.607
1867.000 0.608
1868.000 0.608
1869.000 0.608
1870.000 0.609
1871.000 0.615
1872.000 0.615
1873.000 0.617
1874.000 0.621
1875.000 0.619
1876.000 0.619
1877.000 0.622
1878.000 0.621
1879.000 0.625
1880.000 0.624
1881.000 0.629
1882.000 0.628
1883.000 0.631
1884.000 0.632
1885.000 0.634
1886.000 0.636
1887.000 0.637
1888.000 0.637
1889.000 0.638
1890.000 0.641
1891.000 0.632
1892.000 0.634
1893.000 0.633
1894.000 0.632
1895.000 0.637
1896.000 0.636
1897.000 0.638
1898.000 0.640
1899.000 0.637
1900.000 0.639
1901.000 0.642
1902.000 0.644
1903.000 0.643
1904.000 0.643
1905.000 0.644
1906.000 0.647
1907.000 0.649
1908.000 0.645
1909.000 0.650
1910.000 0.649
1911.000 0.653
1912.000 0.642
1913.000 0.644
1914.000 0.648
1915.000 0.649
1916.000 0.651
1917.000 0.648
1918.000 0.649
1919.000 0.647
1920.000 0.647
1921.000 0.651
1922.000 0.652
1923.000 0.651
1924.000 0.655
1925.000 0.658
1926.000 0.658
1927.000 0.656
1928.000 0.661
1929.000 0.658
1930.000 0.666
1931.000 0.663
1932.000 0.666
1933.000 0.660
1934.000 0.661
1935.000 0.661
1936.000 0.664
1937.000 0.665
1938.000 0.670
1939.000 0.670
1940.000 0.659
1941.000 0.661
1942.000 0.666
1943.000 0.668
1944.000 0.667
1945.000 0.670
1946.000 0.677
1947.000 0.673
1948.000 0.681
1949.000 0.684
1950.000 0.681
1951.000 0.681
1952.000 0.689
1953.000 0.692
1954.000 0.692
1955.000 0.695
1956.000 0.699
1957.000 0.705
1958.000 0.702
1959.000 0.702
1960.000 0.713
1961.000 0.710
1962.000 0.718
1963.000 0.712
1964.000 0.726
1965.000 0.725
1966.000 0.722
1967.000 0.727
1968.000 0.731
1969.000 0.737
1970.000 0.743
1971.000 0.741
1972.000 0.743
1973.000 0.747
1974.000 0.753
1975.000 0.758
1976.000 0.755
1977.000 0.766
1978.000 0.769
1979.000 0.770
1980.000 0.773
1981.000 0.779
1982.000 0.779
1983.000 0.780
1984.000 0.788
1985.000 0.796
1986.000 0.800
1987.000 0.803
1988.000 0.805
1989.000 0.814
1990.000 0.818
1991.000 0.819
1992.000 0.832
1993.000 0.831
1994.000 0.843
1995.000 0.848
1996.000 0.861
1997.000 0.857
1998.000 0.867
1999.000 0.878
2000.000 0.888
2001.000 0.892
2002.000 0.900
2003.000 0.906
2004.000 0.912
2005.000 0.914
2006.000 0.921
2007.000 0.935
2008.000 0.948
2009.000 0.947
2010.000 0.967
2011.000 0.969
2012.000 0.978
2013.000 0.999
2014.000 0.993
2015.000 1.011
2016.000 1.025
2017.000 1.034
2018.000 1.048
2019.000 1.059
2020.000 1.072
2021.000 1.081
2022.000 1.088
2023.000 1.107
2024.000 1.121
2025.000 1.135
2026.000 1.143
2027.000 1.169
2028.000 1.174
2029.000 1.199
2030.000 1.222
2031.000 1.233
2032.000 1.251
2033.000 1.276
2034.000 1.296
2035.000 1.314
2036.000 1.346
2037.000 1.376
2038.000 1.407
2039.000 1.418
2040.000 1.438
2041.000 1.482
2042.000 1.507
2043.000 1.544
2044.000 1.583
2045.000 1.611
2046.000 1.651
2047.000 1.695
2048.000 1.742
2049.000 1.789
2050.000 1.811
2051.000 1.855
2052.000 1.910
2053.000 1.970
2054.000 2.034
2055.000 2.104
2056.000 2.175
2057.000 2.256
2058.000 2.332
2059.000 2.430
2060.000 2.535
2061.000 2.635
2062.000 2.689
2063.000 2.805
2064.000 2.935
2065.000 3.078
2066.000 3.235
2067.000 3.405
2068.000 3.597
2069.000 3.802
2070.000 4.026
2071.000 4.288
2072.000 4.560
2073.000 4.834
2074.000 5.136
2075.000 5.290
2076.000 5.632
2077.000 5.946
2078.000 6.211
2079.000 6.447
2080.000 6.603
2081.000 6.678
2082.000 6.630
2083.000 6.441
2084.000 6.174
2085.000 5.822
2086.000 5.442
2087.000 5.242
2088.000 4.873
2089.000 4.535
2090.000 4.223
2091.000 3.926
2092.000 3.663
2093.000 3.419
2094.000 3.209
2095.000 3.023
2096.000 2.855
2097.000 2.701
2098.000 2.633
2099.000 2.499
2100.000 2.375
2101.000 2.264
2102.000 2.150
2103.000 2.065
2104.000 1.977
2105.000 1.900
2106.000 1.822
2107.000 1.751
2108.000 1.684
2109.000 1.626
2110.000 1.568
2111.000 1.540
2112.000 1.490
2113.000 1.441
2114.000 1.394
2115.000 1.355
2116.000 1.317
2117.000 1.278
2118.000 1.244
2119.000 1.209
2120.000 1.179
2121.000 1.142
2122.000 1.114
2123.000 1.101
2124.000 1.073
2125.000 1.049
2126.000 1.022
2127.000 0.998
2128.000 0.974
2129.000 0.946
2130.000 0.922
2131.000 0.900
2132.000 0.871
2133.000 0.846
2134.000 0.819
2135.000 0.799
2136.000 0.789
2137.000 0.771
2138.000 0.747
2139.000 0.728
2140.000 0.712
2141.000 0.697
2142.000 0.679
2143.000 0.666
2144.000 0.650
2145.000 0.635
2146.000 0.627
2147.000 0.622
2148.000 0.616
2149.000 0.599
2150.000 0.586
2151.000 0.576
2152.000 0.574
2153.000 0.562
2154.000 0.550
2155.000 0.542
2156.000 0.534
2157.000 0.529
2158.000 0.523
2159.000 0.516
2160.000 0.514
2161.000 0.507
2162.000 0.500
2163.000 0.497
2164.000 0.489
2165.000 0.486
2166.000 0.481
2167.000 0.477
2168.000 0.474
2169.000 0.471
2170.000 0.471
2171.000 0.465
2172.000 0.465
2173.000 0.461
2174.000 0.460
2175.000 0.457
2176.000 0.456
2177.000 0.457
2178.000 0.455
2179.000 0.454
2180.000 0.455
2181.000 0.453
2182.000 0.450
2183.000 0.455
2184.000 0.454
2185.000 0.453
2186.000 0.452
2187.000 0.450
2188.000 0.453
2189.000 0.454
2190.000 0.457
2191.000 0.458
2192.000 0.465
2193.000 0.463
2194.000 0.467
2195.000 0.469
2196.000 0.474
2197.000 0.477
2198.000 0.479
2199.000 0.486
2200.000 0.494
2201.000 0.498
2202.000 0.503
2203.000 0.509
2204.000 0.514
2205.000 0.524
2206.000 0.533
2207.000 0.543
2208.000 0.548
2209.000 0.562
2210.000 0.576
2211.000 0.586
2212.000 0.594
2213.000 0.602
2214.000 0.614
2215.000 0.624
2216.000 0.634
2217.000 0.651
2218.000 0.662
2219.000 0.676
2220.000 0.687
2221.000 0.695
2222.000 0.711
2223.000 0.729
2224.000 0.745
2225.000 0.763
2226.000 0.786
2227.000 0.810
2228.000 0.843
2229.000 0.869
2230.000 0.900
2231.000 0.927
2232.000 0.974
2233.000 0.991
2234.000 1.036
2235.000 1.079
2236.000 1.141
2237.000 1.201
2238.000 1.263
2239.000 1.333
2240.000 1.410
2241.000 1.498
2242.000 1.603
2243.000 1.715
2244.000 1.777
2245.000 1.914
2246.000 2.055
2247.000 2.205
2248.000 2.334
2249.000 2.423
2250.000 2.489
2251.000 2.492
2252.000 2.455
2253.000 2.353
2254.000 2.197
2255.000 2.026
2256.000 1.841
2257.000 1.753
2258.000 1.598
2259.000 1.463
2260.000 1.341
2261.000 1.236
2262.000 1.141
2263.000 1.057
2264.000 0.984
2265.000 0.917
2266.000 0.860
2267.000 0.812
2268.000 0.764
2269.000 0.741
2270.000 0.700
2271.000 0.663
2272.000 0.631
2273.000 0.603
2274.000 0.574
2275.000 0.550
2276.000 0.527
2277.000 0.504
2278.000 0.490
2279.000 0.470
2280.000 0.451
2281.000 0.434
2282.000 0.427
2283.000 0.408
2284.000 0.397
2285.000 0.382
2286.000 0.372
2287.000 0.357
2288.000 0.339
2289.000 0.329
2290.000 0.313
2291.000 0.302
2292.000 0.292
2293.000 0.287
2294.000 0.276
2295.000 0.268
2296.000 0.260
2297.000 0.252
2298.000 0.246
2299.000 0.241
2300.000 0.235
2301.000 0.226
2302.000 0.221
2303.000 0.216
2304.000 0.211
2305.000 0.209
2306.000 0.206
2307.000 0.201
2308.000 0.197
2309.000 0.193
2310.000 0.190
2311.000 0.185
2312.000 0.183
2313.000 0.182
2314.000 0.178
2315.000 0.174
2316.000 0.172
2317.000 0.170
2318.000 0.167
2319.000 0.165
2320.000 0.164
2321.000 0.161
2322.000 0.158
2323.000 0.157
2324.000 0.155
2325.000 0.155
2326.000 0.153
2327.000 0.150
2328.000 0.150
2329.000 0.150
2330.000 0.149
2331.000 0.146
2332.000 0.145
2333.000 0.144
2334.000 0.142
2335.000 0.140
2336.000 0.138
2337.000 0.137
2338.000 0.136
2339.000 0.137
2340.000 0.136
2341.000 0.135
2342.000 0.135
2343.000 0.134
2344.000 0.134
2345.000 0.132
2346.000 0.131
2347.000 0.129
2348.000 0.130
2349.000 0.128
2350.000 0.128
2351.000 0.126
2352.000 0.125
2353.000 0.125
2354.000 0.125
2355.000 0.126
2356.000 0.126
2357.000 0.123
2358.000 0.123
2359.000 0.123
2360.000 0.122
2361.000 0.121
2362.000 0.121
2363.000 0.121
2364.000 0.119
2365.000 0.120
2366.000 0.120
2367.000 0.119
2368.000 0.120
2369.000 0.120
2370.000 0.120
2371.000 0.119
2372.000 0.120
2373.000 0.117
2374.000 0.118
2375.000 0.117
2376.000 0.116
2377.000 0.114
2378.000 0.116
2379.000 0.115
2380.000 0.114
2381.000 0.114
2382.000 0.113
2383.000 0.113
2384.000 0.113
2385.000 0.113
2386.000 0.114
2387.000 0.115
2388.000 0.115
2389.000 0.114
2390.000 0.114
2391.000 0.114
2392.000 0.114
2393.000 0.114
2394.000 0.113
2395.000 0.113
2396.000 0.113
2397.000 0.112
2398.000 0.113
2399.000 0.113
2400.000 0.114
2401.000 0.113
2402.000 0.112
2403.000 0.112
2404.000 0.113
2405.000 0.113
2406.000 0.113
2407.000 0.115
2408.000 0.115
2409.000 0.113
2410.000 0.114
2411.000 0.113
2412.000 0.113
2413.000 0.112
2414.000 0.113
2415.000 0.114
2416.000 0.113
2417.000 0.112
2418.000 0.113
2419.000 0.112
2420.000 0.113
2421.000 0.113
2422.000 0.114
2423.000 0.113
2424.000 0.113
2425.000 0.113
2426.000 0.114
2427.000 0.114
2428.000 0.115
2429.000 0.114
2430.000 0.114
2431.000 0.114
2432.000 0.115
2433.000 0.117
2434.000 0.116
2435.000 0.115
2436.000 0.116
2437.000 0.115
2438.000 0.116
2439.000 0.116
2440.000 0.115
2441.000 0.115
2442.000 0.116
2443.000 0.118
2444.000 0.119
2445.000 0.119
2446.000 0.120
2447.000 0.120
2448.000 0.119
2449.000 0.120
2450.000 0.119
2451.000 0.118
2452.000 0.121
2453.000 0.121
2454.000 0.123
2455.000 0.122
2456.000 0.123
2457.000 0.123
2458.000 0.123
2459.000 0.123
2460.000 0.123
2461.000 0.125
2462.000 0.125
2463.000 0.126
2464.000 0.125
2465.000 0.126
2466.000 0.125
2467.000 0.124
2468.000 0.126
2469.000 0.126
2470.000 0.127
2471.000 0.125
2472.000 0.127
2473.000 0.125
2474.000 0.125
2475.000 0.126
2476.000 0.125
2477.000 0.127
2478.000 0.126
2479.000 0.126
2480.000 0.127
2481.000 0.126
2482.000 0.124
2483.000 0.127
2484.000 0.128
2485.000 0.127
2486.000 0.129
2487.000 0.127
2488.000 0.128
2489.000 0.126
2490.000 0.127
2491.000 0.125
2492.000 0.127
2493.000 0.125
2494.000 0.126
2495.000 0.126
2496.000 0.126
2497.000 0.125
2498.000 0.124
2499.000 0.124
2500.000 0.125
2501.000 0.126
2502.000 0.125
2503.000 0.127
2504.000 0.125
2505.000 0.127
2506.000 0.125
2507.000 0.125
2508.000 0.125
2509.000 0.125
2510.000 0.126
2511.000 0.124
2512.000 0.126
2513.000 0.126
2514.000 0.126
2515.000 0.127
2516.000 0.126
2517.000 0.123
2518.000 0.126
2519.000 0.126
2520.000 0.127
2521.000 0.125
2522.000 0.125
2523.000 0.125
2524.000 0.126
2525.000 0.125
2526.000 0.128
2527.000 0.125
2528.000 0.126
2529.000 0.128
2530.000 0.125
2531.000 0.125
2532.000 0.124
2533.000 0.124
2534.000 0.126
2535.000 0.124
2536.000 0.124
2537.000 0.126
2538.000 0.125
2539.000 0.129
2540.000 0.127
2541.000 0.126
2542.000 0.127
2543.000 0.126
2544.000 0.124
2545.000 0.127
2546.000 0.126
2547.000 0.124
2548.000 0.126
2549.000 0.124
2550.000 0.126
2551.000 0.128
2552.000 0.127
2553.000 0.125
2554.000 0.127
2555.000 0.127
2556.000 0.125
2557.000 0.128
2558.000 0.128
2559.000 0.127
2560.000 0.129
2561.000 0.126
2562.000 0.127
2563.000 0.126
2564.000 0.127
2565.000 0.124
2566.000 0.126
2567.000 0.126
2568.000 0.127
2569.000 0.127
2570.000 0.126
2571.000 0.126
2572.000 0.124
2573.000 0.125
2574.000 0.126
2575.000 0.126
2576.000 0.127
2577.000 0.128
2578.000 0.128
2579.000 0.130
2580.000 0.132
2581.000 0.133
2582.000 0.131
2583.000 0.130
2584.000 0.129
2585.000 0.129
2586.000 0.126
2587.000 0.129
2588.000 0.128
2589.000 0.127
2590.000 0.128
2591.000 0.128
2592.000 0.127
2593.000 0.129
2594.000 0.128
2595.000 0.129
2596.000 0.129
2597.000 0.130
2598.000 0.130
2599.000 0.129
2600.000 0.130
