1801.000 0.004
1802.000 1.025
1803.000 1.015
1804.000 0.985
1805.000 1.019
1806.000 1.079
1807.000 1.042
1808.000 1.014
1809.000 0.991
1810.000 0.982
1811.000 0.969
1812.000 0.958
1813.000 0.957
1814.000 0.954
1815.000 0.949
1816.000 0.945
1817.000 0.950
1818.000 0.953
1819.000 0.956
1820.000 0.955
1821.000 0.956
1822.000 0.953
1823.000 0.946
1824.000 0.950
1825.000 0.946
1826.000 0.943
1827.000 0.938
1828.000 0.933
1829.000 0.932
1830.000 0.922
1831.000 0.919
1832.000 0.920
1833.000 0.917
1834.000 0.918
1835.000 0.920
1836.000 0.926
1837.000 0.930
1838.000 0.933
1839.000 0.937
1840.000 0.939
1841.000 0.940
1842.000 0.940
1843.000 0.943
1844.000 0.942
1845.000 0.933
1846.000 0.925
1847.000 0.914
1848.000 0.899
1849.000 0.885
1850.000 0.871
1851.000 0.841
1852.000 0.809
1853.000 0.773
1854.000 0.739
1855.000 0.703
1856.000 0.667
1857.000 0.639
1858.000 0.614
1859.000 0.594
1860.000 0.588
1861.000 0.590
1862.000 0.592
1863.000 0.594
1864.000 0.592
1865.000 0.595
1866.000 0.596
1867.000 0.600
1868.000 0.600
1869.000 0.602
1870.000 0.602
1871.000 0.611
1872.000 0.606
1873.000 0.607
1874.000 0.609
1875.000 0.610
1876.000 0.610
1877.000 0.610
1878.000 0.612
1879.000 0.616
1880.000 0.618
1881.000 0.619
1882.000 0.622
1883.000 0.622
1884.000 0.624
1885.000 0.625
1886.000 0.626
1887.000 0.626
1888.000 0.629
1889.000 0.629
1890.000 0.631
1891.000 0.631
1892.000 0.633
1893.000 0.636
1894.000 0.636
1895.000 0.639
1896.000 0.639
1897.000 0.646
1898.000 0.641
1899.000 0.641
1900.000 0.645
1901.000 0.645
1902.000 0.646
1903.000 0.644
1904.000 0.647
1905.000 0.650
1906.000 0.653
1907.000 0.657
1908.000 0.655
1909.000 0.657
1910.000 0.656
1911.000 0.655
1912.000 0.659
1913.000 0.661
1914.000 0.665
1915.000 0.661
1916.000 0.664
1917.000 0.665
1918.000 0.668
1919.000 0.667
1920.000 0.671
1921.000 0.670
1922.000 0.670
1923.000 0.672
1924.000 0.674
1925.000 0.673
1926.000 0.677
1927.000 0.679
1928.000 0.679
1929.000 0.680
1930.000 0.681
1931.000 0.682
1932.000 0.687
1933.000 0.686
1934.000 0.687
1935.000 0.692
1936.000 0.691
1937.000 0.698
1938.000 0.697
1939.000 0.700
1940.000 0.702
1941.000 0.701
1942.000 0.705
1943.000 0.706
1944.000 0.707
1945.000 0.708
1946.000 0.714
1947.000 0.715
1948.000 0.719
1949.000 0.715
1950.000 0.720
1951.000 0.725
1952.000 0.729
1953.000 0.728
1954.000 0.731
1955.000 0.736
1956.000 0.735
1957.000 0.735
1958.000 0.752
1959.000 0.789
1960.000 0.780
1961.000 0.786
1962.000 0.782
1963.000 0.792
1964.000 0.788
1965.000 0.792
1966.000 0.812
1967.000 0.814
1968.000 0.814
1969.000 0.817
1970.000 0.820
1971.000 0.825
1972.000 0.836
1973.000 0.841
1974.000 0.842
1975.000 0.837
1976.000 0.846
1977.000 0.849
1978.000 0.853
1979.000 0.853
1980.000 0.845
1981.000 0.845
1982.000 0.849
1983.000 0.862
1984.000 0.867
1985.000 0.859
1986.000 0.867
1987.000 0.861
1988.000 0.871
1989.000 0.876
1990.000 0.881
1991.000 0.876
1992.000 0.889
1993.000 0.900
1994.000 0.901
1995.000 0.910
1996.000 0.917
1997.000 0.918
1998.000 0.926
1999.000 0.935
2000.000 0.946
2001.000 0.955
2002.000 0.963
2003.000 0.972
2004.000 0.978
2005.000 0.979
2006.000 0.991
2007.000 1.012
2008.000 1.014
2009.000 1.016
2010.000 1.034
2011.000 1.031
2012.000 1.052
2013.000 1.063
2014.000 1.069
2015.000 1.081
2016.000 1.096
2017.000 1.108
2018.000 1.122
2019.000 1.131
2020.000 1.140
2021.000 1.155
2022.000 1.155
2023.000 1.165
2024.000 1.187
2025.000 1.198
2026.000 1.213
2027.000 1.229
2028.000 1.252
2029.000 1.262
2030.000 1.283
2031.000 1.304
2032.000 1.328
2033.000 1.347
2034.000 1.355
2035.000 1.385
2036.000 1.408
2037.000 1.431
2038.000 1.453
2039.000 1.489
2040.000 1.515
2041.000 1.540
2042.000 1.563
2043.000 1.590
2044.000 1.622
2045.000 1.674
2046.000 1.688
2047.000 1.727
2048.000 1.773
2049.000 1.802
2050.000 1.845
2051.000 1.894
2052.000 1.947
2053.000 2.002
2054.000 2.064
2055.000 2.132
2056.000 2.203
2057.000 2.241
2058.000 2.317
2059.000 2.403
2060.000 2.488
2061.000 2.590
2062.000 2.700
2063.000 2.826
2064.000 2.954
2065.000 3.095
2066.000 3.246
2067.000 3.411
2068.000 3.597
2069.000 3.802
2070.000 3.909
2071.000 4.135
2072.000 4.387
2073.000 4.655
2074.000 4.941
2075.000 5.229
2076.000 5.539
2077.000 5.838
2078.000 6.094
2079.000 6.303
2080.000 6.438
2081.000 6.474
2082.000 6.451
2083.000 6.313
2084.000 6.076
2085.000 5.759
2086.000 5.395
2087.000 5.019
2088.000 4.656
2089.000 4.322
2090.000 4.018
2091.000 3.742
2092.000 3.487
2093.000 3.255
2094.000 3.055
2095.000 2.947
2096.000 2.776
2097.000 2.623
2098.000 2.484
2099.000 2.352
2100.000 2.233
2101.000 2.120
2102.000 2.017
2103.000 1.922
2104.000 1.835
2105.000 1.759
2106.000 1.722
2107.000 1.648
2108.000 1.585
2109.000 1.523
2110.000 1.464
2111.000 1.414
2112.000 1.367
2113.000 1.314
2114.000 1.269
2115.000 1.227
2116.000 1.189
2117.000 1.149
2118.000 1.115
2119.000 1.098
2120.000 1.067
2121.000 1.033
2122.000 1.004
2123.000 0.977
2124.000 0.944
2125.000 0.901
2126.000 0.864
2127.000 0.830
2128.000 0.791
2129.000 0.758
2130.000 0.728
2131.000 0.714
2132.000 0.689
2133.000 0.667
2134.000 0.645
2135.000 0.625
2136.000 0.607
2137.000 0.589
2138.000 0.572
2139.000 0.555
2140.000 0.543
2141.000 0.526
2142.000 0.514
2143.000 0.503
2144.000 0.496
2145.000 0.482
2146.000 0.473
2147.000 0.461
2148.000 0.450
2149.000 0.442
2150.000 0.431
2151.000 0.423
2152.000 0.414
2153.000 0.406
2154.000 0.397
2155.000 0.393
2156.000 0.386
2157.000 0.378
2158.000 0.372
2159.000 0.366
2160.000 0.360
2161.000 0.355
2162.000 0.348
2163.000 0.341
2164.000 0.338
2165.000 0.332
2166.000 0.325
2167.000 0.323
2168.000 0.317
2169.000 0.314
2170.000 0.310
2171.000 0.305
2172.000 0.300
2173.000 0.297
2174.000 0.293
2175.000 0.291
2176.000 0.286
2177.000 0.283
2178.000 0.280
2179.000 0.277
2180.000 0.275
2181.000 0.272
2182.000 0.269
2183.000 0.267
2184.000 0.265
2185.000 0.262
2186.000 0.259
2187.000 0.257
2188.000 0.254
2189.000 0.251
2190.000 0.251
2191.000 0.249
2192.000 0.247
2193.000 0.247
2194.000 0.244
2195.000 0.244
2196.000 0.242
2197.000 0.241
2198.000 0.239
2199.000 0.238
2200.000 0.238
2201.000 0.237
2202.000 0.235
2203.000 0.235
2204.000 0.235
2205.000 0.234
2206.000 0.233
2207.000 0.233
2208.000 0.234
2209.000 0.233
2210.000 0.234
2211.000 0.235
2212.000 0.234
2213.000 0.235
2214.000 0.236
2215.000 0.236
2216.000 0.237
2217.000 0.244
2218.000 0.245
2219.000 0.245
2220.000 0.246
2221.000 0.249
2222.000 0.254
2223.000 0.255
2224.000 0.260
2225.000 0.266
2226.000 0.272
2227.000 0.276
2228.000 0.279
2229.000 0.292
2230.000 0.300
2231.000 0.307
2232.000 0.320
2233.000 0.333
2234.000 0.348
2235.000 0.367
2236.000 0.390
2237.000 0.420
2238.000 0.449
2239.000 0.485
2240.000 0.524
2241.000 0.536
2242.000 0.571
2243.000 0.606
2244.000 0.644
2245.000 0.679
2246.000 0.722
2247.000 0.768
2248.000 0.803
2249.000 0.828
2250.000 0.836
2251.000 0.827
2252.000 0.815
2253.000 0.773
2254.000 0.712
2255.000 0.648
2256.000 0.582
2257.000 0.527
2258.000 0.475
2259.000 0.424
2260.000 0.378
2261.000 0.331
2262.000 0.295
2263.000 0.266
2264.000 0.252
2265.000 0.229
2266.000 0.211
2267.000 0.195
2268.000 0.181
2269.000 0.168
2270.000 0.158
2271.000 0.149
2272.000 0.143
2273.000 0.134
2274.000 0.129
2275.000 0.122
2276.000 0.117
2277.000 0.116
2278.000 0.112
2279.000 0.109
2280.000 0.105
2281.000 0.103
2282.000 0.101
2283.000 0.098
2284.000 0.095
2285.000 0.092
2286.000 0.090
2287.000 0.088
2288.000 0.087
2289.000 0.087
2290.000 0.085
2291.000 0.084
2292.000 0.084
2293.000 0.081
2294.000 0.080
2295.000 0.079
2296.000 0.079
2297.000 0.079
2298.000 0.077
2299.000 0.074
2300.000 0.076
2301.000 0.075
2302.000 0.073
2303.000 0.073
2304.000 0.072
2305.000 0.071
2306.000 0.071
2307.000 0.070
2308.000 0.071
2309.000 0.069
2310.000 0.070
2311.000 0.070
2312.000 0.070
2313.000 0.069
2314.000 0.069
2315.000 0.068
2316.000 0.070
2317.000 0.067
2318.000 0.067
2319.000 0.067
2320.000 0.067
2321.000 0.067
2322.000 0.066
2323.000 0.067
2324.000 0.066
2325.000 0.066
2326.000 0.066
2327.000 0.066
2328.000 0.066
2329.000 0.065
2330.000 0.065
2331.000 0.063
2332.000 0.065
2333.000 0.064
2334.000 0.064
2335.000 0.065
2336.000 0.063
2337.000 0.065
2338.000 0.064
2339.000 0.066
2340.000 0.063
2341.000 0.064
2342.000 0.064
2343.000 0.064
2344.000 0.064
2345.000 0.063
2346.000 0.064
2347.000 0.063
2348.000 0.063
2349.000 0.063
2350.000 0.064
2351.000 0.064
2352.000 0.064
2353.000 0.063
2354.000 0.064
2355.000 0.063
2356.000 0.063
2357.000 0.065
2358.000 0.064
2359.000 0.063
2360.000 0.064
2361.000 0.064
2362.000 0.064
2363.000 0.063
2364.000 0.064
2365.000 0.064
2366.000 0.064
2367.000 0.065
2368.000 0.062
2369.000 0.063
2370.000 0.063
2371.000 0.062
2372.000 0.063
2373.000 0.063
2374.000 0.064
2375.000 0.063
2376.000 0.062
2377.000 0.063
2378.000 0.063
2379.000 0.063
2380.000 0.062
2381.000 0.062
2382.000 0.063
2383.000 0.063
2384.000 0.063
2385.000 0.063
2386.000 0.062
2387.000 0.062
2388.000 0.063
2389.000 0.063
2390.000 0.064
2391.000 0.063
2392.000 0.063
2393.000 0.064
2394.000 0.064
2395.000 0.063
2396.000 0.063
2397.000 0.063
2398.000 0.064
2399.000 0.064
2400.000 0.063
2401.000 0.063
2402.000 0.064
2403.000 0.064
2404.000 0.064
2405.000 0.064
2406.000 0.063
2407.000 0.063
2408.000 0.063
2409.000 0.064
2410.000 0.064
2411.000 0.064
2412.000 0.064
2413.000 0.064
2414.000 0.065
2415.000 0.063
2416.000 0.064
2417.000 0.064
2418.000 0.064
2419.000 0.065
2420.000 0.065
2421.000 0.065
2422.000 0.064
2423.000 0.064
2424.000 0.065
2425.000 0.064
2426.000 0.064
2427.000 0.066
2428.000 0.066
2429.000 0.067
2430.000 0.066
2431.000 0.069
2432.000 0.069
2433.000 0.068
2434.000 0.069
2435.000 0.068
2436.000 0.068
2437.000 0.068
2438.000 0.067
2439.000 0.068
2440.000 0.068
2441.000 0.068
2442.000 0.069
2443.000 0.067
2444.000 0.068
2445.000 0.069
2446.000 0.069
2447.000 0.068
2448.000 0.068
2449.000 0.069
2450.000 0.069
2451.000 0.069
2452.000 0.070
2453.000 0.069
2454.000 0.068
2455.000 0.070
2456.000 0.070
2457.000 0.070
2458.000 0.070
2459.000 0.069
2460.000 0.069
2461.000 0.073
2462.000 0.072
2463.000 0.072
2464.000 0.072
2465.000 0.072
2466.000 0.071
2467.000 0.073
2468.000 0.072
2469.000 0.073
2470.000 0.077
2471.000 0.074
2472.000 0.074
2473.000 0.073
2474.000 0.074
2475.000 0.074
2476.000 0.075
2477.000 0.075
2478.000 0.074
2479.000 0.073
2480.000 0.074
2481.000 0.075
2482.000 0.075
2483.000 0.075
2484.000 0.074
2485.000 0.075
2486.000 0.074
2487.000 0.075
2488.000 0.075
2489.000 0.076
2490.000 0.078
2491.000 0.077
2492.000 0.077
2493.000 0.076
2494.000 0.077
2495.000 0.081
2496.000 0.077
2497.000 0.079
2498.000 0.079
2499.000 0.078
2500.000 0.078
2501.000 0.079
2502.000 0.078
2503.000 0.080
2504.000 0.080
2505.000 0.082
2506.000 0.080
2507.000 0.081
2508.000 0.082
2509.000 0.085
2510.000 0.084
2511.000 0.082
2512.000 0.083
2513.000 0.085
2514.000 0.084
2515.000 0.084
2516.000 0.085
2517.000 0.084
2518.000 0.083
2519.000 0.085
2520.000 0.082
2521.000 0.085
2522.000 0.085
2523.000 0.084
2524.000 0.083
2525.000 0.083
2526.000 0.086
2527.000 0.086
2528.000 0.089
2529.000 0.091
2530.000 0.087
2531.000 0.088
2532.000 0.087
2533.000 0.086
2534.000 0.085
2535.000 0.085
2536.000 0.084
2537.000 0.083
2538.000 0.083
2539.000 0.081
2540.000 0.089
2541.000 0.086
2542.000 0.084
2543.000 0.086
2544.000 0.086
2545.000 0.084
2546.000 0.085
2547.000 0.083
2548.000 0.082
2549.000 0.083
2550.000 0.083
2551.000 0.084
2552.000 0.083
2553.000 0.084
2554.000 0.096
2555.000 0.125
2556.000 0.116
2557.000 0.105
2558.000 0.095
2559.000 0.090
2560.000 0.087
2561.000 0.088
2562.000 0.086
2563.000 0.086
2564.000 0.083
2565.000 0.084
2566.000 0.084
2567.000 0.084
2568.000 0.085
2569.000 0.084
2570.000 0.084
2571.000 0.084
2572.000 0.083
2573.000 0.083
2574.000 0.087
2575.000 0.086
2576.000 0.085
2577.000 0.085
2578.000 0.082
2579.000 0.083
2580.000 0.084
2581.000 0.084
2582.000 0.085
2583.000 0.085
2584.000 0.084
2585.000 0.085
2586.000 0.084
2587.000 0.083
2588.000 0.083
2589.000 0.082
2590.000 0.082
2591.000 0.083
2592.000 0.083
2593.000 0.082
2594.000 0.084
2595.000 0.084
2596.000 0.083
2597.000 0.083
2598.000 0.085
2599.000 0.085
2600.000 0.084
