105.000 0.390
110.000 0.134
115.000 0.817
120.000 0.839
125.000 0.889
130.000 1.204
135.000 1.250
140.000 1.262
145.000 1.375
150.000 1.647
155.000 1.831
160.000 2.149
165.000 2.264
170.000 2.208
175.000 2.260
180.000 2.232
185.000 2.262
190.000 2.313
195.000 2.349
200.000 2.649
205.000 2.798
210.000 3.314
215.000 3.925
220.000 4.468
225.000 4.895
230.000 5.227
235.000 5.340
240.000 5.414
245.000 5.545
250.000 5.885
255.000 6.272
260.000 7.125
265.000 7.977
270.000 8.473
275.000 9.518
280.000 9.717
285.000 10.370
290.000 10.872
295.000 10.951
300.000 10.870
305.000 10.807
310.000 10.503
315.000 10.024
320.000 9.880
325.000 11.037
330.000 10.461
335.000 9.591
340.000 9.352
345.000 9.213
350.000 9.055
355.000 9.131
360.000 9.399
365.000 9.773
370.000 9.974
375.000 10.725
380.000 11.169
385.000 12.335
390.000 13.730
395.000 14.498
400.000 16.024
405.000 16.810
410.000 18.416
415.000 20.082
420.000 20.920
425.000 23.606
430.000 24.486
435.000 25.596
440.000 27.284
445.000 27.595
450.000 28.832
455.000 29.286
460.000 30.484
465.000 31.608
470.000 32.072
475.000 33.143
480.000 34.218
485.000 35.232
490.000 36.163
495.000 36.542
500.000 36.957
505.000 35.477
510.000 34.549
515.000 32.916
520.000 30.485
525.000 25.917
530.000 23.552
535.000 19.260
540.000 15.686
545.000 14.051
550.000 11.397
555.000 10.275
560.000 8.784
565.000 7.259
570.000 6.628
575.000 5.601
580.000 5.169
585.000 4.457
590.000 3.897
595.000 3.670
600.000 3.274
605.000 3.110
610.000 2.818
615.000 2.576
620.000 2.479
625.000 2.294
630.000 2.216
635.000 2.080
640.000 1.982
645.000 1.945
650.000 1.877
655.000 1.857
660.000 1.835
665.000 1.851
670.000 1.872
675.000 1.941
680.000 2.001
685.000 2.163
690.000 2.271
695.000 2.516
700.000 2.853
705.000 3.059
710.000 3.518
715.000 3.733
720.000 3.727
725.000 3.441
730.000 3.235
735.000 2.701
740.000 2.434
745.000 1.970
750.000 1.604
755.000 1.457
760.000 1.217
765.000 1.128
770.000 0.964
775.000 0.841
780.000 0.790
785.000 0.704
790.000 0.665
795.000 0.605
800.000 0.554
805.000 0.537
810.000 0.516
815.000 0.499
820.000 0.485
825.000 0.470
830.000 0.462
835.000 0.448
840.000 0.447
845.000 0.438
850.000 0.438
855.000 0.437
860.000 0.440
865.000 0.444
870.000 0.454
875.000 0.468
880.000 0.480
885.000 0.507
890.000 0.523
895.000 0.566
900.000 0.622
905.000 0.658
910.000 0.742
915.000 0.793
920.000 0.910
925.000 1.037
930.000 1.083
935.000 1.139
940.000 1.121
945.000 1.011
950.000 0.857
955.000 0.785
960.000 0.674
965.000 0.625
970.000 0.545
975.000 0.486
980.000 0.463
985.000 0.421
990.000 0.407
995.000 0.378
1000.000 0.359
1005.000 0.348
1010.000 0.331
1015.000 0.328
1020.000 0.313
1025.000 0.315
1030.000 0.314
1035.000 0.313
1040.000 0.309
1045.000 0.312
1050.000 0.321
1055.000 0.319
1060.000 0.328
1065.000 0.335
1070.000 0.345
1075.000 0.363
1080.000 0.375
1085.000 0.400
1090.000 0.416
1095.000 0.448
1100.000 0.505
1105.000 0.535
1110.000 0.603
1115.000 0.661
1120.000 0.777
1125.000 0.961
1130.000 1.071
1135.000 1.301
1140.000 1.388
1145.000 1.411
1150.000 1.226
1155.000 1.100
1160.000 0.890
1165.000 0.802
1170.000 0.663
1175.000 0.560
1180.000 0.522
1185.000 0.457
1190.000 0.432
1195.000 0.390
1200.000 0.357
1205.000 0.344
1210.000 0.324
1215.000 0.314
1220.000 0.301
1225.000 0.293
1230.000 0.289
1235.000 0.286
1240.000 0.285
1245.000 0.286
1250.000 0.293
1255.000 0.297
1260.000 0.310
1265.000 0.319
1270.000 0.339
1275.000 0.353
1280.000 0.384
1285.000 0.428
1290.000 0.457
1295.000 0.532
1300.000 0.588
1305.000 0.723
1310.000 0.933
1315.000 1.057
1320.000 1.377
1325.000 1.562
1330.000 1.893
1335.000 2.020
1340.000 1.954
1345.000 1.625
1350.000 1.455
1355.000 1.152
1360.000 0.936
1365.000 0.854
1370.000 0.726
1375.000 0.676
1380.000 0.599
1385.000 0.548
1390.000 0.528
1395.000 0.504
1400.000 0.493
1405.000 0.477
1410.000 0.466
1415.000 0.463
1420.000 0.462
1425.000 0.461
1430.000 0.466
1435.000 0.478
1440.000 0.484
1445.000 0.503
1450.000 0.514
1455.000 0.544
1460.000 0.586
1465.000 0.610
1470.000 0.680
1475.000 0.727
1480.000 0.860
1485.000 1.057
1490.000 1.188
1495.000 1.520
1500.000 1.708
1505.000 2.029
1510.000 2.051
1515.000 1.903
1520.000 1.482
1525.000 1.279
1530.000 0.968
1535.000 0.761
1540.000 0.685
1545.000 0.568
1550.000 0.525
1555.000 0.462
1560.000 0.421
1565.000 0.405
1570.000 0.379
1575.000 0.370
1580.000 0.354
1585.000 0.349
1590.000 0.348
1595.000 0.348
1600.000 0.352
1605.000 0.365
1610.000 0.385
1615.000 0.399
1620.000 0.439
1625.000 0.469
1630.000 0.562
1635.000 0.706
1640.000 0.805
1645.000 0.996
1650.000 1.050
1655.000 0.987
1660.000 0.774
1665.000 0.666
1670.000 0.505
1675.000 0.448
1680.000 0.367
1685.000 0.320
1690.000 0.305
1695.000 0.292
1700.000 0.289
1705.000 0.293
1710.000 0.307
1715.000 0.319
1720.000 0.352
1725.000 0.380
1730.000 0.453
1735.000 0.564
1740.000 0.628
1745.000 0.712
1750.000 0.686
1755.000 0.517
1760.000 0.348
1765.000 0.289
1770.000 0.207
1775.000 0.179
1780.000 0.140
1785.000 0.115
1790.000 0.104
1795.000 0.091
1800.000 0.085
1805.000 0.079
1810.000 0.072
1815.000 0.071
1820.000 0.068
1825.000 0.067
1830.000 0.066
1835.000 0.063
1840.000 0.064
1845.000 0.063
1850.000 0.063
1855.000 0.062
1860.000 0.062
1865.000 0.063
1870.000 0.062
1875.000 0.062
1880.000 0.061
1885.000 0.062
1890.000 0.062
1895.000 0.063
1900.000 0.063
1905.000 0.062
1910.000 0.063
1915.000 0.062
1920.000 0.063
1925.000 0.062
1930.000 0.063
1935.000 0.062
1940.000 0.064
1945.000 0.062
1950.000 0.062
1955.000 0.065
1960.000 0.063
1965.000 0.063
1970.000 0.064
1975.000 0.063
1980.000 0.063
1985.000 0.063
1990.000 0.065
1995.000 0.066
2000.000 0.064
2005.000 0.065
2010.000 0.067
2015.000 0.065
2020.000 0.064
2025.000 0.067
2030.000 0.067
2035.000 0.068
2040.000 0.063
2045.000 0.064
2050.000 0.066
2055.000 0.065
2060.000 0.067
2065.000 0.066
2070.000 0.065
2075.000 0.066
2080.000 0.066
2085.000 0.066
2090.000 0.067
2095.000 0.066
2100.000 0.066
2105.000 0.066
2110.000 0.066
2115.000 0.066
2120.000 0.066
2125.000 0.066
2130.000 0.066
2135.000 0.066
2140.000 0.067
2145.000 0.066
2150.000 0.066
2155.000 0.067
2160.000 0.066
2165.000 0.066
2170.000 0.067
2175.000 0.066
2180.000 0.067
2185.000 0.067
2190.000 0.067
2195.000 0.067
2200.000 0.067
2205.000 0.068
2210.000 0.067
2215.000 0.068
2220.000 0.067
2225.000 0.069
2230.000 0.068
2235.000 0.067
2240.000 0.069
2245.000 0.068
2250.000 0.069
2255.000 0.068
2260.000 0.069
2265.000 0.069
2270.000 0.069
2275.000 0.069
2280.000 0.069
2285.000 0.069
2290.000 0.069
2295.000 0.069
2300.000 0.070
2305.000 0.070
2310.000 0.070
2315.000 0.070
2320.000 0.069
2325.000 0.070
2330.000 0.070
2335.000 0.070
2340.000 0.070
2345.000 0.069
2350.000 0.069
2355.000 0.071
2360.000 0.070
2365.000 0.069
2370.000 0.070
2375.000 0.071
2380.000 0.070
2385.000 0.071
2390.000 0.069
2395.000 0.071
2400.000 0.071
2405.000 0.071
2410.000 0.071
2415.000 0.071
2420.000 0.071
2425.000 0.072
2430.000 0.072
2435.000 0.071
2440.000 0.073
2445.000 0.072
2450.000 0.073
2455.000 0.073
2460.000 0.072
2465.000 0.072
2470.000 0.073
2475.000 0.073
2480.000 0.073
2485.000 0.074
2490.000 0.075
2495.000 0.075
2500.000 0.074
2505.000 0.074
2510.000 0.075
2515.000 0.075
2520.000 0.075
2525.000 0.075
2530.000 0.076
2535.000 0.076
2540.000 0.077
2545.000 0.075
2550.000 0.076
2555.000 0.076
2560.000 0.076
2565.000 0.076
2570.000 0.077
2575.000 0.077
2580.000 0.078
2585.000 0.078
2590.000 0.078
2595.000 0.078
2600.000 0.077
2605.000 0.079
2610.000 0.079
2615.000 0.079
2620.000 0.081
2625.000 0.080
2630.000 0.080
2635.000 0.080
2640.000 0.080
2645.000 0.082
2650.000 0.082
2655.000 0.083
2660.000 0.083
2665.000 0.083
2670.000 0.083
2675.000 0.083
2680.000 0.083
2685.000 0.083
2690.000 0.083
2695.000 0.084
2700.000 0.084
2705.000 0.084
2710.000 0.085
2715.000 0.086
2720.000 0.084
2725.000 0.084
2730.000 0.087
2735.000 0.086
2740.000 0.086
2745.000 0.086
2750.000 0.086
2755.000 0.086
2760.000 0.086
2765.000 0.086
2770.000 0.086
2775.000 0.088
2780.000 0.087
2785.000 0.088
2790.000 0.089
2795.000 0.087
2800.000 0.088
2805.000 0.088
2810.000 0.088
2815.000 0.087
2820.000 0.089
2825.000 0.089
2830.000 0.089
2835.000 0.089
2840.000 0.088
2845.000 0.090
2850.000 0.089
2855.000 0.089
2860.000 0.090
2865.000 0.089
2870.000 0.091
2875.000 0.091
2880.000 0.091
2885.000 0.091
2890.000 0.092
2895.000 0.090
2900.000 0.091
2905.000 0.091
2910.000 0.093
2915.000 0.092
2920.000 0.092
2925.000 0.093
2930.000 0.091
2935.000 0.093
2940.000 0.096
2945.000 0.095
2950.000 0.096
2955.000 0.095
2960.000 0.096
2965.000 0.097
2970.000 0.095
2975.000 0.098
2980.000 0.098
2985.000 0.095
2990.000 0.102
2995.000 0.094
3000.000 0.096
3005.000 0.096
3010.000 0.100
3015.000 0.097
3020.000 0.094
3025.000 0.097
3030.000 0.099
3035.000 0.100
3040.000 0.101
3045.000 0.101
3050.000 0.099
3055.000 0.096
3060.000 0.098
3065.000 0.100
3070.000 0.098
3075.000 0.097
3080.000 0.098
3085.000 0.097
3090.000 0.098
3095.000 0.097
3100.000 0.096
3105.000 0.098
3110.000 0.098
3115.000 0.096
3120.000 0.095
3125.000 0.096
3130.000 0.096
3135.000 0.096
3140.000 0.095
3145.000 0.095
3150.000 0.094
3155.000 0.095
3160.000 0.097
3165.000 0.095
3170.000 0.096
3175.000 0.095
3180.000 0.097
3185.000 0.098
3190.000 0.098
3195.000 0.097
3200.000 0.097
3205.000 0.096
3210.000 0.096
3215.000 0.096
3220.000 0.096
3225.000 0.096
3230.000 0.095
3235.000 0.096
3240.000 0.097
3245.000 0.097
3250.000 0.098
3255.000 0.098
3260.000 0.097
3265.000 0.097
3270.000 0.098
3275.000 0.097
3280.000 0.098
3285.000 0.096
3290.000 0.099
3295.000 0.099
3300.000 0.100
3305.000 0.100
3310.000 0.101
3315.000 0.104
3320.000 0.104
3325.000 0.107
3330.000 0.111
3335.000 0.115
3340.000 0.126
3345.000 0.132
3350.000 0.148
3355.000 0.161
3360.000 0.202
3365.000 0.237
3370.000 0.343
3375.000 0.550
3380.000 0.706
3385.000 1.149
3390.000 1.454
3395.000 2.250
3400.000 3.297
3405.000 3.836
3410.000 4.582
3415.000 4.661
3420.000 4.602
3425.000 4.738
3430.000 4.911
3435.000 5.440
3440.000 5.786
3445.000 6.381
3450.000 6.447
3455.000 6.218
3460.000 5.421
3465.000 5.046
3470.000 4.458
3475.000 4.088
3480.000 3.975
3485.000 3.875
3490.000 3.876
3495.000 3.997
3500.000 4.290
3505.000 4.512
3510.000 5.078
3515.000 5.438
3520.000 6.243
3525.000 6.943
3530.000 7.103
3535.000 6.823
3540.000 6.375
3545.000 5.184
3550.000 4.014
3555.000 3.536
3560.000 2.783
3565.000 2.501
3570.000 2.072
3575.000 1.788
3580.000 1.686
3585.000 1.541
3590.000 1.492
3595.000 1.451
3600.000 1.468
3605.000 1.504
3610.000 1.609
3615.000 1.685
3620.000 1.912
3625.000 2.266
3630.000 2.494
3635.000 3.007
3640.000 3.234
3645.000 3.383
3650.000 2.982
3655.000 2.694
3660.000 2.136
3665.000 1.907
3670.000 1.577
3675.000 1.372
3680.000 1.294
3685.000 1.180
3690.000 1.138
3695.000 1.071
3700.000 1.022
3705.000 1.009
3710.000 0.994
3715.000 0.997
3720.000 1.012
3725.000 1.053
3730.000 1.080
3735.000 1.158
3740.000 1.214
3745.000 1.372
3750.000 1.632
3755.000 1.811
3760.000 2.289
3765.000 2.586
3770.000 3.195
3775.000 3.491
3780.000 3.386
3785.000 2.829
3790.000 2.498
3795.000 1.924
3800.000 1.519
3805.000 1.368
3810.000 1.150
3815.000 1.080
3820.000 0.977
3825.000 0.905
3830.000 0.877
3835.000 0.837
3840.000 0.820
3845.000 0.803
3850.000 0.797
3855.000 0.795
3860.000 0.809
3865.000 0.823
3870.000 0.855
3875.000 0.912
3880.000 0.951
3885.000 1.062
3890.000 1.143
3895.000 1.357
3900.000 1.647
3905.000 1.800
3910.000 2.004
3915.000 1.986
3920.000 1.730
3925.000 1.362
3930.000 1.195
3935.000 0.944
3940.000 0.859
3945.000 0.733
3950.000 0.682
3955.000 0.619
3960.000 0.568
3965.000 0.557
3970.000 0.529
3975.000 0.526
3980.000 0.519
3985.000 0.516
3990.000 0.525
3995.000 0.546
4000.000 0.573
4005.000 0.609
4010.000 0.679
4015.000 0.730
4020.000 0.892
4025.000 1.001
4030.000 1.277
4035.000 1.581
4040.000 1.702
4045.000 1.731
4050.000 1.616
4055.000 1.287
4060.000 0.989
4065.000 0.873
4070.000 0.701
4075.000 0.642
4080.000 0.555
4085.000 0.505
4090.000 0.484
4095.000 0.449
4100.000 0.437
4105.000 0.418
4110.000 0.408
4115.000 0.407
4120.000 0.408
4125.000 0.413
4130.000 0.434
4135.000 0.469
4140.000 0.491
4145.000 0.540
4150.000 0.561
4155.000 0.574
4160.000 0.545
4165.000 0.506
4170.000 0.403
4175.000 0.354
4180.000 0.276
4185.000 0.230
4190.000 0.215
4195.000 0.195
4200.000 0.190
4205.000 0.183
4210.000 0.190
4215.000 0.194
4220.000 0.209
4225.000 0.220
4230.000 0.253
4235.000 0.302
4240.000 0.332
4245.000 0.394
4250.000 0.413
4255.000 0.403
4260.000 0.333
4265.000 0.299
4270.000 0.247
4275.000 0.229
4280.000 0.198
4285.000 0.179
4290.000 0.167
4295.000 0.142
4300.000 0.130
4305.000 0.097
4310.000 0.067
4315.000 0.060
4320.000 0.063
4325.000 0.067
4330.000 0.073
4335.000 0.076
4340.000 0.079
4345.000 0.082
4350.000 0.083
4355.000 0.085
4360.000 0.087
4365.000 0.088
4370.000 0.087
4375.000 0.088
4380.000 0.088
4385.000 0.089
4390.000 0.088
4395.000 0.090
4400.000 0.090
4405.000 0.091
4410.000 0.090
4415.000 0.092
4420.000 0.092
4425.000 0.092
4430.000 0.092
4435.000 0.093
4440.000 0.093
4445.000 0.093
4450.000 0.093
4455.000 0.094
4460.000 0.094
4465.000 0.094
4470.000 0.095
4475.000 0.095
4480.000 0.096
4485.000 0.096
4490.000 0.096
4495.000 0.097
4500.000 0.097
4505.000 0.097
4510.000 0.097
4515.000 0.098
4520.000 0.098
4525.000 0.099
4530.000 0.099
4535.000 0.098
4540.000 0.098
4545.000 0.099
4550.000 0.100
4555.000 0.100
4560.000 0.101
4565.000 0.100
4570.000 0.102
4575.000 0.101
4580.000 0.102
4585.000 0.102
4590.000 0.102
4595.000 0.104
4600.000 0.103
4605.000 0.105
4610.000 0.105
4615.000 0.106
4620.000 0.107
4625.000 0.108
4630.000 0.106
4635.000 0.106
4640.000 0.107
4645.000 0.107
4650.000 0.106
4655.000 0.107
4660.000 0.106
4665.000 0.106
4670.000 0.107
4675.000 0.106
4680.000 0.107
4685.000 0.107
4690.000 0.108
4695.000 0.106
4700.000 0.105
4705.000 0.106
4710.000 0.106
4715.000 0.106
4720.000 0.106
4725.000 0.107
4730.000 0.107
4735.000 0.109
4740.000 0.108
4745.000 0.108
4750.000 0.107
4755.000 0.109
4760.000 0.107
4765.000 0.108
4770.000 0.107
4775.000 0.108
4780.000 0.108
4785.000 0.108
4790.000 0.108
4795.000 0.107
4800.000 0.108
4805.000 0.109
4810.000 0.109
4815.000 0.107
4820.000 0.109
4825.000 0.109
4830.000 0.110
4835.000 0.110
4840.000 0.110
4845.000 0.109
4850.000 0.109
4855.000 0.109
4860.000 0.110
4865.000 0.109
4870.000 0.109
4875.000 0.110
4880.000 0.109
4885.000 0.109
4890.000 0.109
4895.000 0.110
4900.000 0.110
4905.000 0.110
4910.000 0.112
4915.000 0.112
4920.000 0.112
4925.000 0.115
4930.000 0.113
4935.000 0.112
4940.000 0.112
4945.000 0.112
4950.000 0.112
4955.000 0.112
4960.000 0.109
4965.000 0.111
4970.000 0.113
4975.000 0.112
4980.000 0.110
4985.000 0.113
4990.000 0.112
4995.000 0.112
5000.000 0.117
5005.000 0.109
5010.000 0.111
5015.000 0.109
5020.000 0.116
5025.000 0.109
5030.000 0.110
5035.000 0.114
5040.000 0.114
5045.000 0.115
5050.000 0.114
5055.000 0.113
5060.000 0.112
5065.000 0.110
5070.000 0.114
5075.000 0.113
5080.000 0.112
5085.000 0.111
5090.000 0.112
5095.000 0.112
5100.000 0.114
5105.000 0.112
5110.000 0.113
5115.000 0.113
5120.000 0.113
5125.000 0.113
5130.000 0.116
5135.000 0.113
5140.000 0.113
5145.000 0.113
5150.000 0.114
5155.000 0.113
5160.000 0.114
5165.000 0.114
5170.000 0.115
5175.000 0.113
5180.000 0.114
5185.000 0.114
5190.000 0.114
5195.000 0.115
5200.000 0.115
5205.000 0.113
5210.000 0.113
5215.000 0.114
5220.000 0.115
5225.000 0.115
5230.000 0.114
5235.000 0.113
5240.000 0.115
5245.000 0.115
5250.000 0.115
5255.000 0.114
5260.000 0.115
5265.000 0.113
5270.000 0.114
5275.000 0.116
5280.000 0.116
5285.000 0.114
5290.000 0.114
5295.000 0.116
5300.000 0.115
5305.000 0.118
5310.000 0.118
5315.000 0.119
5320.000 0.118
5325.000 0.119
5330.000 0.118
5335.000 0.119
5340.000 0.118
5345.000 0.121
5350.000 0.122
5355.000 0.124
5360.000 0.122
5365.000 0.120
5370.000 0.121
5375.000 0.119
5380.000 0.123
5385.000 0.122
5390.000 0.121
5395.000 0.120
5400.000 0.119
5405.000 0.120
5410.000 0.120
5415.000 0.119
5420.000 0.119
5425.000 0.119
5430.000 0.120
5435.000 0.118
5440.000 0.118
5445.000 0.119
5450.000 0.119
5455.000 0.119
5460.000 0.118
5465.000 0.120
5470.000 0.120
5475.000 0.119
5480.000 0.122
5485.000 0.120
5490.000 0.121
5495.000 0.121
5500.000 0.121
5505.000 0.120
5510.000 0.120
5515.000 0.118
5520.000 0.123
5525.000 0.124
5530.000 0.125
5535.000 0.122
5540.000 0.121
5545.000 0.122
5550.000 0.120
5555.000 0.121
5560.000 0.119
5565.000 0.121
5570.000 0.121
5575.000 0.119
5580.000 0.120
5585.000 0.121
5590.000 0.120
5595.000 0.121
5600.000 0.122
5605.000 0.121
5610.000 0.121
5615.000 0.129
5620.000 0.130
5625.000 0.134
5630.000 0.135
5635.000 0.134
5640.000 0.132
5645.000 0.134
5650.000 0.130
5655.000 0.128
5660.000 0.127
5665.000 0.126
5670.000 0.125
5675.000 0.123
5680.000 0.124
5685.000 0.124
5690.000 0.123
5695.000 0.124
5700.000 0.123
5705.000 0.124
5710.000 0.123
5715.000 0.123
5720.000 0.123
5725.000 0.123
5730.000 0.123
5735.000 0.123
5740.000 0.123
5745.000 0.125
5750.000 0.123
5755.000 0.123
5760.000 0.123
5765.000 0.123
5770.000 0.122
5775.000 0.124
5780.000 0.124
5785.000 0.123
5790.000 0.125
5795.000 0.122
5800.000 0.124
5805.000 0.123
5810.000 0.122
5815.000 0.123
5820.000 0.124
5825.000 0.124
5830.000 0.126
5835.000 0.123
5840.000 0.125
5845.000 0.124
5850.000 0.125
5855.000 0.125
5860.000 0.124
5865.000 0.124
5870.000 0.125
5875.000 0.127
5880.000 0.127
5885.000 0.127
5890.000 0.126
5895.000 0.126
5900.000 0.127
5905.000 0.126
5910.000 0.126
5915.000 0.127
5920.000 0.126
5925.000 0.126
5930.000 0.126
5935.000 0.125
5940.000 0.129
5945.000 0.128
5950.000 0.129
5955.000 0.127
5960.000 0.131
5965.000 0.128
5970.000 0.129
5975.000 0.126
5980.000 0.125
5985.000 0.128
5990.000 0.130
5995.000 0.131
6000.000 0.134
6005.000 0.129
6010.000 0.127
6015.000 0.130
6020.000 0.134
6025.000 0.127
6030.000 0.130
6035.000 0.129
6040.000 0.128
6045.000 0.127
6050.000 0.131
6055.000 0.130
6060.000 0.130
6065.000 0.130
6070.000 0.130
6075.000 0.130
6080.000 0.131
6085.000 0.130
6090.000 0.131
6095.000 0.130
6100.000 0.132
6105.000 0.130
6110.000 0.127
6115.000 0.130
6120.000 0.130
6125.000 0.130
6130.000 0.129
6135.000 0.131
6140.000 0.130
6145.000 0.130
6150.000 0.133
6155.000 0.135
6160.000 0.134
6165.000 0.134
6170.000 0.135
6175.000 0.133
6180.000 0.133
6185.000 0.132
6190.000 0.132
6195.000 0.134
6200.000 0.135
6205.000 0.136
6210.000 0.134
6215.000 0.133
6220.000 0.132
6225.000 0.132
6230.000 0.132
6235.000 0.133
6240.000 0.132
6245.000 0.133
6250.000 0.132
6255.000 0.132
6260.000 0.134
6265.000 0.132
6270.000 0.132
6275.000 0.132
6280.000 0.133
6285.000 0.134
6290.000 0.134
6295.000 0.132
6300.000 0.133
6305.000 0.134
6310.000 0.135
6315.000 0.139
6320.000 0.138
6325.000 0.134
6330.000 0.132
6335.000 0.135
6340.000 0.134
6345.000 0.133
6350.000 0.134
6355.000 0.135
6360.000 0.135
6365.000 0.136
6370.000 0.135
6375.000 0.136
6380.000 0.136
6385.000 0.135
6390.000 0.136
6395.000 0.132
6400.000 0.134
6405.000 0.134
6410.000 0.134
6415.000 0.135
6420.000 0.133
6425.000 0.135
6430.000 0.135
6435.000 0.135
6440.000 0.134
6445.000 0.135
6450.000 0.134
6455.000 0.136
6460.000 0.135
6465.000 0.134
6470.000 0.135
6475.000 0.133
6480.000 0.133
6485.000 0.135
6490.000 0.134
6495.000 0.134
6500.000 0.135
6505.000 0.136
6510.000 0.136
6515.000 0.135
6520.000 0.136
6525.000 0.135
6530.000 0.136
6535.000 0.136
6540.000 0.134
6545.000 0.135
6550.000 0.134
6555.000 0.133
6560.000 0.134
6565.000 0.135
6570.000 0.135
6575.000 0.134
6580.000 0.136
6585.000 0.136
6590.000 0.135
6595.000 0.137
6600.000 0.134
6605.000 0.135
6610.000 0.136
6615.000 0.137
6620.000 0.136
6625.000 0.137
6630.000 0.136
6635.000 0.135
6640.000 0.135
6645.000 0.134
6650.000 0.142
6655.000 0.145
6660.000 0.145
6665.000 0.143
6670.000 0.141
6675.000 0.140
6680.000 0.141
6685.000 0.138
6690.000 0.139
6695.000 0.138
6700.000 0.142
6705.000 0.140
6710.000 0.143
6715.000 0.150
6720.000 0.150
6725.000 0.152
6730.000 0.157
6735.000 0.168
6740.000 0.174
6745.000 0.194
6750.000 0.213
6755.000 0.271
6760.000 0.388
6765.000 0.488
6770.000 0.809
6775.000 1.036
6780.000 1.576
6785.000 2.097
6790.000 2.367
6795.000 2.866
6800.000 3.118
6805.000 3.619
6810.000 3.927
6815.000 3.958
6820.000 3.911
6825.000 3.904
6830.000 4.017
6835.000 4.296
6840.000 4.484
6845.000 4.907
6850.000 5.092
6855.000 5.258
6860.000 4.979
6865.000 4.666
6870.000 3.918
6875.000 3.576
6880.000 3.026
6885.000 2.641
6890.000 2.510
6895.000 2.355
6900.000 2.330
6905.000 2.389
6910.000 2.598
6915.000 2.743
6920.000 3.013
6925.000 3.080
6930.000 2.987
6935.000 2.567
6940.000 2.342
6945.000 1.944
6950.000 1.788
6955.000 1.558
6960.000 1.419
6965.000 1.372
6970.000 1.326
6975.000 1.323
6980.000 1.375
6985.000 1.488
6990.000 1.572
6995.000 1.792
7000.000 1.914
7005.000 2.178
7010.000 2.257
7015.000 2.206
7020.000 1.955
7025.000 1.789
7030.000 1.509
7035.000 1.301
7040.000 1.216
7045.000 1.087
7050.000 1.042
7055.000 0.972
7060.000 0.941
7065.000 0.936
7070.000 0.943
7075.000 0.961
7080.000 1.012
7085.000 1.103
7090.000 1.162
7095.000 1.295
7100.000 1.356
7105.000 1.412
7110.000 1.341
7115.000 1.265
7120.000 1.112
7125.000 1.046
7130.000 0.935
7135.000 0.859
7140.000 0.837
7145.000 0.802
7150.000 0.795
7155.000 0.796
7160.000 0.822
7165.000 0.841
7170.000 0.899
7175.000 0.937
7180.000 1.036
7185.000 1.133
7190.000 1.167
7195.000 1.158
7200.000 1.121
7205.000 1.000
7210.000 0.848
7215.000 0.777
7220.000 0.654
7225.000 0.608
7230.000 0.537
7235.000 0.509
7240.000 0.468
7245.000 0.440
7250.000 0.430
7255.000 0.422
7260.000 0.422
7265.000 0.430
7270.000 0.440
7275.000 0.444
7280.000 0.450
7285.000 0.447
7290.000 0.416
7295.000 0.378
7300.000 0.365
7305.000 0.353
7310.000 0.352
7315.000 0.350
7320.000 0.362
7325.000 0.371
7330.000 0.390
7335.000 0.398
7340.000 0.397
7345.000 0.377
7350.000 0.353
7355.000 0.293
7360.000 0.258
7365.000 0.205
7370.000 0.157
7375.000 0.133
7380.000 0.096
7385.000 0.084
7390.000 0.075
7395.000 0.082
7400.000 0.088
7405.000 0.098
7410.000 0.101
7415.000 0.105
7420.000 0.107
7425.000 0.108
7430.000 0.108
7435.000 0.110
7440.000 0.109
7445.000 0.110
7450.000 0.109
7455.000 0.111
7460.000 0.112
7465.000 0.116
7470.000 0.113
7475.000 0.114
7480.000 0.112
7485.000 0.112
7490.000 0.113
7495.000 0.113
7500.000 0.113
7505.000 0.113
7510.000 0.113
7515.000 0.113
7520.000 0.112
7525.000 0.112
7530.000 0.112
7535.000 0.110
7540.000 0.111
7545.000 0.112
7550.000 0.112
7555.000 0.113
7560.000 0.111
7565.000 0.112
7570.000 0.112
7575.000 0.112
7580.000 0.112
7585.000 0.111
7590.000 0.112
7595.000 0.111
7600.000 0.111
7605.000 0.111
7610.000 0.112
7615.000 0.113
7620.000 0.111
7625.000 0.113
7630.000 0.112
7635.000 0.112
7640.000 0.111
7645.000 0.112
7650.000 0.111
7655.000 0.112
7660.000 0.112
7665.000 0.113
7670.000 0.113
7675.000 0.112
7680.000 0.113
7685.000 0.112
7690.000 0.114
7695.000 0.113
7700.000 0.114
7705.000 0.112
7710.000 0.113
7715.000 0.112
7720.000 0.113
7725.000 0.113
7730.000 0.113
7735.000 0.112
7740.000 0.112
7745.000 0.113
7750.000 0.114
7755.000 0.112
7760.000 0.113
7765.000 0.113
7770.000 0.115
7775.000 0.113
7780.000 0.113
7785.000 0.115
7790.000 0.115
7795.000 0.116
7800.000 0.116
7805.000 0.116
7810.000 0.118
7815.000 0.122
7820.000 0.120
7825.000 0.117
7830.000 0.116
7835.000 0.117
7840.000 0.115
7845.000 0.115
7850.000 0.114
7855.000 0.114
7860.000 0.113
7865.000 0.114
7870.000 0.113
7875.000 0.121
7880.000 0.119
7885.000 0.120
7890.000 0.118
7895.000 0.118
7900.000 0.118
7905.000 0.117
7910.000 0.117
7915.000 0.116
7920.000 0.116
7925.000 0.115
7930.000 0.115
7935.000 0.115
7940.000 0.115
7945.000 0.116
7950.000 0.116
7955.000 0.114
7960.000 0.117
7965.000 0.116
7970.000 0.115
7975.000 0.117
7980.000 0.116
7985.000 0.115
7990.000 0.117
7995.000 0.115
8000.000 0.113
8005.000 0.117
8010.000 0.119
8015.000 0.119
8020.000 0.116
8025.000 0.120
8030.000 0.118
8035.000 0.119
8040.000 0.115
8045.000 0.116
8050.000 0.119
8055.000 0.117
8060.000 0.119
8065.000 0.118
8070.000 0.118
8075.000 0.119
8080.000 0.118
8085.000 0.118
8090.000 0.119
8095.000 0.118
8100.000 0.119
8105.000 0.119
8110.000 0.118
8115.000 0.120
8120.000 0.120
8125.000 0.121
8130.000 0.121
8135.000 0.121
8140.000 0.121
8145.000 0.122
8150.000 0.122
8155.000 0.123
8160.000 0.123
8165.000 0.122
8170.000 0.123
8175.000 0.124
8180.000 0.125
8185.000 0.125
8190.000 0.124
8195.000 0.125
8200.000 0.124
8205.000 0.125
8210.000 0.125
8215.000 0.125
8220.000 0.125
8225.000 0.126
8230.000 0.127
8235.000 0.127
8240.000 0.128
8245.000 0.128
8250.000 0.129
8255.000 0.130
8260.000 0.129
8265.000 0.129
8270.000 0.129
8275.000 0.130
8280.000 0.130
8285.000 0.131
8290.000 0.131
8295.000 0.131
8300.000 0.131
8305.000 0.131
8310.000 0.131
8315.000 0.132
8320.000 0.131
8325.000 0.135
8330.000 0.135
8335.000 0.136
8340.000 0.134
8345.000 0.133
8350.000 0.133
8355.000 0.132
8360.000 0.132
8365.000 0.136
8370.000 0.135
8375.000 0.134
8380.000 0.133
8385.000 0.133
8390.000 0.132
8395.000 0.130
8400.000 0.130
8405.000 0.132
8410.000 0.133
8415.000 0.133
8420.000 0.135
8425.000 0.134
8430.000 0.132
8435.000 0.133
8440.000 0.133
8445.000 0.133
8450.000 0.131
8455.000 0.132
8460.000 0.132
8465.000 0.133
8470.000 0.131
8475.000 0.132
8480.000 0.133
8485.000 0.132
8490.000 0.132
8495.000 0.132
8500.000 0.132
8505.000 0.133
8510.000 0.133
8515.000 0.134
8520.000 0.133
8525.000 0.134
8530.000 0.133
8535.000 0.132
8540.000 0.134
8545.000 0.135
8550.000 0.134
8555.000 0.135
8560.000 0.134
8565.000 0.133
8570.000 0.134
8575.000 0.132
8580.000 0.134
8585.000 0.134
8590.000 0.133
8595.000 0.134
8600.000 0.133
8605.000 0.134
8610.000 0.135
8615.000 0.135
8620.000 0.134
8625.000 0.134
8630.000 0.135
8635.000 0.134
8640.000 0.134
8645.000 0.134
8650.000 0.135
8655.000 0.135
8660.000 0.135
8665.000 0.135
8670.000 0.136
8675.000 0.134
8680.000 0.135
8685.000 0.135
8690.000 0.135
8695.000 0.135
8700.000 0.136
8705.000 0.137
8710.000 0.136
8715.000 0.135
8720.000 0.135
8725.000 0.134
8730.000 0.134
8735.000 0.137
8740.000 0.135
8745.000 0.135
8750.000 0.136
8755.000 0.135
8760.000 0.135
8765.000 0.136
8770.000 0.136
8775.000 0.136
8780.000 0.136
8785.000 0.137
8790.000 0.135
8795.000 0.136
8800.000 0.135
8805.000 0.136
8810.000 0.136
8815.000 0.139
8820.000 0.137
8825.000 0.144
8830.000 0.131
8835.000 0.146
8840.000 0.136
8845.000 0.137
8850.000 0.139
8855.000 0.139
8860.000 0.136
8865.000 0.137
8870.000 0.137
8875.000 0.136
8880.000 0.136
8885.000 0.135
8890.000 0.137
8895.000 0.138
8900.000 0.138
8905.000 0.138
8910.000 0.139
8915.000 0.137
8920.000 0.135
8925.000 0.138
8930.000 0.137
8935.000 0.136
8940.000 0.140
8945.000 0.137
8950.000 0.139
8955.000 0.139
8960.000 0.138
8965.000 0.139
8970.000 0.138
8975.000 0.141
8980.000 0.140
8985.000 0.136
8990.000 0.140
8995.000 0.138
9000.000 0.137
9005.000 0.136
9010.000 0.139
9015.000 0.138
9020.000 0.142
9025.000 0.141
9030.000 0.145
9035.000 0.140
9040.000 0.141
9045.000 0.138
9050.000 0.137
9055.000 0.140
9060.000 0.140
9065.000 0.136
9070.000 0.138
9075.000 0.140
9080.000 0.143
9085.000 0.141
9090.000 0.140
9095.000 0.139
9100.000 0.139
9105.000 0.140
9110.000 0.138
9115.000 0.138
9120.000 0.139
9125.000 0.139
9130.000 0.139
9135.000 0.137
9140.000 0.138
9145.000 0.138
9150.000 0.137
9155.000 0.137
9160.000 0.139
9165.000 0.139
9170.000 0.138
9175.000 0.139
9180.000 0.139
9185.000 0.139
9190.000 0.139
9195.000 0.140
9200.000 0.138
9205.000 0.138
9210.000 0.139
9215.000 0.138
9220.000 0.138
9225.000 0.139
9230.000 0.140
9235.000 0.141
9240.000 0.141
9245.000 0.139
9250.000 0.139
9255.000 0.139
9260.000 0.139
9265.000 0.138
9270.000 0.139
9275.000 0.139
9280.000 0.139
9285.000 0.138
9290.000 0.139
9295.000 0.140
9300.000 0.139
9305.000 0.139
9310.000 0.140
9315.000 0.139
9320.000 0.141
9325.000 0.141
9330.000 0.139
9335.000 0.140
9340.000 0.141
9345.000 0.140
9350.000 0.141
9355.000 0.139
9360.000 0.140
9365.000 0.138
9370.000 0.138
9375.000 0.138
9380.000 0.140
9385.000 0.140
9390.000 0.140
9395.000 0.138
9400.000 0.137
9405.000 0.138
9410.000 0.140
9415.000 0.140
9420.000 0.141
9425.000 0.139
9430.000 0.141
9435.000 0.141
9440.000 0.140
9445.000 0.141
9450.000 0.140
9455.000 0.141
9460.000 0.142
9465.000 0.142
9470.000 0.141
9475.000 0.140
9480.000 0.139
9485.000 0.141
9490.000 0.140
9495.000 0.141
9500.000 0.141
9505.000 0.141
9510.000 0.140
9515.000 0.139
9520.000 0.137
9525.000 0.139
9530.000 0.139
9535.000 0.140
9540.000 0.139
9545.000 0.140
9550.000 0.140
9555.000 0.140
9560.000 0.139
9565.000 0.140
9570.000 0.139
9575.000 0.140
9580.000 0.140
9585.000 0.140
9590.000 0.138
9595.000 0.139
9600.000 0.141
9605.000 0.142
9610.000 0.139
9615.000 0.141
9620.000 0.141
9625.000 0.140
9630.000 0.141
9635.000 0.139
9640.000 0.139
9645.000 0.139
9650.000 0.138
9655.000 0.139
9660.000 0.140
9665.000 0.139
9670.000 0.140
9675.000 0.140
9680.000 0.139
9685.000 0.139
9690.000 0.141
9695.000 0.142
9700.000 0.140
9705.000 0.139
9710.000 0.137
9715.000 0.138
9720.000 0.140
9725.000 0.139
9730.000 0.139
9735.000 0.139
9740.000 0.140
9745.000 0.139
9750.000 0.141
9755.000 0.139
9760.000 0.138
9765.000 0.139
9770.000 0.140
9775.000 0.138
9780.000 0.140
9785.000 0.138
9790.000 0.139
9795.000 0.139
9800.000 0.140
9805.000 0.141
9810.000 0.142
9815.000 0.142
9820.000 0.143
9825.000 0.140
9830.000 0.141
9835.000 0.139
9840.000 0.141
9845.000 0.140
9850.000 0.139
9855.000 0.141
9860.000 0.139
9865.000 0.139
9870.000 0.140
9875.000 0.141
9880.000 0.141
9885.000 0.139
9890.000 0.141
9895.000 0.140
9900.000 0.140
9905.000 0.140
9910.000 0.141
9915.000 0.139
9920.000 0.140
9925.000 0.141
9930.000 0.139
9935.000 0.139
9940.000 0.139
9945.000 0.140
9950.000 0.140
9955.000 0.139
9960.000 0.140
9965.000 0.141
9970.000 0.139
9975.000 0.140
9980.000 0.141
9985.000 0.140
9990.000 0.139
9995.000 0.139
10000.000 0.141
10005.000 0.139
10010.000 0.138
10015.000 0.139
10020.000 0.143
10025.000 0.140
10030.000 0.140
10035.000 0.143
10040.000 0.142
10045.000 0.143
10050.000 0.144
10055.000 0.142
10060.000 0.143
10065.000 0.142
10070.000 0.145
10075.000 0.144
10080.000 0.144
10085.000 0.144
10090.000 0.144
10095.000 0.143
10100.000 0.143
10105.000 0.135
10110.000 0.131
10115.000 0.108
10120.000 0.068
10125.000 0.048
10130.000 0.117
10135.000 0.258
10140.000 0.622
10145.000 0.921
10150.000 1.050
10155.000 1.233
10160.000 1.288
10165.000 1.362
10170.000 1.418
10175.000 1.447
10180.000 1.496
10185.000 1.510
10190.000 1.493
10195.000 1.385
10200.000 1.308
10205.000 1.133
10210.000 1.049
10215.000 0.930
10220.000 0.866
10225.000 0.867
10230.000 0.906
10235.000 0.965
10240.000 1.127
10245.000 1.318
10250.000 1.399
10255.000 1.495
10260.000 1.493
10265.000 1.412
10270.000 1.283
10275.000 1.217
10280.000 1.096
10285.000 1.044
10290.000 0.966
10295.000 0.920
10300.000 0.908
10305.000 0.903
10310.000 0.902
10315.000 0.899
10320.000 0.880
10325.000 0.855
10330.000 0.779
10335.000 0.722
10340.000 0.608
10345.000 0.506
10350.000 0.468
10355.000 0.408
10360.000 0.387
10365.000 0.356
10370.000 0.350
10375.000 0.357
10380.000 0.381
10385.000 0.401
10390.000 0.463
10395.000 0.564
10400.000 0.628
10405.000 0.719
10410.000 0.739
10415.000 0.721
10420.000 0.660
10425.000 0.629
10430.000 0.575
10435.000 0.557
10440.000 0.531
10445.000 0.517
10450.000 0.514
10455.000 0.515
10460.000 0.517
10465.000 0.522
10470.000 0.523
10475.000 0.517
10480.000 0.490
10485.000 0.457
10490.000 0.378
10495.000 0.338
10500.000 0.262
10505.000 0.201
10510.000 0.181
10515.000 0.136
10520.000 0.119
10525.000 0.097
10530.000 0.094
10535.000 0.100
10540.000 0.137
10545.000 0.170
10550.000 0.255
10555.000 0.343
10560.000 0.378
10565.000 0.419
10570.000 0.425
10575.000 0.424
10580.000 0.404
10585.000 0.390
10590.000 0.363
10595.000 0.348
10600.000 0.314
10605.000 0.278
10610.000 0.258
10615.000 0.214
10620.000 0.188
10625.000 0.148
10630.000 0.117
10635.000 0.107
10640.000 0.097
10645.000 0.098
10650.000 0.108
10655.000 0.121
10660.000 0.129
10665.000 0.138
10670.000 0.139
10675.000 0.142
10680.000 0.138
10685.000 0.141
10690.000 0.139
10695.000 0.139
10700.000 0.139
10705.000 0.140
10710.000 0.140
10715.000 0.141
10720.000 0.140
10725.000 0.138
10730.000 0.141
10735.000 0.141
10740.000 0.139
10745.000 0.140
10750.000 0.139
10755.000 0.140
10760.000 0.140
10765.000 0.139
10770.000 0.137
10775.000 0.137
10780.000 0.137
10785.000 0.138
10790.000 0.139
10795.000 0.139
10800.000 0.138
10805.000 0.140
10810.000 0.138
10815.000 0.139
10820.000 0.141
10825.000 0.140
10830.000 0.141
10835.000 0.140
10840.000 0.139
10845.000 0.138
10850.000 0.140
10855.000 0.139
10860.000 0.140
10865.000 0.138
10870.000 0.140
10875.000 0.138
10880.000 0.138
10885.000 0.141
10890.000 0.139
10895.000 0.138
10900.000 0.139
10905.000 0.142
10910.000 0.141
10915.000 0.140
10920.000 0.139
10925.000 0.138
10930.000 0.137
10935.000 0.137
10940.000 0.141
10945.000 0.139
10950.000 0.137
10955.000 0.138
10960.000 0.139
10965.000 0.137
10970.000 0.138
10975.000 0.139
10980.000 0.140
10985.000 0.140
10990.000 0.140
10995.000 0.139
11000.000 0.139
11005.000 0.141
11010.000 0.141
11015.000 0.141
11020.000 0.139
11025.000 0.142
11030.000 0.140
11035.000 0.142
11040.000 0.140
11045.000 0.143
11050.000 0.142
11055.000 0.139
11060.000 0.141
11065.000 0.138
11070.000 0.139
11075.000 0.138
11080.000 0.138
11085.000 0.138
11090.000 0.137
11095.000 0.138
11100.000 0.136
11105.000 0.138
11110.000 0.138
11115.000 0.138
11120.000 0.138
11125.000 0.137
11130.000 0.137
11135.000 0.136
11140.000 0.137
11145.000 0.136
11150.000 0.137
11155.000 0.138
11160.000 0.137
11165.000 0.135
11170.000 0.136
11175.000 0.135
11180.000 0.136
11185.000 0.135
11190.000 0.136
11195.000 0.137
11200.000 0.137
11205.000 0.136
11210.000 0.135
11215.000 0.137
11220.000 0.136
11225.000 0.137
11230.000 0.136
11235.000 0.137
11240.000 0.137
11245.000 0.138
11250.000 0.136
11255.000 0.136
11260.000 0.137
11265.000 0.136
11270.000 0.136
11275.000 0.137
11280.000 0.137
11285.000 0.136
11290.000 0.137
11295.000 0.137
11300.000 0.137
11305.000 0.138
11310.000 0.137
11315.000 0.137
11320.000 0.136
11325.000 0.137
11330.000 0.136
11335.000 0.137
11340.000 0.135
11345.000 0.135
11350.000 0.134
11355.000 0.135
11360.000 0.137
11365.000 0.176
11370.000 0.195
11375.000 0.195
11380.000 0.191
11385.000 0.173
11390.000 0.160
11395.000 0.155
11400.000 0.146
11405.000 0.142
11410.000 0.137
11415.000 0.137
11420.000 0.137
11425.000 0.135
11430.000 0.135
11435.000 0.135
11440.000 0.137
11445.000 0.135
11450.000 0.135
11455.000 0.135
11460.000 0.135
11465.000 0.135
11470.000 0.134
11475.000 0.133
11480.000 0.134
11485.000 0.135
11490.000 0.135
11495.000 0.137
11500.000 0.138
11505.000 0.137
11510.000 0.137
11515.000 0.136
11520.000 0.137
11525.000 0.137
11530.000 0.136
11535.000 0.134
11540.000 0.136
11545.000 0.134
11550.000 0.133
11555.000 0.134
11560.000 0.133
11565.000 0.134
11570.000 0.133
11575.000 0.133
11580.000 0.134
11585.000 0.134
11590.000 0.134
11595.000 0.134
11600.000 0.133
11605.000 0.132
11610.000 0.132
11615.000 0.133
11620.000 0.134
11625.000 0.132
11630.000 0.132
11635.000 0.132
11640.000 0.135
11645.000 0.134
11650.000 0.134
11655.000 0.134
11660.000 0.133
11665.000 0.135
11670.000 0.134
11675.000 0.135
11680.000 0.133
11685.000 0.133
11690.000 0.134
11695.000 0.133
11700.000 0.134
11705.000 0.133
11710.000 0.135
11715.000 0.134
11720.000 0.137
11725.000 0.133
11730.000 0.134
11735.000 0.132
11740.000 0.132
11745.000 0.134
11750.000 0.134
11755.000 0.133
11760.000 0.133
11765.000 0.135
11770.000 0.132
11775.000 0.134
11780.000 0.131
11785.000 0.134
11790.000 0.133
11795.000 0.134
11800.000 0.132
11805.000 0.133
11810.000 0.132
11815.000 0.132
11820.000 0.133
11825.000 0.132
11830.000 0.132
11835.000 0.133
11840.000 0.132
11845.000 0.132
11850.000 0.133
11855.000 0.132
11860.000 0.132
11865.000 0.132
11870.000 0.131
11875.000 0.131
11880.000 0.131
11885.000 0.131
11890.000 0.130
11895.000 0.132
11900.000 0.131
11905.000 0.132
11910.000 0.133
11915.000 0.132
11920.000 0.132
11925.000 0.131
11930.000 0.131
11935.000 0.132
11940.000 0.131
11945.000 0.130
11950.000 0.130
11955.000 0.129
11960.000 0.128
11965.000 0.133
11970.000 0.129
11975.000 0.132
11980.000 0.131
11985.000 0.132
11990.000 0.128
11995.000 0.130
12000.000 0.129
