105.000 0.038
110.000 0.793
115.000 1.290
120.000 1.857
125.000 2.095
130.000 2.490
135.000 2.827
140.000 2.874
145.000 3.280
150.000 3.438
155.000 3.876
160.000 4.674
165.000 4.780
170.000 4.660
175.000 4.590
180.000 4.259
185.000 3.967
190.000 3.956
195.000 3.708
200.000 3.669
205.000 3.692
210.000 3.724
215.000 3.804
220.000 3.989
225.000 3.985
230.000 3.975
235.000 3.944
240.000 3.984
245.000 3.866
250.000 3.831
255.000 3.916
260.000 4.028
265.000 4.187
270.000 4.218
275.000 4.324
280.000 4.493
285.000 4.666
290.000 4.771
295.000 4.927
300.000 5.091
305.000 5.242
310.000 5.385
315.000 5.632
320.000 5.933
325.000 6.084
330.000 6.408
335.000 6.608
340.000 6.993
345.000 7.392
350.000 7.611
355.000 8.082
360.000 8.328
365.000 8.882
370.000 9.433
375.000 10.092
380.000 10.403
385.000 10.772
390.000 11.635
395.000 12.627
400.000 13.227
405.000 14.479
410.000 15.228
415.000 16.760
420.000 18.371
425.000 19.149
430.000 20.486
435.000 21.099
440.000 22.067
445.000 22.627
450.000 22.898
455.000 23.102
460.000 22.949
465.000 22.715
470.000 22.249
475.000 21.942
480.000 21.292
485.000 20.936
490.000 20.221
495.000 19.487
500.000 19.142
505.000 18.489
510.000 18.164
515.000 17.572
520.000 17.062
525.000 16.784
530.000 16.151
535.000 15.827
540.000 15.186
545.000 14.551
550.000 14.226
555.000 13.617
560.000 13.326
565.000 12.791
570.000 12.471
575.000 12.169
580.000 12.046
585.000 11.886
590.000 11.810
595.000 11.858
600.000 11.905
605.000 11.968
610.000 11.945
615.000 12.010
620.000 11.617
625.000 11.748
630.000 11.674
635.000 11.615
640.000 11.228
645.000 10.219
650.000 9.749
655.000 8.750
660.000 8.218
665.000 7.175
670.000 6.134
675.000 5.618
680.000 4.793
685.000 4.379
690.000 3.789
695.000 3.274
700.000 3.073
705.000 2.749
710.000 2.540
715.000 2.287
720.000 2.046
725.000 1.897
730.000 1.672
735.000 1.572
740.000 1.390
745.000 1.237
750.000 1.171
755.000 1.053
760.000 0.997
765.000 0.902
770.000 0.826
775.000 0.788
780.000 0.720
785.000 0.688
790.000 0.634
795.000 0.586
800.000 0.561
805.000 0.538
810.000 0.514
815.000 0.495
820.000 0.472
825.000 0.458
830.000 0.433
835.000 0.422
840.000 0.396
845.000 0.376
850.000 0.366
855.000 0.351
860.000 0.340
865.000 0.322
870.000 0.308
875.000 0.301
880.000 0.287
885.000 0.280
890.000 0.268
895.000 0.260
900.000 0.254
905.000 0.244
910.000 0.239
915.000 0.231
920.000 0.227
925.000 0.220
930.000 0.213
935.000 0.213
940.000 0.206
945.000 0.205
950.000 0.203
955.000 0.210
960.000 0.187
965.000 0.200
970.000 0.202
975.000 0.198
980.000 0.197
985.000 0.198
990.000 0.200
995.000 0.200
1000.000 0.201
1005.000 0.207
1010.000 0.210
1015.000 0.216
1020.000 0.217
1025.000 0.228
1030.000 0.237
1035.000 0.241
1040.000 0.250
1045.000 0.256
1050.000 0.272
1055.000 0.286
1060.000 0.295
1065.000 0.314
1070.000 0.325
1075.000 0.347
1080.000 0.375
1085.000 0.390
1090.000 0.423
1095.000 0.440
1100.000 0.483
1105.000 0.535
1110.000 0.565
1115.000 0.634
1120.000 0.672
1125.000 0.763
1130.000 0.878
1135.000 0.946
1140.000 1.107
1145.000 1.206
1150.000 1.441
1155.000 1.698
1160.000 1.797
1165.000 1.939
1170.000 1.911
1175.000 1.747
1180.000 1.550
1185.000 1.451
1190.000 1.275
1195.000 1.191
1200.000 1.042
1205.000 0.929
1210.000 0.882
1215.000 0.798
1220.000 0.762
1225.000 0.698
1230.000 0.645
1235.000 0.624
1240.000 0.583
1245.000 0.566
1250.000 0.533
1255.000 0.504
1260.000 0.489
1265.000 0.470
1270.000 0.461
1275.000 0.446
1280.000 0.429
1285.000 0.423
1290.000 0.408
1295.000 0.402
1300.000 0.391
1305.000 0.380
1310.000 0.376
1315.000 0.368
1320.000 0.364
1325.000 0.356
1330.000 0.349
1335.000 0.348
1340.000 0.343
1345.000 0.341
1350.000 0.337
1355.000 0.336
1360.000 0.336
1365.000 0.334
1370.000 0.334
1375.000 0.335
1380.000 0.334
1385.000 0.334
1390.000 0.333
1395.000 0.334
1400.000 0.337
1405.000 0.339
1410.000 0.339
1415.000 0.343
1420.000 0.344
1425.000 0.349
1430.000 0.354
1435.000 0.356
1440.000 0.364
1445.000 0.369
1450.000 0.375
1455.000 0.388
1460.000 0.394
1465.000 0.405
1470.000 0.411
1475.000 0.425
1480.000 0.444
1485.000 0.455
1490.000 0.483
1495.000 0.495
1500.000 0.523
1505.000 0.542
1510.000 0.581
1515.000 0.632
1520.000 0.663
1525.000 0.741
1530.000 0.790
1535.000 0.887
1540.000 0.990
1545.000 1.056
1550.000 1.214
1555.000 1.309
1560.000 1.565
1565.000 1.926
1570.000 2.147
1575.000 2.677
1580.000 2.981
1585.000 3.490
1590.000 3.651
1595.000 3.492
1600.000 2.880
1605.000 2.541
1610.000 1.937
1615.000 1.485
1620.000 1.311
1625.000 1.042
1630.000 0.935
1635.000 0.771
1640.000 0.658
1645.000 0.609
1650.000 0.516
1655.000 0.478
1660.000 0.413
1665.000 0.362
1670.000 0.341
1675.000 0.309
1680.000 0.297
1685.000 0.278
1690.000 0.261
1695.000 0.259
1700.000 0.255
1705.000 0.254
1710.000 0.252
1715.000 0.252
1720.000 0.252
1725.000 0.251
1730.000 0.250
1735.000 0.249
1740.000 0.245
1745.000 0.243
1750.000 0.238
1755.000 0.235
1760.000 0.229
1765.000 0.223
1770.000 0.220
1775.000 0.213
1780.000 0.211
1785.000 0.204
1790.000 0.198
1795.000 0.194
1800.000 0.187
1805.000 0.185
1810.000 0.178
1815.000 0.173
1820.000 0.171
1825.000 0.165
1830.000 0.163
1835.000 0.158
1840.000 0.153
1845.000 0.150
1850.000 0.146
1855.000 0.143
1860.000 0.139
1865.000 0.135
1870.000 0.133
1875.000 0.131
1880.000 0.127
1885.000 0.124
1890.000 0.121
1895.000 0.120
1900.000 0.118
1905.000 0.116
1910.000 0.112
1915.000 0.109
1920.000 0.107
1925.000 0.102
1930.000 0.102
1935.000 0.097
1940.000 0.094
1945.000 0.092
1950.000 0.088
1955.000 0.087
1960.000 0.084
1965.000 0.080
1970.000 0.080
1975.000 0.077
1980.000 0.074
1985.000 0.075
1990.000 0.067
1995.000 0.070
2000.000 0.066
2005.000 0.065
2010.000 0.060
2015.000 0.059
2020.000 0.058
2025.000 0.055
2030.000 0.049
2035.000 0.050
2040.000 0.044
2045.000 0.044
2050.000 0.045
2055.000 0.042
2060.000 0.041
2065.000 0.036
2070.000 0.036
2075.000 0.035
2080.000 0.033
2085.000 0.029
2090.000 0.027
2095.000 0.027
2100.000 0.025
2105.000 0.024
2110.000 0.023
2115.000 0.023
2120.000 0.022
2125.000 0.020
2130.000 0.021
2135.000 0.020
2140.000 0.020
2145.000 0.020
2150.000 0.020
2155.000 0.020
2160.000 0.021
2165.000 0.022
2170.000 0.022
2175.000 0.022
2180.000 0.022
2185.000 0.024
2190.000 0.024
2195.000 0.025
2200.000 0.026
2205.000 0.026
2210.000 0.027
2215.000 0.028
2220.000 0.029
2225.000 0.030
2230.000 0.031
2235.000 0.031
2240.000 0.032
2245.000 0.032
2250.000 0.033
2255.000 0.035
2260.000 0.035
2265.000 0.036
2270.000 0.036
2275.000 0.038
2280.000 0.038
2285.000 0.038
2290.000 0.038
2295.000 0.039
2300.000 0.040
2305.000 0.041
2310.000 0.041
2315.000 0.042
2320.000 0.043
2325.000 0.043
2330.000 0.043
2335.000 0.043
2340.000 0.043
2345.000 0.045
2350.000 0.046
2355.000 0.046
2360.000 0.047
2365.000 0.047
2370.000 0.047
2375.000 0.049
2380.000 0.048
2385.000 0.049
2390.000 0.049
2395.000 0.049
2400.000 0.051
2405.000 0.050
2410.000 0.050
2415.000 0.051
2420.000 0.051
2425.000 0.052
2430.000 0.052
2435.000 0.053
2440.000 0.053
2445.000 0.053
2450.000 0.052
2455.000 0.053
2460.000 0.054
2465.000 0.054
2470.000 0.054
2475.000 0.056
2480.000 0.055
2485.000 0.056
2490.000 0.057
2495.000 0.057
2500.000 0.057
2505.000 0.057
2510.000 0.057
2515.000 0.057
2520.000 0.059
2525.000 0.059
2530.000 0.058
2535.000 0.057
2540.000 0.060
2545.000 0.059
2550.000 0.059
2555.000 0.060
2560.000 0.059
2565.000 0.060
2570.000 0.060
2575.000 0.060
2580.000 0.060
2585.000 0.060
2590.000 0.060
2595.000 0.061
2600.000 0.061
2605.000 0.061
2610.000 0.062
2615.000 0.063
2620.000 0.063
2625.000 0.062
2630.000 0.063
2635.000 0.063
2640.000 0.063
2645.000 0.063
2650.000 0.064
2655.000 0.064
2660.000 0.063
2665.000 0.064
2670.000 0.064
2675.000 0.065
2680.000 0.065
2685.000 0.064
2690.000 0.065
2695.000 0.065
2700.000 0.065
2705.000 0.066
2710.000 0.066
2715.000 0.065
2720.000 0.067
2725.000 0.066
2730.000 0.066
2735.000 0.065
2740.000 0.065
2745.000 0.066
2750.000 0.066
2755.000 0.067
2760.000 0.067
2765.000 0.067
2770.000 0.067
2775.000 0.067
2780.000 0.068
2785.000 0.067
2790.000 0.067
2795.000 0.067
2800.000 0.068
2805.000 0.069
2810.000 0.068
2815.000 0.068
2820.000 0.069
2825.000 0.068
2830.000 0.068
2835.000 0.069
2840.000 0.069
2845.000 0.069
2850.000 0.068
2855.000 0.070
2860.000 0.070
2865.000 0.070
2870.000 0.071
2875.000 0.071
2880.000 0.072
2885.000 0.070
2890.000 0.071
2895.000 0.073
2900.000 0.072
2905.000 0.072
2910.000 0.073
2915.000 0.073
2920.000 0.072
2925.000 0.074
2930.000 0.073
2935.000 0.074
2940.000 0.074
2945.000 0.076
2950.000 0.077
2955.000 0.075
2960.000 0.076
2965.000 0.077
2970.000 0.079
2975.000 0.080
2980.000 0.078
2985.000 0.081
2990.000 0.078
2995.000 0.080
3000.000 0.081
3005.000 0.079
3010.000 0.083
3015.000 0.082
3020.000 0.082
3025.000 0.085
3030.000 0.084
3035.000 0.082
3040.000 0.082
3045.000 0.084
3050.000 0.086
3055.000 0.108
3060.000 0.112
3065.000 0.112
3070.000 0.102
3075.000 0.100
3080.000 0.098
3085.000 0.097
3090.000 0.096
3095.000 0.096
3100.000 0.096
3105.000 0.097
3110.000 0.098
3115.000 0.099
3120.000 0.101
3125.000 0.102
3130.000 0.104
3135.000 0.105
3140.000 0.108
3145.000 0.111
3150.000 0.111
3155.000 0.115
3160.000 0.123
3165.000 0.125
3170.000 0.126
3175.000 0.130
3180.000 0.134
3185.000 0.139
3190.000 0.139
3195.000 0.147
3200.000 0.149
3205.000 0.157
3210.000 0.165
3215.000 0.170
3220.000 0.180
3225.000 0.186
3230.000 0.194
3235.000 0.206
3240.000 0.210
3245.000 0.220
3250.000 0.226
3255.000 0.238
3260.000 0.252
3265.000 0.258
3270.000 0.275
3275.000 0.282
3280.000 0.303
3285.000 0.312
3290.000 0.333
3295.000 0.357
3300.000 0.370
3305.000 0.400
3310.000 0.415
3315.000 0.453
3320.000 0.495
3325.000 0.519
3330.000 0.575
3335.000 0.608
3340.000 0.686
3345.000 0.784
3350.000 0.841
3355.000 0.984
3360.000 1.070
3365.000 1.289
3370.000 1.589
3375.000 1.775
3380.000 2.245
3385.000 2.533
3390.000 3.250
3395.000 4.185
3400.000 4.742
3405.000 6.073
3410.000 6.823
3415.000 8.501
3420.000 10.083
3425.000 10.658
3430.000 10.964
3435.000 10.682
3440.000 9.366
3445.000 7.759
3450.000 6.968
3455.000 5.560
3460.000 4.990
3465.000 4.062
3470.000 3.378
3475.000 3.103
3480.000 2.683
3485.000 2.525
3490.000 2.282
3495.000 2.107
3500.000 2.053
3505.000 2.008
3510.000 1.997
3515.000 1.993
3520.000 2.005
3525.000 2.017
3530.000 2.052
3535.000 2.077
3540.000 2.144
3545.000 2.224
3550.000 2.274
3555.000 2.387
3560.000 2.459
3565.000 2.620
3570.000 2.888
3575.000 3.030
3580.000 3.347
3585.000 3.531
3590.000 3.978
3595.000 4.228
3600.000 4.759
3605.000 5.206
3610.000 5.324
3615.000 5.250
3620.000 5.066
3625.000 4.553
3630.000 4.015
3635.000 3.771
3640.000 3.325
3645.000 3.124
3650.000 2.765
3655.000 2.461
3660.000 2.329
3665.000 2.102
3670.000 2.004
3675.000 1.831
3680.000 1.723
3685.000 1.654
3690.000 1.557
3695.000 1.510
3700.000 1.411
3705.000 1.327
3710.000 1.290
3715.000 1.231
3720.000 1.206
3725.000 1.152
3730.000 1.102
3735.000 1.066
3740.000 1.055
3745.000 1.036
3750.000 1.007
3755.000 0.983
3760.000 0.974
3765.000 0.959
3770.000 0.949
3775.000 0.939
3780.000 0.930
3785.000 0.928
3790.000 0.924
3795.000 0.922
3800.000 0.927
3805.000 0.934
3810.000 0.939
3815.000 0.951
3820.000 0.958
3825.000 0.979
3830.000 1.005
3835.000 1.018
3840.000 1.051
3845.000 1.069
3850.000 1.114
3855.000 1.165
3860.000 1.193
3865.000 1.261
3870.000 1.302
3875.000 1.399
3880.000 1.521
3885.000 1.596
3890.000 1.804
3895.000 1.926
3900.000 2.247
3905.000 2.718
3910.000 2.977
3915.000 3.547
3920.000 3.852
3925.000 4.375
3930.000 4.519
3935.000 4.383
3940.000 3.806
3945.000 3.456
3950.000 2.787
3955.000 2.252
3960.000 2.039
3965.000 1.727
3970.000 1.608
3975.000 1.424
3980.000 1.310
3985.000 1.236
3990.000 1.123
3995.000 1.076
4000.000 0.986
4005.000 0.914
4010.000 0.880
4015.000 0.824
4020.000 0.794
4025.000 0.748
4030.000 0.695
4035.000 0.675
4040.000 0.627
4045.000 0.608
4050.000 0.583
4055.000 0.549
4060.000 0.542
4065.000 0.532
4070.000 0.523
4075.000 0.503
4080.000 0.485
4085.000 0.478
4090.000 0.470
4095.000 0.465
4100.000 0.458
4105.000 0.452
4110.000 0.450
4115.000 0.449
4120.000 0.447
4125.000 0.447
4130.000 0.449
4135.000 0.450
4140.000 0.455
4145.000 0.458
4150.000 0.469
4155.000 0.485
4160.000 0.496
4165.000 0.518
4170.000 0.533
4175.000 0.570
4180.000 0.592
4185.000 0.657
4190.000 0.741
4195.000 0.791
4200.000 0.903
4205.000 0.954
4210.000 1.035
4215.000 1.009
4220.000 0.954
4225.000 0.790
4230.000 0.702
4235.000 0.538
4240.000 0.412
4245.000 0.364
4250.000 0.278
4255.000 0.244
4260.000 0.192
4265.000 0.152
4270.000 0.138
4275.000 0.116
4280.000 0.107
4285.000 0.096
4290.000 0.085
4295.000 0.081
4300.000 0.076
4305.000 0.074
4310.000 0.071
4315.000 0.068
4320.000 0.067
4325.000 0.066
4330.000 0.066
4335.000 0.065
4340.000 0.065
4345.000 0.066
4350.000 0.066
4355.000 0.065
4360.000 0.067
4365.000 0.067
4370.000 0.068
4375.000 0.069
4380.000 0.068
4385.000 0.069
4390.000 0.069
4395.000 0.071
4400.000 0.071
4405.000 0.071
4410.000 0.072
4415.000 0.073
4420.000 0.073
4425.000 0.074
4430.000 0.074
4435.000 0.076
4440.000 0.076
4445.000 0.077
4450.000 0.077
4455.000 0.078
4460.000 0.078
4465.000 0.079
4470.000 0.078
4475.000 0.135
4480.000 0.175
4485.000 0.156
4490.000 0.139
4495.000 0.133
4500.000 0.121
4505.000 0.115
4510.000 0.108
4515.000 0.102
4520.000 0.098
4525.000 0.103
4530.000 0.102
4535.000 0.098
4540.000 0.094
4545.000 0.091
4550.000 0.089
4555.000 0.088
4560.000 0.086
4565.000 0.085
4570.000 0.085
4575.000 0.086
4580.000 0.084
4585.000 0.084
4590.000 0.085
4595.000 0.085
4600.000 0.085
4605.000 0.084
4610.000 0.084
4615.000 0.084
4620.000 0.085
4625.000 0.085
4630.000 0.085
4635.000 0.086
4640.000 0.085
4645.000 0.085
4650.000 0.085
4655.000 0.086
4660.000 0.086
4665.000 0.086
4670.000 0.086
4675.000 0.087
4680.000 0.087
4685.000 0.087
4690.000 0.087
4695.000 0.087
4700.000 0.087
4705.000 0.088
4710.000 0.089
4715.000 0.091
4720.000 0.090
4725.000 0.092
4730.000 0.092
4735.000 0.092
4740.000 0.094
4745.000 0.094
4750.000 0.093
4755.000 0.093
4760.000 0.094
4765.000 0.095
4770.000 0.095
4775.000 0.096
4780.000 0.095
4785.000 0.097
4790.000 0.097
4795.000 0.096
4800.000 0.098
4805.000 0.097
4810.000 0.098
4815.000 0.098
4820.000 0.098
4825.000 0.098
4830.000 0.098
4835.000 0.099
4840.000 0.098
4845.000 0.099
4850.000 0.100
4855.000 0.101
4860.000 0.102
4865.000 0.100
4870.000 0.100
4875.000 0.101
4880.000 0.101
4885.000 0.101
4890.000 0.101
4895.000 0.102
4900.000 0.101
4905.000 0.101
4910.000 0.104
4915.000 0.104
4920.000 0.104
4925.000 0.104
4930.000 0.103
4935.000 0.102
4940.000 0.104
4945.000 0.104
4950.000 0.104
4955.000 0.108
4960.000 0.107
4965.000 0.105
4970.000 0.134
4975.000 0.146
4980.000 0.142
4985.000 0.125
4990.000 0.123
4995.000 0.114
5000.000 0.113
5005.000 0.107
5010.000 0.106
5015.000 0.104
5020.000 0.107
5025.000 0.104
5030.000 0.112
5035.000 0.105
5040.000 0.107
5045.000 0.109
5050.000 0.107
5055.000 0.108
5060.000 0.110
5065.000 0.109
5070.000 0.109
5075.000 0.109
5080.000 0.110
5085.000 0.111
5090.000 0.110
5095.000 0.111
5100.000 0.112
5105.000 0.110
5110.000 0.113
5115.000 0.113
5120.000 0.112
5125.000 0.113
5130.000 0.112
5135.000 0.113
5140.000 0.112
5145.000 0.112
5150.000 0.112
5155.000 0.114
5160.000 0.113
5165.000 0.115
5170.000 0.114
5175.000 0.115
5180.000 0.115
5185.000 0.116
5190.000 0.114
5195.000 0.113
5200.000 0.162
5205.000 0.166
5210.000 0.168
5215.000 0.174
5220.000 0.175
5225.000 0.175
5230.000 0.176
5235.000 0.157
5240.000 0.148
5245.000 0.137
5250.000 0.128
5255.000 0.123
5260.000 0.120
5265.000 0.119
5270.000 0.117
5275.000 0.119
5280.000 0.118
5285.000 0.117
5290.000 0.118
5295.000 0.118
5300.000 0.118
5305.000 0.118
5310.000 0.119
5315.000 0.116
5320.000 0.118
5325.000 0.119
5330.000 0.118
5335.000 0.119
5340.000 0.119
5345.000 0.118
5350.000 0.117
5355.000 0.119
5360.000 0.120
5365.000 0.120
5370.000 0.119
5375.000 0.119
5380.000 0.118
5385.000 0.119
5390.000 0.120
5395.000 0.120
5400.000 0.118
5405.000 0.120
5410.000 0.118
5415.000 0.120
5420.000 0.120
5425.000 0.121
5430.000 0.122
5435.000 0.121
5440.000 0.120
5445.000 0.119
5450.000 0.120
5455.000 0.120
5460.000 0.122
5465.000 0.122
5470.000 0.122
5475.000 0.121
5480.000 0.122
5485.000 0.121
5490.000 0.123
5495.000 0.122
5500.000 0.122
5505.000 0.123
5510.000 0.124
5515.000 0.123
5520.000 0.124
5525.000 0.128
5530.000 0.128
5535.000 0.125
5540.000 0.126
5545.000 0.126
5550.000 0.124
5555.000 0.124
5560.000 0.125
5565.000 0.126
5570.000 0.125
5575.000 0.125
5580.000 0.126
5585.000 0.127
5590.000 0.127
5595.000 0.127
5600.000 0.126
5605.000 0.129
5610.000 0.148
5615.000 0.145
5620.000 0.142
5625.000 0.139
5630.000 0.137
5635.000 0.134
5640.000 0.133
5645.000 0.131
5650.000 0.131
5655.000 0.130
5660.000 0.130
5665.000 0.129
5670.000 0.129
5675.000 0.129
5680.000 0.127
5685.000 0.127
5690.000 0.129
5695.000 0.127
5700.000 0.127
5705.000 0.126
5710.000 0.128
5715.000 0.127
5720.000 0.128
5725.000 0.127
5730.000 0.128
5735.000 0.130
5740.000 0.129
5745.000 0.129
5750.000 0.129
5755.000 0.129
5760.000 0.126
5765.000 0.128
5770.000 0.128
5775.000 0.128
5780.000 0.129
5785.000 0.129
5790.000 0.128
5795.000 0.129
5800.000 0.130
5805.000 0.130
5810.000 0.130
5815.000 0.130
5820.000 0.129
5825.000 0.128
5830.000 0.128
5835.000 0.129
5840.000 0.129
5845.000 0.129
5850.000 0.130
5855.000 0.131
5860.000 0.131
5865.000 0.131
5870.000 0.130
5875.000 0.128
5880.000 0.129
5885.000 0.132
5890.000 0.131
5895.000 0.133
5900.000 0.134
5905.000 0.133
5910.000 0.134
5915.000 0.132
5920.000 0.132
5925.000 0.131
5930.000 0.132
5935.000 0.131
5940.000 0.130
5945.000 0.132
5950.000 0.131
5955.000 0.129
5960.000 0.132
5965.000 0.132
5970.000 0.134
5975.000 0.135
5980.000 0.133
5985.000 0.134
5990.000 0.129
5995.000 0.130
6000.000 0.134
6005.000 0.129
6010.000 0.130
6015.000 0.129
6020.000 0.135
6025.000 0.127
6030.000 0.128
6035.000 0.131
6040.000 0.137
6045.000 0.136
6050.000 0.136
6055.000 0.133
6060.000 0.132
6065.000 0.130
6070.000 0.132
6075.000 0.133
6080.000 0.133
6085.000 0.130
6090.000 0.132
6095.000 0.130
6100.000 0.131
6105.000 0.132
6110.000 0.131
6115.000 0.132
6120.000 0.133
6125.000 0.132
6130.000 0.133
6135.000 0.134
6140.000 0.134
6145.000 0.134
6150.000 0.135
6155.000 0.135
6160.000 0.134
6165.000 0.136
6170.000 0.134
6175.000 0.135
6180.000 0.135
6185.000 0.135
6190.000 0.135
6195.000 0.135
6200.000 0.135
6205.000 0.137
6210.000 0.136
6215.000 0.135
6220.000 0.135
6225.000 0.136
6230.000 0.134
6235.000 0.134
6240.000 0.135
6245.000 0.134
6250.000 0.134
6255.000 0.135
6260.000 0.135
6265.000 0.138
6270.000 0.135
6275.000 0.136
6280.000 0.136
6285.000 0.133
6290.000 0.136
6295.000 0.137
6300.000 0.135
6305.000 0.139
6310.000 0.136
6315.000 0.144
6320.000 0.145
6325.000 0.145
6330.000 0.142
6335.000 0.143
6340.000 0.142
6345.000 0.140
6350.000 0.141
6355.000 0.140
6360.000 0.139
6365.000 0.142
6370.000 0.140
6375.000 0.139
6380.000 0.138
6385.000 0.138
6390.000 0.139
6395.000 0.139
6400.000 0.139
6405.000 0.138
6410.000 0.140
6415.000 0.141
6420.000 0.141
6425.000 0.143
6430.000 0.141
6435.000 0.143
6440.000 0.142
6445.000 0.143
6450.000 0.144
6455.000 0.144
6460.000 0.145
6465.000 0.144
6470.000 0.145
6475.000 0.144
6480.000 0.145
6485.000 0.147
6490.000 0.148
6495.000 0.147
6500.000 0.149
6505.000 0.147
6510.000 0.147
6515.000 0.152
6520.000 0.152
6525.000 0.152
6530.000 0.152
6535.000 0.152
6540.000 0.154
6545.000 0.154
6550.000 0.155
6555.000 0.154
6560.000 0.157
6565.000 0.160
6570.000 0.161
6575.000 0.163
6580.000 0.164
6585.000 0.164
6590.000 0.167
6595.000 0.170
6600.000 0.173
6605.000 0.177
6610.000 0.179
6615.000 0.182
6620.000 0.184
6625.000 0.192
6630.000 0.199
6635.000 0.201
6640.000 0.211
6645.000 0.219
6650.000 0.228
6655.000 0.234
6660.000 0.237
6665.000 0.247
6670.000 0.252
6675.000 0.265
6680.000 0.279
6685.000 0.290
6690.000 0.312
6695.000 0.332
6700.000 0.370
6705.000 0.399
6710.000 0.419
6715.000 0.470
6720.000 0.495
6725.000 0.558
6730.000 0.641
6735.000 0.696
6740.000 0.832
6745.000 0.920
6750.000 1.154
6755.000 1.488
6760.000 1.699
6765.000 2.243
6770.000 2.584
6775.000 3.416
6780.000 4.462
6785.000 5.021
6790.000 6.246
6795.000 6.779
6800.000 7.461
6805.000 7.375
6810.000 7.077
6815.000 6.272
6820.000 5.843
6825.000 5.081
6830.000 4.461
6835.000 4.200
6840.000 3.770
6845.000 3.600
6850.000 3.333
6855.000 3.252
6860.000 3.203
6865.000 3.243
6870.000 3.316
6875.000 3.557
6880.000 3.727
6885.000 4.185
6890.000 4.776
6895.000 5.109
6900.000 5.782
6905.000 6.059
6910.000 6.396
6915.000 6.099
6920.000 5.726
6925.000 4.842
6930.000 4.409
6935.000 3.667
6940.000 3.080
6945.000 2.839
6950.000 2.453
6955.000 2.297
6960.000 2.081
6965.000 1.916
6970.000 1.847
6975.000 1.736
6980.000 1.690
6985.000 1.598
6990.000 1.535
6995.000 1.503
7000.000 1.457
7005.000 1.442
7010.000 1.417
7015.000 1.401
7020.000 1.392
7025.000 1.395
7030.000 1.388
7035.000 1.410
7040.000 1.428
7045.000 1.444
7050.000 1.490
7055.000 1.516
7060.000 1.581
7065.000 1.657
7070.000 1.709
7075.000 1.825
7080.000 1.895
7085.000 2.071
7090.000 2.317
7095.000 2.469
7100.000 2.849
7105.000 3.089
7110.000 3.517
7115.000 3.829
7120.000 3.870
7125.000 3.664
7130.000 3.446
7135.000 2.935
7140.000 2.453
7145.000 2.232
7150.000 1.909
7155.000 1.650
7160.000 1.541
7165.000 1.361
7170.000 1.284
7175.000 1.150
7180.000 1.093
7185.000 0.995
7190.000 0.913
7195.000 0.880
7200.000 0.822
7205.000 0.792
7210.000 0.746
7215.000 0.710
7220.000 0.691
7225.000 0.664
7230.000 0.653
7235.000 0.625
7240.000 0.604
7245.000 0.596
7250.000 0.585
7255.000 0.584
7260.000 0.586
7265.000 0.596
7270.000 0.605
7275.000 0.631
7280.000 0.647
7285.000 0.678
7290.000 0.719
7295.000 0.746
7300.000 0.810
7305.000 0.848
7310.000 0.919
7315.000 0.961
7320.000 0.958
7325.000 0.911
7330.000 0.860
7335.000 0.725
7340.000 0.609
7345.000 0.546
7350.000 0.440
7355.000 0.402
7360.000 0.335
7365.000 0.291
7370.000 0.275
7375.000 0.240
7380.000 0.225
7385.000 0.201
7390.000 0.185
7395.000 0.179
7400.000 0.165
7405.000 0.160
7410.000 0.151
7415.000 0.147
7420.000 0.141
7425.000 0.137
7430.000 0.135
7435.000 0.132
7440.000 0.128
7445.000 0.127
7450.000 0.123
7455.000 0.124
7460.000 0.121
7465.000 0.121
7470.000 0.123
7475.000 0.121
7480.000 0.121
7485.000 0.118
7490.000 0.119
7495.000 0.118
7500.000 0.117
7505.000 0.115
7510.000 0.116
7515.000 0.117
7520.000 0.116
7525.000 0.115
7530.000 0.114
7535.000 0.117
7540.000 0.121
7545.000 0.121
7550.000 0.119
7555.000 0.120
7560.000 0.118
7565.000 0.117
7570.000 0.116
7575.000 0.116
7580.000 0.118
7585.000 0.117
7590.000 0.116
7595.000 0.115
7600.000 0.114
7605.000 0.114
7610.000 0.114
7615.000 0.114
7620.000 0.113
7625.000 0.114
7630.000 0.113
7635.000 0.113
7640.000 0.113
7645.000 0.113
7650.000 0.114
7655.000 0.119
7660.000 0.142
7665.000 0.143
7670.000 0.137
7675.000 0.129
7680.000 0.125
7685.000 0.118
7690.000 0.115
7695.000 0.112
7700.000 0.111
7705.000 0.110
7710.000 0.111
7715.000 0.111
7720.000 0.111
7725.000 0.111
7730.000 0.110
7735.000 0.138
7740.000 0.140
7745.000 0.138
7750.000 0.131
7755.000 0.129
7760.000 0.133
7765.000 0.134
7770.000 0.128
7775.000 0.128
7780.000 0.124
7785.000 0.120
7790.000 0.119
7795.000 0.115
7800.000 0.113
7805.000 0.113
7810.000 0.112
7815.000 0.111
7820.000 0.111
7825.000 0.110
7830.000 0.110
7835.000 0.114
7840.000 0.116
7845.000 0.114
7850.000 0.113
7855.000 0.112
7860.000 0.112
7865.000 0.112
7870.000 0.110
7875.000 0.110
7880.000 0.110
7885.000 0.110
7890.000 0.110
7895.000 0.110
7900.000 0.111
7905.000 0.111
7910.000 0.109
7915.000 0.111
7920.000 0.109
7925.000 0.115
7930.000 0.115
7935.000 0.113
7940.000 0.112
7945.000 0.111
7950.000 0.111
7955.000 0.110
7960.000 0.110
7965.000 0.111
7970.000 0.111
7975.000 0.110
7980.000 0.111
7985.000 0.113
7990.000 0.108
7995.000 0.111
8000.000 0.107
8005.000 0.110
8010.000 0.112
8015.000 0.112
8020.000 0.107
8025.000 0.107
8030.000 0.109
8035.000 0.110
8040.000 0.112
8045.000 0.111
8050.000 0.109
8055.000 0.112
8060.000 0.115
8065.000 0.113
8070.000 0.114
8075.000 0.114
8080.000 0.114
8085.000 0.112
8090.000 0.114
8095.000 0.113
8100.000 0.113
8105.000 0.111
8110.000 0.111
8115.000 0.112
8120.000 0.111
8125.000 0.111
8130.000 0.111
8135.000 0.111
8140.000 0.111
8145.000 0.111
8150.000 0.110
8155.000 0.111
8160.000 0.111
8165.000 0.111
8170.000 0.112
8175.000 0.113
8180.000 0.114
8185.000 0.114
8190.000 0.113
8195.000 0.113
8200.000 0.113
8205.000 0.112
8210.000 0.113
8215.000 0.112
8220.000 0.113
8225.000 0.113
8230.000 0.113
8235.000 0.111
8240.000 0.113
8245.000 0.114
8250.000 0.113
8255.000 0.114
8260.000 0.114
8265.000 0.115
8270.000 0.116
8275.000 0.114
8280.000 0.119
8285.000 0.120
8290.000 0.119
8295.000 0.117
8300.000 0.117
8305.000 0.115
8310.000 0.116
8315.000 0.115
8320.000 0.116
8325.000 0.118
8330.000 0.119
8335.000 0.121
8340.000 0.120
8345.000 0.119
8350.000 0.123
8355.000 0.122
8360.000 0.121
8365.000 0.120
8370.000 0.120
8375.000 0.119
8380.000 0.118
8385.000 0.120
8390.000 0.120
8395.000 0.119
8400.000 0.119
8405.000 0.118
8410.000 0.117
8415.000 0.119
8420.000 0.119
8425.000 0.118
8430.000 0.119
8435.000 0.119
8440.000 0.119
8445.000 0.123
8450.000 0.123
8455.000 0.122
8460.000 0.122
8465.000 0.124
8470.000 0.124
8475.000 0.122
8480.000 0.122
8485.000 0.122
8490.000 0.122
8495.000 0.121
8500.000 0.121
8505.000 0.123
8510.000 0.122
8515.000 0.121
8520.000 0.122
8525.000 0.120
8530.000 0.120
8535.000 0.124
8540.000 0.123
8545.000 0.122
8550.000 0.121
8555.000 0.122
8560.000 0.122
8565.000 0.120
8570.000 0.121
8575.000 0.122
8580.000 0.122
8585.000 0.122
8590.000 0.122
8595.000 0.123
8600.000 0.121
8605.000 0.121
8610.000 0.124
8615.000 0.125
8620.000 0.124
8625.000 0.123
8630.000 0.123
8635.000 0.125
8640.000 0.123
8645.000 0.124
8650.000 0.123
8655.000 0.124
8660.000 0.123
8665.000 0.127
8670.000 0.129
8675.000 0.128
8680.000 0.127
8685.000 0.126
8690.000 0.126
8695.000 0.126
8700.000 0.125
8705.000 0.127
8710.000 0.129
8715.000 0.130
8720.000 0.129
8725.000 0.127
8730.000 0.128
8735.000 0.127
8740.000 0.127
8745.000 0.127
8750.000 0.126
8755.000 0.129
8760.000 0.130
8765.000 0.128
8770.000 0.128
8775.000 0.129
8780.000 0.128
8785.000 0.129
8790.000 0.127
8795.000 0.127
8800.000 0.128
8805.000 0.134
8810.000 0.133
8815.000 0.132
8820.000 0.129
8825.000 0.127
8830.000 0.135
8835.000 0.127
8840.000 0.130
8845.000 0.132
8850.000 0.132
8855.000 0.133
8860.000 0.133
8865.000 0.132
8870.000 0.130
8875.000 0.131
8880.000 0.132
8885.000 0.131
8890.000 0.131
8895.000 0.131
8900.000 0.131
8905.000 0.129
8910.000 0.130
8915.000 0.131
8920.000 0.132
8925.000 0.131
8930.000 0.132
8935.000 0.133
8940.000 0.133
8945.000 0.132
8950.000 0.133
8955.000 0.134
8960.000 0.133
8965.000 0.132
8970.000 0.139
8975.000 0.139
8980.000 0.139
8985.000 0.140
8990.000 0.138
8995.000 0.149
9000.000 0.193
9005.000 0.189
9010.000 0.182
9015.000 0.166
9020.000 0.158
9025.000 0.149
9030.000 0.141
9035.000 0.143
9040.000 0.138
9045.000 0.138
9050.000 0.139
9055.000 0.136
9060.000 0.138
9065.000 0.137
9070.000 0.138
9075.000 0.139
9080.000 0.141
9085.000 0.139
9090.000 0.140
9095.000 0.139
9100.000 0.142
9105.000 0.139
9110.000 0.140
9115.000 0.138
9120.000 0.138
9125.000 0.139
9130.000 0.139
9135.000 0.139
9140.000 0.140
9145.000 0.139
9150.000 0.139
9155.000 0.140
9160.000 0.140
9165.000 0.140
9170.000 0.142
9175.000 0.141
9180.000 0.144
9185.000 0.143
9190.000 0.143
9195.000 0.143
9200.000 0.142
9205.000 0.143
9210.000 0.141
9215.000 0.141
9220.000 0.142
9225.000 0.142
9230.000 0.143
9235.000 0.141
9240.000 0.140
9245.000 0.141
9250.000 0.140
9255.000 0.140
9260.000 0.139
9265.000 0.140
9270.000 0.140
9275.000 0.140
9280.000 0.139
9285.000 0.141
9290.000 0.144
9295.000 0.144
9300.000 0.141
9305.000 0.145
9310.000 0.144
9315.000 0.145
9320.000 0.145
9325.000 0.144
9330.000 0.142
9335.000 0.140
9340.000 0.143
9345.000 0.143
9350.000 0.141
9355.000 0.141
9360.000 0.140
9365.000 0.139
9370.000 0.141
9375.000 0.141
9380.000 0.143
9385.000 0.142
9390.000 0.143
9395.000 0.144
9400.000 0.142
9405.000 0.143
9410.000 0.140
9415.000 0.142
9420.000 0.145
9425.000 0.146
9430.000 0.145
9435.000 0.145
9440.000 0.143
9445.000 0.143
9450.000 0.143
9455.000 0.142
9460.000 0.143
9465.000 0.143
9470.000 0.142
9475.000 0.144
9480.000 0.142
9485.000 0.142
9490.000 0.143
9495.000 0.142
9500.000 0.142
9505.000 0.142
9510.000 0.142
9515.000 0.141
9520.000 0.142
9525.000 0.142
9530.000 0.144
9535.000 0.141
9540.000 0.142
9545.000 0.144
9550.000 0.143
9555.000 0.143
9560.000 0.143
9565.000 0.142
9570.000 0.143
9575.000 0.142
9580.000 0.142
9585.000 0.142
9590.000 0.141
9595.000 0.144
9600.000 0.144
9605.000 0.143
9610.000 0.143
9615.000 0.145
9620.000 0.144
9625.000 0.145
9630.000 0.144
9635.000 0.143
9640.000 0.142
9645.000 0.143
9650.000 0.143
9655.000 0.144
9660.000 0.142
9665.000 0.144
9670.000 0.147
9675.000 0.147
9680.000 0.146
9685.000 0.146
9690.000 0.146
9695.000 0.144
9700.000 0.145
9705.000 0.145
9710.000 0.147
9715.000 0.147
9720.000 0.146
9725.000 0.195
9730.000 0.201
9735.000 0.189
9740.000 0.175
9745.000 0.167
9750.000 0.158
9755.000 0.151
9760.000 0.147
9765.000 0.144
9770.000 0.146
9775.000 0.145
9780.000 0.143
9785.000 0.146
9790.000 0.144
9795.000 0.146
9800.000 0.144
9805.000 0.147
9810.000 0.146
9815.000 0.147
9820.000 0.146
9825.000 0.148
9830.000 0.147
9835.000 0.146
9840.000 0.148
9845.000 0.148
9850.000 0.148
9855.000 0.147
9860.000 0.149
9865.000 0.149
9870.000 0.150
9875.000 0.151
9880.000 0.151
9885.000 0.150
9890.000 0.151
9895.000 0.152
9900.000 0.152
9905.000 0.153
9910.000 0.154
9915.000 0.156
9920.000 0.156
9925.000 0.157
9930.000 0.158
9935.000 0.158
9940.000 0.159
9945.000 0.159
9950.000 0.161
9955.000 0.162
9960.000 0.162
9965.000 0.162
9970.000 0.167
9975.000 0.168
9980.000 0.169
9985.000 0.172
9990.000 0.174
9995.000 0.177
10000.000 0.183
10005.000 0.182
10010.000 0.182
10015.000 0.188
10020.000 0.192
10025.000 0.196
10030.000 0.197
10035.000 0.203
10040.000 0.214
10045.000 0.219
10050.000 0.228
10055.000 0.235
10060.000 0.245
10065.000 0.257
10070.000 0.265
10075.000 0.284
10080.000 0.293
10085.000 0.317
10090.000 0.347
10095.000 0.366
10100.000 0.426
10105.000 0.461
10110.000 0.552
10115.000 0.683
10120.000 0.783
10125.000 0.986
10130.000 1.104
10135.000 1.333
10140.000 1.424
10145.000 1.512
10150.000 1.436
10155.000 1.361
10160.000 1.190
10165.000 1.111
10170.000 0.976
10175.000 0.877
10180.000 0.841
10185.000 0.793
10190.000 0.783
10195.000 0.790
10200.000 0.825
10205.000 0.849
10210.000 0.917
10215.000 1.015
10220.000 1.079
10225.000 1.246
10230.000 1.348
10235.000 1.586
10240.000 1.707
10245.000 1.931
10250.000 2.033
10255.000 2.024
10260.000 1.880
10265.000 1.782
10270.000 1.570
10275.000 1.384
10280.000 1.308
10285.000 1.220
10290.000 1.173
10295.000 1.083
10300.000 1.009
10305.000 0.982
10310.000 0.934
10315.000 0.910
10320.000 0.878
10325.000 0.856
10330.000 0.847
10335.000 0.834
10340.000 0.831
10345.000 0.833
10350.000 0.838
10355.000 0.842
10360.000 0.852
10365.000 0.859
10370.000 0.879
10375.000 0.910
10380.000 0.924
10385.000 0.975
10390.000 0.997
10395.000 1.055
10400.000 1.122
10405.000 1.163
10410.000 1.240
10415.000 1.282
10420.000 1.342
10425.000 1.345
10430.000 1.319
10435.000 1.221
10440.000 1.153
10445.000 1.004
10450.000 0.849
10455.000 0.783
10460.000 0.666
10465.000 0.615
10470.000 0.521
10475.000 0.451
10480.000 0.420
10485.000 0.369
10490.000 0.348
10495.000 0.309
10500.000 0.278
10505.000 0.263
10510.000 0.242
10515.000 0.232
10520.000 0.216
10525.000 0.197
10530.000 0.192
10535.000 0.182
10540.000 0.180
10545.000 0.178
10550.000 0.182
10555.000 0.187
10560.000 0.207
10565.000 0.219
10570.000 0.250
10575.000 0.289
10580.000 0.310
10585.000 0.370
10590.000 0.397
10595.000 0.446
10600.000 0.465
10605.000 0.456
10610.000 0.425
10615.000 0.403
10620.000 0.357
10625.000 0.320
10630.000 0.305
10635.000 0.279
10640.000 0.267
10645.000 0.251
10650.000 0.238
10655.000 0.230
10660.000 0.220
10665.000 0.213
10670.000 0.206
10675.000 0.200
10680.000 0.196
10685.000 0.194
10690.000 0.188
10695.000 0.183
10700.000 0.178
10705.000 0.175
10710.000 0.172
10715.000 0.171
10720.000 0.165
10725.000 0.165
10730.000 0.162
10735.000 0.161
10740.000 0.159
10745.000 0.157
10750.000 0.156
10755.000 0.154
10760.000 0.151
10765.000 0.150
10770.000 0.150
10775.000 0.150
10780.000 0.150
10785.000 0.151
10790.000 0.149
10795.000 0.149
10800.000 0.151
10805.000 0.148
10810.000 0.148
10815.000 0.147
10820.000 0.150
10825.000 0.148
10830.000 0.146
10835.000 0.144
10840.000 0.143
10845.000 0.144
10850.000 0.144
10855.000 0.142
10860.000 0.141
10865.000 0.140
10870.000 0.141
10875.000 0.141
10880.000 0.141
10885.000 0.141
10890.000 0.142
10895.000 0.141
10900.000 0.142
10905.000 0.142
10910.000 0.143
10915.000 0.143
10920.000 0.142
10925.000 0.141
10930.000 0.142
10935.000 0.146
10940.000 0.144
10945.000 0.144
10950.000 0.143
10955.000 0.141
10960.000 0.142
10965.000 0.142
10970.000 0.144
10975.000 0.144
10980.000 0.143
10985.000 0.147
10990.000 0.146
10995.000 0.145
11000.000 0.144
11005.000 0.144
11010.000 0.145
11015.000 0.147
11020.000 0.143
11025.000 0.144
11030.000 0.143
11035.000 0.141
11040.000 0.146
11045.000 0.144
11050.000 0.143
11055.000 0.144
11060.000 0.142
11065.000 0.140
11070.000 0.140
11075.000 0.140
11080.000 0.141
11085.000 0.140
11090.000 0.139
11095.000 0.143
11100.000 0.142
11105.000 0.141
11110.000 0.144
11115.000 0.143
11120.000 0.142
11125.000 0.141
11130.000 0.141
11135.000 0.143
11140.000 0.141
11145.000 0.141
11150.000 0.140
11155.000 0.141
11160.000 0.138
11165.000 0.139
11170.000 0.139
11175.000 0.139
11180.000 0.138
11185.000 0.139
11190.000 0.138
11195.000 0.137
11200.000 0.137
11205.000 0.138
11210.000 0.139
11215.000 0.140
11220.000 0.140
11225.000 0.141
11230.000 0.141
11235.000 0.140
11240.000 0.140
11245.000 0.139
11250.000 0.139
11255.000 0.141
11260.000 0.138
11265.000 0.139
11270.000 0.136
11275.000 0.138
11280.000 0.139
11285.000 0.139
11290.000 0.138
11295.000 0.138
11300.000 0.140
11305.000 0.139
11310.000 0.140
11315.000 0.139
11320.000 0.139
11325.000 0.138
11330.000 0.139
11335.000 0.138
11340.000 0.140
11345.000 0.138
11350.000 0.139
11355.000 0.138
11360.000 0.138
11365.000 0.138
11370.000 0.137
11375.000 0.139
11380.000 0.137
11385.000 0.139
11390.000 0.139
11395.000 0.139
11400.000 0.137
11405.000 0.137
11410.000 0.139
11415.000 0.138
11420.000 0.138
11425.000 0.137
11430.000 0.137
11435.000 0.138
11440.000 0.137
11445.000 0.138
11450.000 0.138
11455.000 0.137
11460.000 0.138
11465.000 0.137
11470.000 0.136
11475.000 0.137
11480.000 0.138
11485.000 0.137
11490.000 0.137
11495.000 0.137
11500.000 0.139
11505.000 0.138
11510.000 0.137
11515.000 0.136
11520.000 0.135
11525.000 0.137
11530.000 0.137
11535.000 0.137
11540.000 0.135
11545.000 0.137
11550.000 0.137
11555.000 0.138
11560.000 0.137
11565.000 0.136
11570.000 0.136
11575.000 0.136
11580.000 0.136
11585.000 0.136
11590.000 0.136
11595.000 0.136
11600.000 0.135
11605.000 0.134
11610.000 0.136
11615.000 0.137
11620.000 0.136
11625.000 0.135
11630.000 0.136
11635.000 0.135
11640.000 0.135
11645.000 0.134
11650.000 0.135
11655.000 0.137
11660.000 0.137
11665.000 0.136
11670.000 0.137
11675.000 0.137
11680.000 0.137
11685.000 0.137
11690.000 0.137
11695.000 0.135
11700.000 0.138
11705.000 0.138
11710.000 0.136
11715.000 0.137
11720.000 0.138
11725.000 0.139
11730.000 0.138
11735.000 0.137
11740.000 0.138
11745.000 0.136
11750.000 0.137
11755.000 0.134
11760.000 0.136
11765.000 0.133
11770.000 0.135
11775.000 0.134
11780.000 0.133
11785.000 0.133
11790.000 0.133
11795.000 0.133
11800.000 0.132
11805.000 0.132
11810.000 0.133
11815.000 0.133
11820.000 0.135
11825.000 0.134
11830.000 0.134
11835.000 0.134
11840.000 0.133
11845.000 0.133
11850.000 0.134
11855.000 0.134
11860.000 0.134
11865.000 0.134
11870.000 0.136
11875.000 0.135
11880.000 0.133
11885.000 0.134
11890.000 0.135
11895.000 0.134
11900.000 0.134
11905.000 0.132
11910.000 0.134
11915.000 0.132
11920.000 0.132
11925.000 0.132
11930.000 0.132
11935.000 0.132
11940.000 0.131
11945.000 0.132
11950.000 0.131
11955.000 0.131
11960.000 0.133
11965.000 0.133
11970.000 0.133
11975.000 0.131
11980.000 0.130
11985.000 0.130
11990.000 0.134
11995.000 0.131
12000.000 0.132
