105.000 0.414
110.000 0.269
115.000 0.535
120.000 0.688
125.000 0.772
130.000 0.861
135.000 0.992
140.000 1.095
145.000 1.205
150.000 1.214
155.000 1.306
160.000 1.368
165.000 1.382
170.000 1.415
175.000 1.463
180.000 1.477
185.000 1.583
190.000 1.744
195.000 1.806
200.000 1.905
205.000 1.978
210.000 2.155
215.000 2.285
220.000 2.489
225.000 2.640
230.000 2.911
235.000 3.126
240.000 3.242
245.000 3.515
250.000 3.625
255.000 3.967
260.000 4.771
265.000 5.183
270.000 5.753
275.000 5.760
280.000 5.832
290.000 7.230
295.000 7.421
300.000 7.666
305.000 7.974
310.000 8.135
315.000 8.464
320.000 8.577
325.000 8.904
330.000 9.236
335.000 9.442
340.000 9.863
345.000 10.077
350.000 10.600
355.000 11.229
360.000 11.609
365.000 12.432
370.000 12.908
375.000 13.907
380.000 15.083
385.000 15.703
390.000 16.934
395.000 17.515
400.000 18.658
405.000 19.803
410.000 20.422
415.000 21.458
420.000 21.907
425.000 22.733
430.000 23.382
435.000 23.617
440.000 23.996
445.000 24.086
450.000 24.035
455.000 23.627
460.000 23.268
465.000 22.429
470.000 21.938
475.000 20.856
480.000 19.666
485.000 19.061
490.000 17.793
495.000 17.151
500.000 15.853
505.000 14.420
510.000 13.669
515.000 12.204
520.000 11.537
525.000 10.314
530.000 9.248
535.000 8.796
540.000 7.992
545.000 7.632
550.000 6.983
555.000 6.380
560.000 6.120
565.000 5.623
570.000 5.353
575.000 4.822
580.000 4.322
585.000 4.067
590.000 3.598
595.000 3.389
600.000 3.095
605.000 2.796
610.000 2.664
615.000 2.423
620.000 2.341
625.000 2.188
630.000 2.056
635.000 1.988
640.000 1.866
645.000 1.804
650.000 1.744
655.000 1.649
660.000 1.611
665.000 1.542
670.000 1.537
675.000 1.453
680.000 1.376
685.000 1.383
690.000 1.332
695.000 1.312
700.000 1.249
705.000 1.201
710.000 1.180
715.000 1.130
720.000 1.112
725.000 1.071
730.000 1.046
735.000 1.010
740.000 0.962
745.000 0.939
750.000 0.897
755.000 0.875
760.000 0.835
765.000 0.799
770.000 0.781
775.000 0.755
780.000 0.741
785.000 0.709
790.000 0.702
795.000 0.684
800.000 0.654
805.000 0.632
810.000 0.634
815.000 0.634
820.000 0.628
825.000 0.620
830.000 0.608
835.000 0.593
840.000 0.580
845.000 0.573
850.000 0.561
855.000 0.554
860.000 0.545
865.000 0.530
870.000 0.524
875.000 0.512
880.000 0.505
885.000 0.499
890.000 0.494
895.000 0.484
900.000 0.485
905.000 0.482
910.000 0.483
915.000 0.472
920.000 0.471
925.000 0.466
930.000 0.462
935.000 0.461
940.000 0.465
945.000 0.466
950.000 0.466
955.000 0.469
960.000 0.467
965.000 0.472
970.000 0.473
975.000 0.486
980.000 0.488
985.000 0.494
990.000 0.526
995.000 0.526
1000.000 0.545
1005.000 0.551
1010.000 0.555
1015.000 0.569
1020.000 0.596
1025.000 0.612
1030.000 0.617
1035.000 0.651
1040.000 0.673
1045.000 0.730
1050.000 0.785
1055.000 0.802
1060.000 0.896
1065.000 0.914
1070.000 0.944
1075.000 0.997
1080.000 1.037
1085.000 1.113
1090.000 1.135
1095.000 1.241
1100.000 1.293
1105.000 1.309
1110.000 1.445
1115.000 1.486
1120.000 1.567
1125.000 1.656
1130.000 1.719
1135.000 1.860
1140.000 1.948
1145.000 2.149
1150.000 2.368
1155.000 2.466
1160.000 2.674
1165.000 2.778
1170.000 2.963
1175.000 3.078
1180.000 3.109
1185.000 3.122
1190.000 3.117
1195.000 3.016
1200.000 2.852
1205.000 2.760
1210.000 2.545
1215.000 2.466
1220.000 2.320
1225.000 2.156
1230.000 2.084
1235.000 1.955
1240.000 1.891
1245.000 1.760
1250.000 1.652
1255.000 1.602
1260.000 1.508
1265.000 1.457
1270.000 1.379
1275.000 1.311
1280.000 1.277
1285.000 1.212
1290.000 1.181
1295.000 1.124
1300.000 1.065
1305.000 1.047
1310.000 0.999
1315.000 0.982
1320.000 0.943
1325.000 0.908
1330.000 0.880
1335.000 0.832
1340.000 0.812
1345.000 0.769
1350.000 0.733
1355.000 0.718
1360.000 0.688
1365.000 0.677
1370.000 0.655
1375.000 0.631
1380.000 0.620
1385.000 0.602
1390.000 0.591
1395.000 0.575
1400.000 0.570
1405.000 0.560
1410.000 0.549
1415.000 0.542
1420.000 0.530
1425.000 0.517
1430.000 0.510
1435.000 0.501
1440.000 0.498
1445.000 0.488
1450.000 0.479
1455.000 0.475
1460.000 0.472
1465.000 0.469
1470.000 0.462
1475.000 0.457
1480.000 0.456
1485.000 0.452
1490.000 0.448
1495.000 0.446
1500.000 0.442
1505.000 0.440
1510.000 0.438
1515.000 0.435
1520.000 0.433
1525.000 0.433
1530.000 0.432
1535.000 0.429
1540.000 0.427
1545.000 0.428
1550.000 0.425
1555.000 0.425
1560.000 0.422
1565.000 0.422
1570.000 0.421
1575.000 0.418
1580.000 0.418
1585.000 0.414
1590.000 0.413
1595.000 0.408
1600.000 0.407
1605.000 0.409
1610.000 0.403
1615.000 0.400
1620.000 0.395
1625.000 0.391
1630.000 0.383
1635.000 0.374
1640.000 0.371
1645.000 0.362
1650.000 0.356
1655.000 0.350
1660.000 0.344
1665.000 0.345
1670.000 0.340
1675.000 0.341
1680.000 0.346
1685.000 0.358
1690.000 0.364
1695.000 0.385
1700.000 0.396
1705.000 0.423
1710.000 0.451
1715.000 0.463
1720.000 0.492
1725.000 0.507
1730.000 0.533
1735.000 0.561
1740.000 0.579
1745.000 0.600
1750.000 0.609
1755.000 0.623
1760.000 0.636
1765.000 0.643
1770.000 0.654
1775.000 0.659
1780.000 0.667
1785.000 0.677
1790.000 0.681
1795.000 0.688
1800.000 0.690
1805.000 0.696
1810.000 0.701
1815.000 0.702
1820.000 0.695
1825.000 0.699
1830.000 0.703
1835.000 0.705
1840.000 0.707
1845.000 0.711
1850.000 0.716
1855.000 0.721
1860.000 0.727
1865.000 0.730
1870.000 0.733
1875.000 0.738
1880.000 0.742
1885.000 0.747
1890.000 0.747
1895.000 0.750
1900.000 0.752
1905.000 0.755
1910.000 0.758
1915.000 0.761
1920.000 0.765
1925.000 0.766
1930.000 0.772
1935.000 0.774
1940.000 0.775
1945.000 0.777
1950.000 0.778
1955.000 0.784
1960.000 0.783
1965.000 0.785
1970.000 0.785
1975.000 0.785
1980.000 0.790
1985.000 0.784
1990.000 0.793
1995.000 0.788
2000.000 0.789
2005.000 0.789
2010.000 0.784
2015.000 0.786
2020.000 0.791
2025.000 0.782
2030.000 0.778
2035.000 0.784
2040.000 0.779
2045.000 0.775
2050.000 0.777
2055.000 0.766
2060.000 0.762
2065.000 0.760
2070.000 0.755
2075.000 0.752
2080.000 0.746
2085.000 0.740
2090.000 0.738
2095.000 0.732
2100.000 0.726
2105.000 0.719
2110.000 0.713
2115.000 0.709
2120.000 0.703
2125.000 0.700
2130.000 0.692
2135.000 0.685
2140.000 0.683
2145.000 0.674
2150.000 0.670
2155.000 0.662
2160.000 0.653
2165.000 0.649
2170.000 0.639
2175.000 0.634
2180.000 0.628
2185.000 0.617
2190.000 0.612
2195.000 0.605
2200.000 0.599
2205.000 0.590
2210.000 0.586
2215.000 0.577
2220.000 0.570
2225.000 0.568
2230.000 0.559
2235.000 0.553
2240.000 0.547
2245.000 0.539
2250.000 0.535
2255.000 0.527
2260.000 0.527
2265.000 0.515
2270.000 0.512
2275.000 0.510
2280.000 0.501
2285.000 0.497
2290.000 0.491
2295.000 0.482
2300.000 0.479
2305.000 0.476
2310.000 0.471
2315.000 0.467
2320.000 0.465
2325.000 0.462
2330.000 0.453
2335.000 0.453
2340.000 0.453
2345.000 0.442
2350.000 0.441
2355.000 0.435
2360.000 0.434
2365.000 0.427
2370.000 0.427
2375.000 0.424
2380.000 0.420
2385.000 0.416
2390.000 0.412
2395.000 0.405
2400.000 0.403
2405.000 0.398
2410.000 0.397
2415.000 0.391
2420.000 0.387
2425.000 0.387
2430.000 0.384
2435.000 0.382
2440.000 0.377
2445.000 0.374
2450.000 0.372
2455.000 0.368
2460.000 0.364
2465.000 0.361
2470.000 0.358
2475.000 0.359
2480.000 0.356
2485.000 0.352
2490.000 0.351
2495.000 0.348
2500.000 0.346
2505.000 0.344
2510.000 0.343
2515.000 0.339
2520.000 0.339
2525.000 0.338
2530.000 0.337
2535.000 0.334
2540.000 0.332
2545.000 0.329
2550.000 0.329
2555.000 0.326
2560.000 0.326
2565.000 0.325
2570.000 0.322
2575.000 0.323
2580.000 0.321
2585.000 0.319
2590.000 0.319
2595.000 0.318
2600.000 0.317
2605.000 0.316
2610.000 0.317
2615.000 0.315
2620.000 0.315
2625.000 0.312
2630.000 0.313
2635.000 0.312
2640.000 0.310
2645.000 0.311
2650.000 0.312
2655.000 0.309
2660.000 0.309
2665.000 0.312
2670.000 0.309
2675.000 0.311
2680.000 0.307
2685.000 0.307
2690.000 0.308
2695.000 0.308
2700.000 0.304
2705.000 0.306
2710.000 0.307
2715.000 0.306
2720.000 0.303
2725.000 0.303
2730.000 0.304
2735.000 0.303
2740.000 0.302
2745.000 0.305
2750.000 0.305
2755.000 0.306
2760.000 0.305
2765.000 0.306
2770.000 0.305
2775.000 0.305
2780.000 0.309
2785.000 0.311
2790.000 0.309
2795.000 0.310
2800.000 0.310
2805.000 0.311
2810.000 0.314
2815.000 0.316
2820.000 0.316
2825.000 0.316
2830.000 0.318
2835.000 0.317
2840.000 0.316
2845.000 0.319
2850.000 0.321
2855.000 0.322
2860.000 0.324
2865.000 0.328
2870.000 0.331
2875.000 0.333
2880.000 0.338
2885.000 0.339
2890.000 0.361
2895.000 0.358
2900.000 0.358
2905.000 0.357
2910.000 0.358
2915.000 0.357
2920.000 0.355
2925.000 0.356
2930.000 0.356
2935.000 0.364
2940.000 0.367
2945.000 0.370
2950.000 0.372
2955.000 0.402
2960.000 0.404
2965.000 0.407
2970.000 0.397
2975.000 0.401
2980.000 0.401
2985.000 0.402
2990.000 0.403
2995.000 0.402
3000.000 0.401
3005.000 0.408
3010.000 0.412
3015.000 0.433
3020.000 0.443
3025.000 0.452
3030.000 0.456
3035.000 0.449
3040.000 0.448
3045.000 0.452
3050.000 0.459
3055.000 0.464
3060.000 0.463
3065.000 0.468
3070.000 0.471
3075.000 0.479
3080.000 0.486
3085.000 0.487
3090.000 0.495
3095.000 0.499
3100.000 0.503
3105.000 0.512
3110.000 0.516
3115.000 0.523
3120.000 0.529
3125.000 0.542
3130.000 0.549
3135.000 0.555
3140.000 0.563
3145.000 0.572
3150.000 0.588
3155.000 0.601
3160.000 0.609
3165.000 0.621
3170.000 0.626
3175.000 0.638
3180.000 0.651
3185.000 0.658
3190.000 0.672
3195.000 0.680
3200.000 0.696
3205.000 0.715
3210.000 0.723
3215.000 0.743
3220.000 0.755
3225.000 0.774
3230.000 0.796
3235.000 0.806
3240.000 0.831
3245.000 0.842
3250.000 0.866
3255.000 0.898
3260.000 0.910
3265.000 0.940
3270.000 0.958
3275.000 0.992
3280.000 1.031
3285.000 1.049
3290.000 1.091
3295.000 1.113
3300.000 1.161
3305.000 1.211
3310.000 1.235
3315.000 1.294
3320.000 1.326
3325.000 1.391
3330.000 1.464
3335.000 1.501
3340.000 1.584
3345.000 1.630
3350.000 1.728
3355.000 1.837
3360.000 1.894
3365.000 2.020
3370.000 2.087
3375.000 2.248
3380.000 2.434
3385.000 2.555
3390.000 2.804
3395.000 2.946
3400.000 3.281
3405.000 3.466
3410.000 3.922
3415.000 4.482
3420.000 4.806
3425.000 5.557
3430.000 5.981
3435.000 6.904
3440.000 7.849
3445.000 8.271
3450.000 8.861
3455.000 8.963
3460.000 8.669
3465.000 7.845
3470.000 7.360
3475.000 6.380
3480.000 5.918
3485.000 5.119
3490.000 4.533
3495.000 4.307
3500.000 3.939
3505.000 3.774
3510.000 3.480
3515.000 3.223
3520.000 3.112
3525.000 2.903
3530.000 2.812
3535.000 2.646
3540.000 2.496
3545.000 2.429
3550.000 2.306
3555.000 2.248
3560.000 2.146
3565.000 2.053
3570.000 2.009
3575.000 1.931
3580.000 1.892
3585.000 1.836
3590.000 1.824
3595.000 1.790
3600.000 1.737
3605.000 1.718
3610.000 1.665
3615.000 1.618
3620.000 1.589
3625.000 1.548
3630.000 1.541
3635.000 1.518
3640.000 1.476
3645.000 1.455
3650.000 1.466
3655.000 1.445
3660.000 1.409
3665.000 1.390
3670.000 1.376
3675.000 1.349
3680.000 1.344
3685.000 1.336
3690.000 1.322
3695.000 1.323
3700.000 1.311
3705.000 1.311
3710.000 1.301
3715.000 1.290
3720.000 1.279
3725.000 1.313
3730.000 1.308
3735.000 1.293
3740.000 1.283
3745.000 1.278
3750.000 1.276
3755.000 1.314
3760.000 1.315
3765.000 1.325
3770.000 1.326
3775.000 1.325
3780.000 1.325
3785.000 1.330
3790.000 1.338
3795.000 1.342
3800.000 1.356
3805.000 1.360
3810.000 1.384
3815.000 1.407
3820.000 1.419
3825.000 1.450
3830.000 1.466
3835.000 1.502
3840.000 1.544
3845.000 1.570
3850.000 1.626
3855.000 1.653
3860.000 1.708
3865.000 1.775
3870.000 1.810
3875.000 1.892
3880.000 1.937
3885.000 2.037
3890.000 2.151
3895.000 2.215
3900.000 2.360
3905.000 2.451
3910.000 2.645
3915.000 2.881
3920.000 3.021
3925.000 3.350
3930.000 3.564
3935.000 3.909
3940.000 4.222
3945.000 4.337
3950.000 4.458
3955.000 4.378
3960.000 4.109
3965.000 3.789
3970.000 3.614
3975.000 3.213
3980.000 3.025
3985.000 2.672
3990.000 2.516
3995.000 2.224
4000.000 1.981
4005.000 1.867
4010.000 1.679
4015.000 1.594
4020.000 1.463
4025.000 1.323
4030.000 1.261
4035.000 1.146
4040.000 1.095
4045.000 1.005
4050.000 0.924
4055.000 0.887
4060.000 0.813
4065.000 0.775
4070.000 0.746
4075.000 0.683
4080.000 0.655
4085.000 0.611
4090.000 0.593
4095.000 0.538
4100.000 0.488
4105.000 0.469
4110.000 0.433
4115.000 0.417
4120.000 0.386
4125.000 0.357
4130.000 0.344
4135.000 0.326
4140.000 0.314
4145.000 0.292
4150.000 0.276
4155.000 0.269
4160.000 0.253
4165.000 0.248
4170.000 0.234
4175.000 0.222
4180.000 0.218
4185.000 0.207
4190.000 0.203
4195.000 0.194
4200.000 0.187
4205.000 0.182
4210.000 0.175
4215.000 0.171
4220.000 0.165
4225.000 0.159
4230.000 0.157
4235.000 0.152
4240.000 0.149
4245.000 0.144
4250.000 0.140
4255.000 0.138
4260.000 0.134
4265.000 0.132
4270.000 0.128
4275.000 0.126
4280.000 0.123
4285.000 0.120
4290.000 0.117
4295.000 0.113
4300.000 0.112
4305.000 0.109
4310.000 0.104
4315.000 0.102
4320.000 0.097
4325.000 0.096
4330.000 0.093
4335.000 0.090
4340.000 0.088
4345.000 0.086
4350.000 0.085
4355.000 0.083
4360.000 0.082
4365.000 0.081
4370.000 0.079
4375.000 0.077
4380.000 0.075
4385.000 0.075
4390.000 0.075
4395.000 0.072
4400.000 0.072
4405.000 0.071
4410.000 0.070
4415.000 0.069
4420.000 0.068
4425.000 0.067
4430.000 0.067
4435.000 0.065
4440.000 0.065
4445.000 0.064
4450.000 0.064
4455.000 0.063
4460.000 0.062
4465.000 0.062
4470.000 0.061
4475.000 0.061
4480.000 0.060
4485.000 0.059
4490.000 0.060
4495.000 0.060
4500.000 0.059
4505.000 0.058
4510.000 0.058
4515.000 0.058
4520.000 0.057
4525.000 0.057
4530.000 0.057
4535.000 0.055
4540.000 0.055
4545.000 0.054
4550.000 0.054
4555.000 0.055
4560.000 0.055
4565.000 0.053
4570.000 0.053
4575.000 0.053
4580.000 0.053
4585.000 0.052
4590.000 0.053
4595.000 0.053
4600.000 0.052
4605.000 0.053
4610.000 0.053
4615.000 0.053
4620.000 0.052
4625.000 0.052
4630.000 0.053
4635.000 0.053
4640.000 0.051
4645.000 0.052
4650.000 0.052
4655.000 0.052
4660.000 0.051
4665.000 0.053
4670.000 0.053
4675.000 0.052
4680.000 0.053
4685.000 0.054
4690.000 0.054
4695.000 0.054
4700.000 0.054
4705.000 0.055
4710.000 0.057
4715.000 0.057
4720.000 0.058
4725.000 0.058
4730.000 0.059
4735.000 0.061
4740.000 0.061
4745.000 0.061
4750.000 0.062
4755.000 0.063
4760.000 0.064
4765.000 0.065
4770.000 0.065
4775.000 0.065
4780.000 0.066
4785.000 0.067
4790.000 0.068
4795.000 0.067
4800.000 0.067
4805.000 0.067
4810.000 0.068
4815.000 0.067
4820.000 0.066
4825.000 0.066
4830.000 0.067
4835.000 0.066
4840.000 0.065
4845.000 0.066
4850.000 0.064
4855.000 0.064
4860.000 0.064
4865.000 0.063
4870.000 0.062
4875.000 0.061
4880.000 0.061
4885.000 0.060
4890.000 0.058
4895.000 0.057
4900.000 0.057
4905.000 0.056
4910.000 0.055
4915.000 0.054
4920.000 0.054
4925.000 0.053
4930.000 0.051
4935.000 0.050
4940.000 0.049
4945.000 0.046
4950.000 0.045
4955.000 0.046
4960.000 0.044
4965.000 0.043
4970.000 0.039
4975.000 0.040
4980.000 0.037
4985.000 0.036
4990.000 0.037
4995.000 0.035
5000.000 0.031
5005.000 0.033
5010.000 0.031
5015.000 0.034
5020.000 0.032
5025.000 0.032
5030.000 0.030
5035.000 0.026
5040.000 0.029
5045.000 0.028
5050.000 0.024
5055.000 0.026
5060.000 0.023
5065.000 0.025
5070.000 0.032
5075.000 0.035
5080.000 0.034
5085.000 0.034
5090.000 0.036
5095.000 0.040
5100.000 0.043
5105.000 0.044
5110.000 0.046
5115.000 0.046
5120.000 0.050
5125.000 0.049
5130.000 0.051
5135.000 0.052
5140.000 0.054
5145.000 0.058
5150.000 0.059
5155.000 0.062
5160.000 0.064
5165.000 0.067
5170.000 0.071
5175.000 0.071
5180.000 0.074
5185.000 0.075
5190.000 0.077
5195.000 0.081
5200.000 0.082
5205.000 0.083
5210.000 0.086
5215.000 0.088
5220.000 0.090
5225.000 0.091
5230.000 0.093
5235.000 0.094
5240.000 0.097
5245.000 0.099
5250.000 0.099
5255.000 0.102
5260.000 0.103
5265.000 0.106
5270.000 0.108
5275.000 0.108
5280.000 0.111
5285.000 0.112
5290.000 0.114
5295.000 0.116
5300.000 0.117
5305.000 0.119
5310.000 0.119
5315.000 0.120
5320.000 0.123
5325.000 0.124
5330.000 0.126
5335.000 0.125
5340.000 0.129
5345.000 0.129
5350.000 0.129
5355.000 0.131
5360.000 0.132
5365.000 0.132
5370.000 0.173
5375.000 0.187
5380.000 0.195
5385.000 0.185
5390.000 0.169
5395.000 0.154
5400.000 0.149
5405.000 0.142
5410.000 0.139
5415.000 0.139
5420.000 0.136
5425.000 0.136
5430.000 0.135
5435.000 0.134
5440.000 0.137
5445.000 0.135
5450.000 0.135
5455.000 0.137
5460.000 0.138
5465.000 0.138
5470.000 0.137
5475.000 0.137
5480.000 0.138
5485.000 0.139
5490.000 0.141
5495.000 0.140
5500.000 0.140
5505.000 0.140
5510.000 0.142
5515.000 0.181
5520.000 0.204
5525.000 0.212
5530.000 0.195
5535.000 0.185
5540.000 0.168
5545.000 0.162
5550.000 0.153
5555.000 0.147
5560.000 0.146
5565.000 0.145
5570.000 0.143
5575.000 0.142
5580.000 0.148
5585.000 0.147
5590.000 0.146
5595.000 0.146
5600.000 0.146
5605.000 0.145
5610.000 0.145
5615.000 0.145
5620.000 0.145
5625.000 0.147
5630.000 0.147
5635.000 0.147
5640.000 0.147
5645.000 0.152
5650.000 0.151
5655.000 0.149
5660.000 0.149
5665.000 0.146
5670.000 0.146
5675.000 0.149
5680.000 0.148
5685.000 0.150
5690.000 0.147
5695.000 0.148
5700.000 0.147
5705.000 0.147
5710.000 0.148
5715.000 0.150
5720.000 0.147
5725.000 0.149
5730.000 0.148
5735.000 0.150
5740.000 0.152
5745.000 0.150
5750.000 0.152
5755.000 0.150
5760.000 0.150
5765.000 0.151
5770.000 0.151
5775.000 0.152
5780.000 0.152
5785.000 0.152
5790.000 0.152
5795.000 0.151
5800.000 0.153
5805.000 0.152
5810.000 0.153
5815.000 0.154
5820.000 0.153
5825.000 0.153
5830.000 0.153
5835.000 0.154
5840.000 0.156
5845.000 0.155
5850.000 0.156
5855.000 0.155
5860.000 0.156
5865.000 0.155
5870.000 0.157
5875.000 0.158
5880.000 0.157
5885.000 0.159
5890.000 0.159
5895.000 0.161
5900.000 0.161
5905.000 0.159
5910.000 0.161
5915.000 0.160
5920.000 0.159
5925.000 0.162
5930.000 0.162
5935.000 0.161
5940.000 0.162
5945.000 0.160
5950.000 0.163
5955.000 0.166
5960.000 0.164
5965.000 0.163
5970.000 0.166
5975.000 0.166
5980.000 0.166
5985.000 0.170
5990.000 0.164
5995.000 0.171
6000.000 0.173
6005.000 0.165
6010.000 0.166
6015.000 0.169
6020.000 0.173
6025.000 0.170
6030.000 0.170
6035.000 0.172
6040.000 0.177
6045.000 0.176
6050.000 0.174
6055.000 0.182
6060.000 0.179
6065.000 0.178
6070.000 0.176
6075.000 0.176
6080.000 0.177
6085.000 0.178
6090.000 0.179
6095.000 0.176
6100.000 0.178
6105.000 0.176
6110.000 0.177
6115.000 0.180
6120.000 0.180
6125.000 0.179
6130.000 0.180
6135.000 0.182
6140.000 0.183
6145.000 0.182
6150.000 0.182
6155.000 0.183
6160.000 0.186
6165.000 0.187
6170.000 0.186
6175.000 0.187
6180.000 0.188
6185.000 0.187
6190.000 0.191
6195.000 0.191
6200.000 0.194
6205.000 0.197
6210.000 0.198
6215.000 0.200
6220.000 0.200
6225.000 0.196
6230.000 0.197
6235.000 0.201
6240.000 0.200
6245.000 0.201
6250.000 0.202
6255.000 0.201
6260.000 0.202
6265.000 0.203
6270.000 0.204
6275.000 0.205
6280.000 0.206
6285.000 0.207
6290.000 0.209
6295.000 0.210
6300.000 0.214
6305.000 0.214
6310.000 0.221
6315.000 0.227
6320.000 0.226
6325.000 0.224
6330.000 0.224
6335.000 0.224
6340.000 0.228
6345.000 0.227
6350.000 0.230
6355.000 0.232
6360.000 0.233
6365.000 0.238
6370.000 0.240
6375.000 0.241
6380.000 0.243
6385.000 0.248
6390.000 0.256
6395.000 0.256
6400.000 0.260
6405.000 0.262
6410.000 0.265
6415.000 0.266
6420.000 0.265
6425.000 0.270
6430.000 0.271
6435.000 0.275
6440.000 0.280
6445.000 0.283
6450.000 0.288
6455.000 0.289
6460.000 0.294
6465.000 0.298
6470.000 0.301
6475.000 0.309
6480.000 0.310
6485.000 0.314
6490.000 0.322
6495.000 0.322
6500.000 0.331
6505.000 0.334
6510.000 0.339
6515.000 0.347
6520.000 0.352
6525.000 0.360
6530.000 0.362
6535.000 0.372
6540.000 0.379
6545.000 0.382
6550.000 0.392
6555.000 0.397
6560.000 0.407
6565.000 0.419
6570.000 0.426
6575.000 0.435
6580.000 0.442
6585.000 0.454
6590.000 0.469
6595.000 0.475
6600.000 0.489
6605.000 0.497
6610.000 0.513
6615.000 0.534
6620.000 0.543
6625.000 0.563
6630.000 0.573
6635.000 0.592
6640.000 0.619
6645.000 0.631
6650.000 0.659
6655.000 0.674
6660.000 0.700
6665.000 0.716
6670.000 0.750
6675.000 0.786
6680.000 0.810
6685.000 0.858
6690.000 0.881
6695.000 0.929
6700.000 0.988
6705.000 1.018
6710.000 1.074
6715.000 1.107
6720.000 1.180
6725.000 1.272
6730.000 1.324
6735.000 1.436
6740.000 1.497
6745.000 1.648
6750.000 1.846
6755.000 2.083
6760.000 2.224
6765.000 2.388
6770.000 2.777
6775.000 3.287
6780.000 3.595
6785.000 4.362
6790.000 4.831
6795.000 5.948
6800.000 7.231
6805.000 7.878
6810.000 9.095
6815.000 9.558
6820.000 10.021
6825.000 9.543
6830.000 8.928
6835.000 7.441
6840.000 6.719
6845.000 5.443
6850.000 4.453
6855.000 4.061
6860.000 3.443
6865.000 3.197
6870.000 2.826
6875.000 2.587
6880.000 2.498
6885.000 2.344
6890.000 2.276
6895.000 2.156
6900.000 2.052
6905.000 2.006
6910.000 1.925
6915.000 1.890
6920.000 1.825
6925.000 1.771
6930.000 1.742
6935.000 1.697
6940.000 1.672
6945.000 1.637
6950.000 1.608
6955.000 1.593
6960.000 1.573
6965.000 1.562
6970.000 1.553
6975.000 1.539
6980.000 1.533
6985.000 1.533
6990.000 1.534
6995.000 1.539
7000.000 1.548
7005.000 1.554
7010.000 1.564
7015.000 1.573
7020.000 1.595
7025.000 1.632
7030.000 1.640
7035.000 1.683
7040.000 1.701
7045.000 1.751
7050.000 1.812
7055.000 1.843
7060.000 1.912
7065.000 1.957
7070.000 2.042
7075.000 2.157
7080.000 2.224
7085.000 2.362
7090.000 2.443
7095.000 2.640
7100.000 2.892
7105.000 3.039
7110.000 3.387
7115.000 3.589
7120.000 4.038
7125.000 4.494
7130.000 4.691
7135.000 4.911
7140.000 4.897
7145.000 4.610
7150.000 4.137
7155.000 3.892
7160.000 3.448
7165.000 3.234
7170.000 2.836
7175.000 2.490
7180.000 2.339
7185.000 2.070
7190.000 1.955
7195.000 1.751
7200.000 1.578
7205.000 1.502
7210.000 1.368
7215.000 1.313
7220.000 1.205
7225.000 1.108
7230.000 1.065
7235.000 0.990
7240.000 0.957
7245.000 0.889
7250.000 0.859
7255.000 0.809
7260.000 0.757
7265.000 0.731
7270.000 0.677
7275.000 0.654
7280.000 0.606
7285.000 0.564
7290.000 0.545
7295.000 0.515
7300.000 0.499
7305.000 0.471
7310.000 0.446
7315.000 0.435
7320.000 0.411
7325.000 0.403
7330.000 0.385
7335.000 0.368
7340.000 0.361
7345.000 0.346
7350.000 0.339
7355.000 0.325
7360.000 0.312
7365.000 0.308
7370.000 0.297
7375.000 0.292
7380.000 0.284
7385.000 0.275
7390.000 0.269
7395.000 0.262
7400.000 0.257
7405.000 0.252
7410.000 0.246
7415.000 0.242
7420.000 0.235
7425.000 0.234
7430.000 0.228
7435.000 0.223
7440.000 0.220
7445.000 0.215
7450.000 0.214
7455.000 0.210
7460.000 0.205
7465.000 0.205
7470.000 0.201
7475.000 0.199
7480.000 0.196
7485.000 0.193
7490.000 0.192
7495.000 0.189
7500.000 0.188
7505.000 0.184
7510.000 0.182
7515.000 0.181
7520.000 0.179
7525.000 0.177
7530.000 0.175
7535.000 0.174
7540.000 0.172
7545.000 0.170
7550.000 0.169
7555.000 0.168
7560.000 0.168
7565.000 0.164
7570.000 0.163
7575.000 0.162
7580.000 0.161
7585.000 0.161
7590.000 0.159
7595.000 0.160
7600.000 0.159
7605.000 0.157
7610.000 0.157
7615.000 0.156
7620.000 0.156
7625.000 0.156
7630.000 0.154
7635.000 0.154
7640.000 0.152
7645.000 0.151
7650.000 0.151
7655.000 0.150
7660.000 0.150
7665.000 0.149
7670.000 0.147
7675.000 0.146
7680.000 0.145
7685.000 0.146
7690.000 0.145
7695.000 0.143
7700.000 0.145
7705.000 0.144
7710.000 0.144
7715.000 0.143
7720.000 0.143
7725.000 0.143
7730.000 0.141
7735.000 0.142
7740.000 0.142
7745.000 0.140
7750.000 0.141
7755.000 0.140
7760.000 0.141
7765.000 0.140
7770.000 0.140
7775.000 0.140
7780.000 0.139
7785.000 0.140
7790.000 0.138
7795.000 0.138
7800.000 0.139
7805.000 0.141
7810.000 0.146
7815.000 0.143
7820.000 0.144
7825.000 0.143
7830.000 0.142
7835.000 0.142
7840.000 0.141
7845.000 0.141
7850.000 0.140
7855.000 0.140
7860.000 0.140
7865.000 0.141
7870.000 0.141
7875.000 0.140
7880.000 0.140
7885.000 0.139
7890.000 0.139
7895.000 0.137
7900.000 0.138
7905.000 0.137
7910.000 0.136
7915.000 0.138
7920.000 0.136
7925.000 0.137
7930.000 0.137
7935.000 0.137
7940.000 0.136
7945.000 0.136
7950.000 0.135
7955.000 0.136
7960.000 0.136
7965.000 0.136
7970.000 0.135
7975.000 0.135
7980.000 0.135
7985.000 0.132
7990.000 0.136
7995.000 0.135
8000.000 0.130
8005.000 0.136
8010.000 0.136
8015.000 0.135
8020.000 0.130
8025.000 0.134
8030.000 0.133
8035.000 0.130
8040.000 0.134
8045.000 0.133
8050.000 0.132
8055.000 0.133
8060.000 0.131
8065.000 0.131
8070.000 0.131
8075.000 0.131
8080.000 0.131
8085.000 0.130
8090.000 0.131
8095.000 0.130
8100.000 0.131
8105.000 0.132
8110.000 0.133
8115.000 0.132
8120.000 0.134
8125.000 0.134
8130.000 0.132
8135.000 0.133
8140.000 0.132
8145.000 0.132
8150.000 0.132
8155.000 0.132
8160.000 0.131
8165.000 0.135
8170.000 0.137
8175.000 0.135
8180.000 0.136
8185.000 0.137
8190.000 0.135
8195.000 0.134
8200.000 0.133
8205.000 0.133
8210.000 0.133
8215.000 0.133
8220.000 0.132
8225.000 0.133
8230.000 0.132
8235.000 0.133
8240.000 0.132
8245.000 0.132
8250.000 0.132
8255.000 0.131
8260.000 0.133
8265.000 0.132
8270.000 0.132
8275.000 0.134
8280.000 0.134
8285.000 0.134
8290.000 0.133
8295.000 0.133
8300.000 0.132
8305.000 0.135
8310.000 0.135
8315.000 0.135
8320.000 0.134
8325.000 0.134
8330.000 0.133
8335.000 0.134
8340.000 0.135
8345.000 0.134
8350.000 0.134
8355.000 0.134
8360.000 0.135
8365.000 0.133
8370.000 0.135
8375.000 0.134
8380.000 0.135
8385.000 0.135
8390.000 0.134
8395.000 0.135
8400.000 0.134
8405.000 0.135
8410.000 0.135
8415.000 0.136
8420.000 0.135
8425.000 0.136
8430.000 0.137
8435.000 0.137
8440.000 0.136
8445.000 0.137
8450.000 0.143
8455.000 0.139
8460.000 0.139
8465.000 0.139
8470.000 0.138
8475.000 0.137
8480.000 0.137
8485.000 0.137
8490.000 0.137
8495.000 0.137
8500.000 0.137
8505.000 0.137
8510.000 0.137
8515.000 0.137
8520.000 0.137
8525.000 0.137
8530.000 0.138
8535.000 0.137
8540.000 0.137
8545.000 0.138
8550.000 0.138
8555.000 0.139
8560.000 0.138
8565.000 0.139
8570.000 0.137
8575.000 0.139
8580.000 0.138
8585.000 0.139
8590.000 0.138
8595.000 0.139
8600.000 0.139
8605.000 0.140
8610.000 0.140
8615.000 0.140
8620.000 0.139
8625.000 0.140
8630.000 0.141
8635.000 0.140
8640.000 0.141
8645.000 0.141
8650.000 0.141
8655.000 0.142
8660.000 0.141
8665.000 0.142
8670.000 0.141
8675.000 0.141
8680.000 0.142
8685.000 0.142
8690.000 0.143
8695.000 0.141
8700.000 0.144
8705.000 0.143
8710.000 0.143
8715.000 0.142
8720.000 0.142
8725.000 0.143
8730.000 0.143
8735.000 0.144
8740.000 0.145
8745.000 0.144
8750.000 0.143
8755.000 0.143
8760.000 0.144
8765.000 0.144
8770.000 0.143
8775.000 0.144
8780.000 0.144
8785.000 0.144
8790.000 0.144
8795.000 0.145
8800.000 0.146
8805.000 0.145
8810.000 0.145
8815.000 0.148
8820.000 0.149
8825.000 0.143
8830.000 0.149
8835.000 0.153
8840.000 0.146
8845.000 0.149
8850.000 0.147
8855.000 0.148
8860.000 0.147
8865.000 0.148
8870.000 0.149
8875.000 0.148
8880.000 0.148
8885.000 0.148
8890.000 0.148
8895.000 0.149
8900.000 0.148
8905.000 0.150
8910.000 0.149
8915.000 0.151
8920.000 0.151
8925.000 0.152
8930.000 0.152
8935.000 0.152
8940.000 0.153
8945.000 0.153
8950.000 0.152
8955.000 0.153
8960.000 0.151
8965.000 0.152
8970.000 0.154
8975.000 0.155
8980.000 0.155
8985.000 0.158
8990.000 0.153
8995.000 0.159
9000.000 0.161
9005.000 0.159
9010.000 0.155
9015.000 0.158
9020.000 0.158
9025.000 0.156
9030.000 0.157
9035.000 0.156
9040.000 0.156
9045.000 0.157
9050.000 0.158
9055.000 0.160
9060.000 0.159
9065.000 0.158
9070.000 0.159
9075.000 0.161
9080.000 0.161
9085.000 0.159
9090.000 0.159
9095.000 0.163
9100.000 0.161
9105.000 0.162
9110.000 0.163
9115.000 0.164
9120.000 0.164
9125.000 0.165
9130.000 0.163
9135.000 0.169
9140.000 0.170
9145.000 0.178
9150.000 0.238
9155.000 0.240
9160.000 0.245
9165.000 0.224
9170.000 0.214
9175.000 0.198
9180.000 0.192
9185.000 0.181
9190.000 0.175
9195.000 0.172
9200.000 0.170
9205.000 0.170
9210.000 0.169
9215.000 0.169
9220.000 0.171
9225.000 0.170
9230.000 0.172
9235.000 0.171
9240.000 0.171
9245.000 0.169
9250.000 0.171
9255.000 0.168
9260.000 0.168
9265.000 0.170
9270.000 0.168
9275.000 0.171
9280.000 0.170
9285.000 0.170
9290.000 0.171
9295.000 0.170
9300.000 0.172
9305.000 0.172
9310.000 0.171
9315.000 0.172
9320.000 0.172
9325.000 0.174
9330.000 0.172
9335.000 0.173
9340.000 0.172
9345.000 0.173
9350.000 0.173
9355.000 0.174
9360.000 0.175
9365.000 0.176
9370.000 0.176
9375.000 0.177
9380.000 0.178
9385.000 0.175
9390.000 0.176
9395.000 0.177
9400.000 0.176
9405.000 0.175
9410.000 0.175
9415.000 0.175
9420.000 0.177
9425.000 0.176
9430.000 0.178
9435.000 0.182
9440.000 0.179
9445.000 0.178
9450.000 0.178
9455.000 0.177
9460.000 0.180
9465.000 0.180
9470.000 0.181
9475.000 0.181
9480.000 0.182
9485.000 0.182
9490.000 0.180
9495.000 0.181
9500.000 0.180
9505.000 0.182
9510.000 0.183
9515.000 0.184
9520.000 0.186
9525.000 0.186
9530.000 0.186
9535.000 0.185
9540.000 0.187
9545.000 0.186
9550.000 0.188
9555.000 0.189
9560.000 0.189
9565.000 0.189
9570.000 0.189
9575.000 0.190
9580.000 0.189
9585.000 0.190
9590.000 0.190
9595.000 0.192
9600.000 0.189
9605.000 0.190
9610.000 0.193
9615.000 0.191
9620.000 0.193
9625.000 0.196
9630.000 0.196
9635.000 0.200
9640.000 0.201
9645.000 0.204
9650.000 0.204
9655.000 0.202
9660.000 0.204
9665.000 0.203
9670.000 0.206
9675.000 0.205
9680.000 0.206
9685.000 0.206
9690.000 0.206
9695.000 0.208
9700.000 0.208
9705.000 0.208
9710.000 0.208
9715.000 0.208
9720.000 0.209
9725.000 0.210
9730.000 0.210
9735.000 0.212
9740.000 0.212
9745.000 0.215
9750.000 0.219
9755.000 0.223
9760.000 0.221
9765.000 0.223
9770.000 0.222
9775.000 0.223
9780.000 0.224
9785.000 0.227
9790.000 0.227
9795.000 0.230
9800.000 0.230
9805.000 0.231
9810.000 0.235
9815.000 0.237
9820.000 0.238
9825.000 0.238
9830.000 0.243
9835.000 0.245
9840.000 0.243
9845.000 0.246
9850.000 0.251
9855.000 0.253
9860.000 0.255
9865.000 0.256
9870.000 0.258
9875.000 0.260
9880.000 0.262
9885.000 0.266
9890.000 0.267
9895.000 0.289
9900.000 0.385
9905.000 0.393
9910.000 0.365
9915.000 0.355
9920.000 0.331
9925.000 0.322
9930.000 0.310
9935.000 0.306
9940.000 0.304
9945.000 0.306
9950.000 0.309
9955.000 0.317
9960.000 0.325
9965.000 0.330
9970.000 0.335
9975.000 0.341
9980.000 0.351
9985.000 0.357
9990.000 0.363
9995.000 0.376
10000.000 0.385
10005.000 0.394
10010.000 0.406
10015.000 0.412
10020.000 0.432
10025.000 0.437
10030.000 0.455
10035.000 0.473
10040.000 0.482
10045.000 0.499
10050.000 0.513
10055.000 0.539
10060.000 0.564
10065.000 0.580
10070.000 0.608
10075.000 0.625
10080.000 0.666
10085.000 0.705
10090.000 0.725
10095.000 0.775
10100.000 0.806
10105.000 0.873
10110.000 0.958
10115.000 1.007
10120.000 1.124
10125.000 1.195
10130.000 1.362
10135.000 1.566
10140.000 1.685
10145.000 1.952
10150.000 2.094
10155.000 2.383
10160.000 2.616
10165.000 2.695
10170.000 2.703
10175.000 2.625
10180.000 2.373
10185.000 2.085
10190.000 1.942
10195.000 1.684
10200.000 1.576
10205.000 1.407
10210.000 1.298
10215.000 1.240
10220.000 1.131
10225.000 1.084
10230.000 1.002
10235.000 0.935
10240.000 0.909
10245.000 0.860
10250.000 0.837
10255.000 0.795
10260.000 0.759
10265.000 0.743
10270.000 0.718
10275.000 0.710
10280.000 0.691
10285.000 0.679
10290.000 0.671
10295.000 0.661
10300.000 0.658
10305.000 0.648
10310.000 0.644
10315.000 0.644
10320.000 0.645
10325.000 0.648
10330.000 0.650
10335.000 0.655
10340.000 0.661
10345.000 0.673
10350.000 0.679
10355.000 0.699
10360.000 0.717
10365.000 0.729
10370.000 0.754
10375.000 0.771
10380.000 0.807
10385.000 0.846
10390.000 0.876
10395.000 0.928
10400.000 0.959
10405.000 1.025
10410.000 1.114
10415.000 1.163
10420.000 1.284
10425.000 1.347
10430.000 1.499
10435.000 1.664
10440.000 1.749
10445.000 1.877
10450.000 1.907
10455.000 1.885
10460.000 1.768
10465.000 1.697
10470.000 1.551
10475.000 1.481
10480.000 1.339
10485.000 1.200
10490.000 1.136
10495.000 1.024
10500.000 0.974
10505.000 0.883
10510.000 0.806
10515.000 0.769
10520.000 0.710
10525.000 0.684
10530.000 0.639
10535.000 0.618
10540.000 0.590
10545.000 0.556
10550.000 0.544
10555.000 0.519
10560.000 0.511
10565.000 0.487
10570.000 0.465
10575.000 0.453
10580.000 0.438
10585.000 0.430
10590.000 0.414
10595.000 0.398
10600.000 0.389
10605.000 0.377
10610.000 0.375
10615.000 0.362
10620.000 0.351
10625.000 0.343
10630.000 0.333
10635.000 0.329
10640.000 0.319
10645.000 0.312
10650.000 0.308
10655.000 0.302
10660.000 0.300
10665.000 0.291
10670.000 0.289
10675.000 0.285
10680.000 0.280
10685.000 0.276
10690.000 0.272
10695.000 0.268
10700.000 0.265
10705.000 0.257
10710.000 0.255
10715.000 0.250
10720.000 0.245
10725.000 0.245
10730.000 0.242
10735.000 0.241
10740.000 0.234
10745.000 0.231
10750.000 0.229
10755.000 0.225
10760.000 0.224
10765.000 0.221
10770.000 0.219
10775.000 0.218
10780.000 0.216
10785.000 0.213
10790.000 0.211
10795.000 0.208
10800.000 0.208
10805.000 0.203
10810.000 0.203
10815.000 0.201
10820.000 0.198
10825.000 0.199
10830.000 0.198
10835.000 0.197
10840.000 0.197
10845.000 0.195
10850.000 0.193
10855.000 0.191
10860.000 0.192
10865.000 0.188
10870.000 0.188
10875.000 0.186
10880.000 0.185
10885.000 0.183
10890.000 0.182
10895.000 0.182
10900.000 0.180
10905.000 0.181
10910.000 0.180
10915.000 0.179
10920.000 0.180
10925.000 0.178
10930.000 0.179
10935.000 0.182
10940.000 0.180
10945.000 0.180
10950.000 0.179
10955.000 0.179
10960.000 0.177
10965.000 0.175
10970.000 0.176
10975.000 0.173
10980.000 0.173
10985.000 0.173
10990.000 0.173
10995.000 0.172
11000.000 0.173
11005.000 0.174
11010.000 0.174
11015.000 0.174
11020.000 0.173
11025.000 0.177
11030.000 0.175
11035.000 0.174
11040.000 0.171
11045.000 0.173
11050.000 0.173
11055.000 0.169
11060.000 0.168
11065.000 0.166
11070.000 0.166
11075.000 0.167
11080.000 0.167
11085.000 0.166
11090.000 0.166
11095.000 0.164
11100.000 0.163
11105.000 0.163
11110.000 0.163
11115.000 0.163
11120.000 0.164
11125.000 0.163
11130.000 0.163
11135.000 0.163
11140.000 0.162
11145.000 0.163
11150.000 0.161
11155.000 0.161
11160.000 0.160
11165.000 0.159
11170.000 0.159
11175.000 0.158
11180.000 0.159
11185.000 0.160
11190.000 0.158
11195.000 0.158
11200.000 0.158
11205.000 0.156
11210.000 0.158
11215.000 0.158
11220.000 0.158
11225.000 0.155
11230.000 0.159
11235.000 0.156
11240.000 0.157
11245.000 0.157
11250.000 0.155
11255.000 0.154
11260.000 0.155
11265.000 0.156
11270.000 0.154
11275.000 0.154
11280.000 0.155
11285.000 0.155
11290.000 0.156
11295.000 0.154
11300.000 0.155
11305.000 0.153
11310.000 0.153
11315.000 0.152
11320.000 0.154
11325.000 0.153
11330.000 0.154
11335.000 0.152
11340.000 0.152
11345.000 0.152
11350.000 0.152
11355.000 0.151
11360.000 0.151
11365.000 0.152
11370.000 0.152
11375.000 0.149
11380.000 0.150
11385.000 0.152
11390.000 0.151
11395.000 0.152
11400.000 0.151
11405.000 0.150
11410.000 0.152
11415.000 0.152
11420.000 0.151
11425.000 0.152
11430.000 0.150
11435.000 0.149
11440.000 0.150
11445.000 0.150
11450.000 0.150
11455.000 0.149
11460.000 0.149
11465.000 0.146
11470.000 0.148
11475.000 0.148
11480.000 0.148
11485.000 0.147
11490.000 0.146
11495.000 0.147
11500.000 0.149
11505.000 0.147
11510.000 0.147
11515.000 0.146
11520.000 0.147
11525.000 0.146
11530.000 0.145
11535.000 0.148
11540.000 0.148
11545.000 0.147
11550.000 0.145
11555.000 0.146
11560.000 0.147
11565.000 0.147
11570.000 0.144
11575.000 0.144
11580.000 0.146
11585.000 0.145
11590.000 0.145
11595.000 0.145
11600.000 0.146
11605.000 0.146
11610.000 0.144
11615.000 0.145
11620.000 0.147
11625.000 0.145
11630.000 0.144
11635.000 0.143
11640.000 0.143
11645.000 0.143
11650.000 0.144
11655.000 0.146
11660.000 0.145
11665.000 0.145
11670.000 0.144
11675.000 0.145
11680.000 0.144
11685.000 0.142
11690.000 0.145
11695.000 0.143
11700.000 0.146
11705.000 0.146
11710.000 0.146
11715.000 0.145
11720.000 0.146
11725.000 0.147
11730.000 0.145
11735.000 0.145
11740.000 0.146
11745.000 0.144
11750.000 0.143
11755.000 0.143
11760.000 0.145
11765.000 0.143
11770.000 0.143
11775.000 0.142
11780.000 0.141
11785.000 0.142
11790.000 0.141
11795.000 0.143
11800.000 0.144
11805.000 0.143
11810.000 0.143
11815.000 0.142
11820.000 0.141
11825.000 0.143
11830.000 0.143
11835.000 0.140
11840.000 0.140
11845.000 0.141
11850.000 0.141
11855.000 0.139
11860.000 0.140
11865.000 0.140
11870.000 0.140
11875.000 0.140
11880.000 0.140
11885.000 0.140
11890.000 0.139
11895.000 0.141
11900.000 0.140
11905.000 0.141
11910.000 0.140
11915.000 0.141
11920.000 0.139
11925.000 0.139
11930.000 0.142
11935.000 0.142
11940.000 0.143
11945.000 0.144
11950.000 0.141
11955.000 0.142
11960.000 0.140
11965.000 0.139
11970.000 0.140
11975.000 0.141
11980.000 0.140
11985.000 0.140
11990.000 0.140
11995.000 0.141
12000.000 0.141
