105.000 0.030
110.000 0.026
115.000 0.862
120.000 1.035
125.000 1.573
130.000 2.002
135.000 2.175
140.000 2.460
145.000 2.662
150.000 2.967
155.000 3.268
160.000 3.426
165.000 3.736
170.000 3.866
175.000 4.291
180.000 4.329
185.000 4.358
190.000 4.885
195.000 5.283
200.000 6.021
205.000 6.666
210.000 7.059
215.000 7.636
220.000 7.809
225.000 8.414
230.000 8.707
235.000 8.735
240.000 8.842
245.000 8.879
250.000 9.194
255.000 9.543
260.000 9.811
265.000 10.189
270.000 10.493
275.000 10.729
280.000 11.169
285.000 11.407
290.000 11.702
295.000 11.875
300.000 12.219
305.000 12.590
310.000 12.847
315.000 13.239
320.000 13.449
325.000 14.047
330.000 14.689
335.000 15.049
340.000 15.763
345.000 16.212
350.000 17.067
355.000 17.928
360.000 18.331
365.000 19.227
370.000 19.625
375.000 20.394
380.000 20.775
385.000 21.542
390.000 22.406
395.000 22.755
400.000 23.479
405.000 23.867
410.000 24.619
415.000 25.326
420.000 25.627
425.000 26.145
430.000 26.359
435.000 26.585
440.000 26.563
445.000 26.467
450.000 26.038
455.000 25.709
460.000 24.827
465.000 23.736
470.000 23.144
475.000 21.907
480.000 21.258
485.000 19.995
490.000 18.699
495.000 18.072
500.000 16.898
505.000 16.316
510.000 15.176
515.000 14.039
520.000 13.525
525.000 12.479
530.000 11.983
535.000 10.960
540.000 9.853
545.000 9.343
550.000 8.395
555.000 7.969
560.000 7.223
565.000 6.584
570.000 6.324
575.000 5.827
580.000 5.610
585.000 5.204
590.000 4.798
595.000 4.594
600.000 4.173
605.000 3.948
610.000 3.516
615.000 3.110
620.000 2.921
625.000 2.585
630.000 2.430
635.000 2.166
640.000 1.938
645.000 1.847
650.000 1.684
655.000 1.613
660.000 1.513
665.000 1.433
670.000 1.396
675.000 1.332
680.000 1.303
685.000 1.253
690.000 1.202
695.000 1.179
700.000 1.130
705.000 1.112
710.000 1.070
715.000 1.030
720.000 1.012
725.000 0.978
730.000 0.975
735.000 0.915
740.000 0.862
745.000 0.840
750.000 0.793
755.000 0.771
760.000 0.726
765.000 0.684
770.000 0.672
775.000 0.636
780.000 0.623
785.000 0.596
790.000 0.567
795.000 0.557
800.000 0.535
805.000 0.526
810.000 0.516
815.000 0.515
820.000 0.509
825.000 0.498
830.000 0.491
835.000 0.477
840.000 0.464
845.000 0.457
850.000 0.445
855.000 0.439
860.000 0.426
865.000 0.414
870.000 0.406
875.000 0.397
880.000 0.391
885.000 0.382
890.000 0.373
895.000 0.371
900.000 0.363
905.000 0.361
910.000 0.353
915.000 0.347
920.000 0.345
925.000 0.340
930.000 0.338
935.000 0.334
940.000 0.332
945.000 0.330
950.000 0.328
955.000 0.324
960.000 0.326
965.000 0.322
970.000 0.325
975.000 0.322
980.000 0.325
985.000 0.323
990.000 0.328
995.000 0.325
1000.000 0.332
1005.000 0.330
1010.000 0.330
1015.000 0.332
1020.000 0.339
1025.000 0.342
1030.000 0.343
1035.000 0.350
1040.000 0.352
1045.000 0.359
1050.000 0.367
1055.000 0.372
1060.000 0.379
1065.000 0.385
1070.000 0.395
1075.000 0.407
1080.000 0.410
1085.000 0.424
1090.000 0.429
1095.000 0.441
1100.000 0.459
1105.000 0.468
1110.000 0.487
1115.000 0.497
1120.000 0.518
1125.000 0.543
1130.000 0.559
1135.000 0.588
1140.000 0.604
1145.000 0.643
1150.000 0.686
1155.000 0.708
1160.000 0.745
1165.000 0.763
1170.000 0.805
1175.000 0.848
1180.000 0.866
1185.000 0.900
1190.000 0.922
1195.000 0.961
1200.000 0.999
1205.000 1.023
1210.000 1.062
1215.000 1.082
1220.000 1.129
1225.000 1.181
1230.000 1.249
1235.000 1.289
1240.000 1.310
1245.000 1.367
1250.000 1.442
1255.000 1.503
1260.000 1.564
1265.000 1.608
1270.000 1.706
1275.000 1.820
1280.000 1.877
1285.000 2.012
1290.000 2.089
1295.000 2.239
1300.000 2.416
1305.000 2.529
1310.000 2.740
1315.000 2.868
1320.000 3.147
1325.000 3.410
1330.000 3.551
1335.000 3.829
1340.000 3.960
1345.000 4.179
1350.000 4.300
1355.000 4.328
1360.000 4.258
1365.000 4.182
1370.000 3.974
1375.000 3.751
1380.000 3.661
1385.000 3.465
1390.000 3.357
1395.000 3.147
1400.000 2.939
1405.000 2.846
1410.000 2.659
1415.000 2.573
1420.000 2.409
1425.000 2.261
1430.000 2.192
1435.000 2.067
1440.000 1.983
1445.000 1.879
1450.000 1.787
1455.000 1.742
1460.000 1.664
1465.000 1.627
1470.000 1.558
1475.000 1.498
1480.000 1.472
1485.000 1.419
1490.000 1.392
1495.000 1.347
1500.000 1.303
1505.000 1.286
1510.000 1.248
1515.000 1.231
1520.000 1.199
1525.000 1.170
1530.000 1.155
1535.000 1.128
1540.000 1.115
1545.000 1.092
1550.000 1.065
1555.000 1.054
1560.000 1.031
1565.000 1.023
1570.000 1.005
1575.000 0.992
1580.000 0.964
1585.000 0.938
1590.000 0.927
1595.000 0.902
1600.000 0.890
1605.000 0.874
1610.000 0.854
1615.000 0.842
1620.000 0.815
1625.000 0.799
1630.000 0.770
1635.000 0.742
1640.000 0.732
1645.000 0.698
1650.000 0.687
1655.000 0.664
1660.000 0.647
1665.000 0.634
1670.000 0.623
1675.000 0.618
1680.000 0.616
1685.000 0.627
1690.000 0.638
1695.000 0.664
1700.000 0.682
1705.000 0.724
1710.000 0.770
1715.000 0.795
1720.000 0.842
1725.000 0.866
1730.000 0.907
1735.000 0.947
1740.000 0.965
1745.000 0.996
1750.000 1.011
1755.000 1.038
1760.000 1.060
1765.000 1.067
1770.000 1.085
1775.000 1.092
1780.000 1.102
1785.000 1.112
1790.000 1.113
1795.000 1.124
1800.000 1.126
1805.000 1.132
1810.000 1.139
1815.000 1.144
1820.000 1.147
1825.000 1.148
1830.000 1.153
1835.000 1.160
1840.000 1.162
1845.000 1.170
1850.000 1.173
1855.000 1.179
1860.000 1.180
1865.000 1.184
1870.000 1.187
1875.000 1.191
1880.000 1.194
1885.000 1.198
1890.000 1.200
1895.000 1.201
1900.000 1.204
1905.000 1.207
1910.000 1.208
1915.000 1.209
1920.000 1.213
1925.000 1.213
1930.000 1.215
1935.000 1.217
1940.000 1.218
1945.000 1.218
1950.000 1.220
1955.000 1.222
1960.000 1.220
1965.000 1.224
1970.000 1.219
1975.000 1.219
1980.000 1.223
1985.000 1.216
1990.000 1.223
1995.000 1.217
2000.000 1.215
2005.000 1.216
2010.000 1.205
2015.000 1.209
2020.000 1.205
2025.000 1.198
2030.000 1.192
2035.000 1.192
2040.000 1.186
2045.000 1.177
2050.000 1.171
2055.000 1.163
2060.000 1.153
2065.000 1.148
2070.000 1.142
2075.000 1.137
2080.000 1.125
2085.000 1.108
2090.000 1.104
2095.000 1.091
2100.000 1.085
2105.000 1.072
2110.000 1.061
2115.000 1.052
2120.000 1.040
2125.000 1.030
2130.000 1.019
2135.000 1.005
2140.000 0.998
2145.000 0.986
2150.000 0.977
2155.000 0.963
2160.000 0.957
2165.000 0.950
2170.000 0.930
2175.000 0.922
2180.000 0.907
2185.000 0.900
2190.000 0.885
2195.000 0.871
2200.000 0.861
2205.000 0.849
2210.000 0.843
2215.000 0.830
2220.000 0.818
2225.000 0.811
2230.000 0.796
2235.000 0.792
2240.000 0.778
2245.000 0.767
2250.000 0.762
2255.000 0.750
2260.000 0.743
2265.000 0.731
2270.000 0.723
2275.000 0.718
2280.000 0.710
2285.000 0.702
2290.000 0.695
2295.000 0.682
2300.000 0.678
2305.000 0.671
2310.000 0.665
2315.000 0.655
2320.000 0.648
2325.000 0.643
2330.000 0.634
2335.000 0.633
2340.000 0.622
2345.000 0.613
2350.000 0.610
2355.000 0.603
2360.000 0.599
2365.000 0.593
2370.000 0.585
2375.000 0.580
2380.000 0.575
2385.000 0.572
2390.000 0.565
2395.000 0.559
2400.000 0.556
2405.000 0.552
2410.000 0.549
2415.000 0.542
2420.000 0.537
2425.000 0.535
2430.000 0.529
2435.000 0.524
2440.000 0.519
2445.000 0.515
2450.000 0.515
2455.000 0.511
2460.000 0.509
2465.000 0.504
2470.000 0.502
2475.000 0.498
2480.000 0.493
2485.000 0.492
2490.000 0.489
2495.000 0.489
2500.000 0.484
2505.000 0.478
2510.000 0.478
2515.000 0.473
2520.000 0.473
2525.000 0.472
2530.000 0.467
2535.000 0.465
2540.000 0.463
2545.000 0.461
2550.000 0.458
2555.000 0.456
2560.000 0.455
2565.000 0.454
2570.000 0.452
2575.000 0.448
2580.000 0.447
2585.000 0.446
2590.000 0.443
2595.000 0.443
2600.000 0.441
2605.000 0.437
2610.000 0.436
2615.000 0.434
2620.000 0.434
2625.000 0.432
2630.000 0.432
2635.000 0.431
2640.000 0.429
2645.000 0.426
2650.000 0.424
2655.000 0.426
2660.000 0.425
2665.000 0.423
2670.000 0.423
2675.000 0.422
2680.000 0.421
2685.000 0.421
2690.000 0.421
2695.000 0.421
2700.000 0.418
2705.000 0.418
2710.000 0.417
2715.000 0.417
2720.000 0.418
2725.000 0.415
2730.000 0.416
2735.000 0.416
2740.000 0.415
2745.000 0.415
2750.000 0.415
2755.000 0.415
2760.000 0.415
2765.000 0.416
2770.000 0.417
2775.000 0.416
2780.000 0.418
2785.000 0.414
2790.000 0.415
2795.000 0.416
2800.000 0.415
2805.000 0.418
2810.000 0.417
2815.000 0.419
2820.000 0.418
2825.000 0.421
2830.000 0.419
2835.000 0.421
2840.000 0.423
2845.000 0.425
2850.000 0.426
2855.000 0.426
2860.000 0.428
2865.000 0.429
2870.000 0.430
2875.000 0.435
2880.000 0.437
2885.000 0.436
2890.000 0.440
2895.000 0.439
2900.000 0.443
2905.000 0.444
2910.000 0.447
2915.000 0.450
2920.000 0.453
2925.000 0.454
2930.000 0.458
2935.000 0.460
2940.000 0.464
2945.000 0.465
2950.000 0.469
2955.000 0.478
2960.000 0.477
2965.000 0.479
2970.000 0.487
2975.000 0.485
2980.000 0.490
2985.000 0.495
2990.000 0.496
2995.000 0.502
3000.000 0.512
3005.000 0.507
3010.000 0.511
3015.000 0.516
3020.000 0.526
3025.000 0.525
3030.000 0.533
3035.000 0.538
3040.000 0.551
3045.000 0.556
3050.000 0.554
3055.000 0.563
3060.000 0.568
3065.000 0.580
3070.000 0.580
3075.000 0.588
3080.000 0.593
3085.000 0.604
3090.000 0.613
3095.000 0.616
3100.000 0.627
3105.000 0.631
3110.000 0.651
3115.000 0.657
3120.000 0.660
3125.000 0.671
3130.000 0.673
3135.000 0.686
3140.000 0.696
3145.000 0.708
3150.000 0.719
3155.000 0.725
3160.000 0.745
3165.000 0.761
3170.000 0.767
3175.000 0.782
3180.000 0.789
3185.000 0.806
3190.000 0.823
3195.000 0.834
3200.000 0.852
3205.000 0.864
3210.000 0.884
3215.000 0.907
3220.000 0.919
3225.000 0.948
3230.000 0.957
3235.000 0.984
3240.000 1.012
3245.000 1.029
3250.000 1.062
3255.000 1.079
3260.000 1.117
3265.000 1.157
3270.000 1.179
3275.000 1.223
3280.000 1.242
3285.000 1.290
3290.000 1.342
3295.000 1.373
3300.000 1.430
3305.000 1.461
3310.000 1.528
3315.000 1.597
3320.000 1.636
3325.000 1.717
3330.000 1.763
3335.000 1.857
3340.000 1.966
3345.000 2.023
3350.000 2.148
3355.000 2.222
3360.000 2.368
3365.000 2.549
3370.000 2.653
3375.000 2.895
3380.000 3.033
3385.000 3.358
3390.000 3.769
3395.000 4.012
3400.000 4.583
3405.000 4.945
3410.000 5.715
3415.000 6.648
3420.000 7.134
3425.000 8.085
3430.000 8.505
3435.000 9.012
3440.000 8.897
3445.000 8.573
3450.000 7.667
3455.000 7.164
3460.000 6.177
3465.000 5.325
3470.000 4.985
3475.000 4.443
3480.000 4.227
3485.000 3.853
3490.000 3.530
3495.000 3.382
3500.000 3.115
3505.000 3.001
3510.000 2.786
3515.000 2.594
3520.000 2.508
3525.000 2.352
3530.000 2.284
3535.000 2.154
3540.000 2.040
3545.000 1.988
3550.000 1.892
3555.000 1.848
3560.000 1.764
3565.000 1.687
3570.000 1.656
3575.000 1.586
3580.000 1.552
3585.000 1.496
3590.000 1.447
3595.000 1.423
3600.000 1.376
3605.000 1.354
3610.000 1.311
3615.000 1.270
3620.000 1.252
3625.000 1.215
3630.000 1.204
3635.000 1.169
3640.000 1.177
3645.000 1.133
3650.000 1.088
3655.000 1.070
3660.000 1.033
3665.000 1.018
3670.000 0.988
3675.000 0.965
3680.000 0.954
3685.000 0.929
3690.000 0.922
3695.000 0.901
3700.000 0.878
3705.000 0.866
3710.000 0.850
3715.000 0.842
3720.000 0.829
3725.000 0.816
3730.000 0.808
3735.000 0.797
3740.000 0.792
3745.000 0.779
3750.000 0.770
3755.000 0.765
3760.000 0.760
3765.000 0.753
3770.000 0.747
3775.000 0.738
3780.000 0.736
3785.000 0.730
3790.000 0.726
3795.000 0.720
3800.000 0.714
3805.000 0.711
3810.000 0.708
3815.000 0.708
3820.000 0.703
3825.000 0.701
3830.000 0.700
3835.000 0.697
3840.000 0.695
3845.000 0.693
3850.000 0.692
3855.000 0.692
3860.000 0.689
3865.000 0.689
3870.000 0.691
3875.000 0.690
3880.000 0.690
3885.000 0.693
3890.000 0.692
3895.000 0.695
3900.000 0.698
3905.000 0.699
3910.000 0.702
3915.000 0.706
3920.000 0.710
3925.000 0.713
3930.000 0.718
3935.000 0.723
3940.000 0.726
3945.000 0.731
3950.000 0.737
3955.000 0.741
3960.000 0.750
3965.000 0.755
3970.000 0.769
3975.000 0.778
3980.000 0.785
3985.000 0.801
3990.000 0.803
3995.000 0.820
4000.000 0.830
4005.000 0.847
4010.000 0.870
4015.000 0.882
4020.000 0.895
4025.000 0.930
4030.000 0.944
4035.000 0.966
4040.000 0.980
4045.000 1.011
4050.000 1.042
4055.000 1.061
4060.000 1.107
4065.000 1.124
4070.000 1.159
4075.000 1.197
4080.000 1.217
4085.000 1.261
4090.000 1.286
4095.000 1.346
4100.000 1.410
4105.000 1.446
4110.000 1.530
4115.000 1.570
4120.000 1.671
4125.000 1.787
4130.000 1.853
4135.000 2.011
4140.000 2.104
4145.000 2.328
4150.000 2.611
4155.000 2.776
4160.000 3.189
4165.000 3.411
4170.000 3.871
4175.000 4.284
4180.000 4.423
4185.000 4.444
4190.000 4.319
4195.000 3.887
4200.000 3.366
4205.000 3.128
4210.000 2.729
4215.000 2.558
4220.000 2.246
4225.000 1.983
4230.000 1.856
4235.000 1.651
4240.000 1.563
4245.000 1.406
4250.000 1.339
4255.000 1.219
4260.000 1.109
4265.000 1.061
4270.000 0.975
4275.000 0.931
4280.000 0.845
4285.000 0.773
4290.000 0.736
4295.000 0.667
4300.000 0.635
4305.000 0.581
4310.000 0.531
4315.000 0.502
4320.000 0.452
4325.000 0.429
4330.000 0.390
4335.000 0.357
4340.000 0.341
4345.000 0.316
4350.000 0.304
4355.000 0.285
4360.000 0.266
4365.000 0.257
4370.000 0.244
4375.000 0.235
4380.000 0.221
4385.000 0.212
4390.000 0.205
4395.000 0.195
4400.000 0.192
4405.000 0.182
4410.000 0.175
4415.000 0.170
4420.000 0.164
4425.000 0.159
4430.000 0.153
4435.000 0.147
4440.000 0.143
4445.000 0.139
4450.000 0.135
4455.000 0.130
4460.000 0.126
4465.000 0.123
4470.000 0.119
4475.000 0.115
4480.000 0.113
4485.000 0.110
4490.000 0.107
4495.000 0.103
4500.000 0.101
4505.000 0.098
4510.000 0.095
4515.000 0.093
4520.000 0.091
4525.000 0.090
4530.000 0.087
4535.000 0.083
4540.000 0.082
4545.000 0.081
4550.000 0.079
4555.000 0.077
4560.000 0.075
4565.000 0.074
4570.000 0.072
4575.000 0.071
4580.000 0.070
4585.000 0.068
4590.000 0.068
4595.000 0.066
4600.000 0.066
4605.000 0.066
4610.000 0.065
4615.000 0.064
4620.000 0.064
4625.000 0.064
4630.000 0.064
4635.000 0.063
4640.000 0.063
4645.000 0.063
4650.000 0.063
4655.000 0.063
4660.000 0.063
4665.000 0.064
4670.000 0.064
4675.000 0.065
4680.000 0.065
4685.000 0.066
4690.000 0.066
4695.000 0.067
4700.000 0.067
4705.000 0.069
4710.000 0.069
4715.000 0.070
4720.000 0.070
4725.000 0.073
4730.000 0.070
4735.000 0.072
4740.000 0.071
4745.000 0.071
4750.000 0.072
4755.000 0.071
4760.000 0.071
4765.000 0.071
4770.000 0.070
4775.000 0.070
4780.000 0.069
4785.000 0.068
4790.000 0.068
4795.000 0.067
4800.000 0.066
4805.000 0.063
4810.000 0.062
4815.000 0.062
4820.000 0.060
4825.000 0.059
4830.000 0.057
4835.000 0.057
4840.000 0.054
4845.000 0.052
4850.000 0.051
4855.000 0.049
4860.000 0.049
4865.000 0.045
4870.000 0.043
4875.000 0.043
4880.000 0.040
4885.000 0.039
4890.000 0.036
4895.000 0.034
4900.000 0.034
4905.000 0.031
4910.000 0.030
4915.000 0.027
4920.000 0.025
4925.000 0.023
4930.000 0.021
4935.000 0.021
4940.000 0.017
4945.000 0.015
4950.000 0.015
4955.000 0.009
4960.000 0.010
4965.000 0.007
4970.000 0.006
4975.000 0.005
4980.000 0.006
4985.000 0.004
4990.000 0.009
4995.000 0.011
5000.000 0.009
5005.000 0.018
5010.000 0.018
5015.000 0.023
5020.000 0.022
5025.000 0.027
5030.000 0.031
5035.000 0.030
5040.000 0.036
5045.000 0.040
5050.000 0.039
5055.000 0.048
5060.000 0.047
5065.000 0.051
5070.000 0.055
5075.000 0.057
5080.000 0.061
5085.000 0.064
5090.000 0.069
5095.000 0.073
5100.000 0.075
5105.000 0.080
5110.000 0.083
5115.000 0.086
5120.000 0.090
5125.000 0.093
5130.000 0.099
5135.000 0.101
5140.000 0.104
5145.000 0.109
5150.000 0.111
5155.000 0.115
5160.000 0.117
5165.000 0.122
5170.000 0.126
5175.000 0.130
5180.000 0.133
5185.000 0.134
5190.000 0.137
5195.000 0.142
5200.000 0.143
5205.000 0.146
5210.000 0.149
5215.000 0.152
5220.000 0.154
5225.000 0.154
5230.000 0.156
5235.000 0.157
5240.000 0.160
5245.000 0.161
5250.000 0.162
5255.000 0.164
5260.000 0.164
5265.000 0.164
5270.000 0.166
5275.000 0.166
5280.000 0.168
5285.000 0.169
5290.000 0.170
5295.000 0.171
5300.000 0.171
5305.000 0.172
5310.000 0.173
5315.000 0.172
5320.000 0.173
5325.000 0.173
5330.000 0.173
5335.000 0.174
5340.000 0.176
5345.000 0.174
5350.000 0.175
5355.000 0.176
5360.000 0.176
5365.000 0.176
5370.000 0.176
5375.000 0.176
5380.000 0.177
5385.000 0.177
5390.000 0.177
5395.000 0.176
5400.000 0.176
5405.000 0.176
5410.000 0.177
5415.000 0.175
5420.000 0.175
5425.000 0.174
5430.000 0.174
5435.000 0.175
5440.000 0.174
5445.000 0.174
5450.000 0.175
5455.000 0.172
5460.000 0.173
5465.000 0.174
5470.000 0.173
5475.000 0.174
5480.000 0.172
5485.000 0.173
5490.000 0.173
5495.000 0.175
5500.000 0.174
5505.000 0.176
5510.000 0.175
5515.000 0.174
5520.000 0.177
5525.000 0.176
5530.000 0.181
5535.000 0.181
5540.000 0.179
5545.000 0.178
5550.000 0.176
5555.000 0.174
5560.000 0.175
5565.000 0.174
5570.000 0.173
5575.000 0.175
5580.000 0.175
5585.000 0.175
5590.000 0.175
5595.000 0.174
5600.000 0.175
5605.000 0.175
5610.000 0.175
5615.000 0.176
5620.000 0.175
5625.000 0.175
5630.000 0.176
5635.000 0.176
5640.000 0.176
5645.000 0.175
5650.000 0.176
5655.000 0.175
5660.000 0.176
5665.000 0.178
5670.000 0.177
5675.000 0.176
5680.000 0.177
5685.000 0.177
5690.000 0.178
5695.000 0.178
5700.000 0.180
5705.000 0.181
5710.000 0.180
5715.000 0.179
5720.000 0.180
5725.000 0.180
5730.000 0.179
5735.000 0.181
5740.000 0.181
5745.000 0.180
5750.000 0.182
5755.000 0.180
5760.000 0.181
5765.000 0.182
5770.000 0.181
5775.000 0.182
5780.000 0.182
5785.000 0.180
5790.000 0.179
5795.000 0.180
5800.000 0.182
5805.000 0.181
5810.000 0.182
5815.000 0.183
5820.000 0.183
5825.000 0.183
5830.000 0.182
5835.000 0.184
5840.000 0.183
5845.000 0.184
5850.000 0.185
5855.000 0.185
5860.000 0.186
5865.000 0.188
5870.000 0.190
5875.000 0.190
5880.000 0.189
5885.000 0.189
5890.000 0.192
5895.000 0.192
5900.000 0.192
5905.000 0.192
5910.000 0.192
5915.000 0.194
5920.000 0.193
5925.000 0.193
5930.000 0.193
5935.000 0.192
5940.000 0.195
5945.000 0.195
5950.000 0.195
5955.000 0.197
5960.000 0.197
5965.000 0.198
5970.000 0.199
5975.000 0.207
5980.000 0.207
5985.000 0.211
5990.000 0.203
5995.000 0.208
6000.000 0.206
6005.000 0.209
6010.000 0.205
6015.000 0.210
6020.000 0.212
6025.000 0.210
6030.000 0.206
6035.000 0.209
6040.000 0.207
6045.000 0.207
6050.000 0.211
6055.000 0.213
6060.000 0.213
6065.000 0.212
6070.000 0.213
6075.000 0.214
6080.000 0.214
6085.000 0.212
6090.000 0.215
6095.000 0.215
6100.000 0.215
6105.000 0.216
6110.000 0.215
6115.000 0.216
6120.000 0.218
6125.000 0.221
6130.000 0.221
6135.000 0.222
6140.000 0.223
6145.000 0.225
6150.000 0.225
6155.000 0.225
6160.000 0.226
6165.000 0.227
6170.000 0.228
6175.000 0.229
6180.000 0.231
6185.000 0.232
6190.000 0.233
6195.000 0.232
6200.000 0.235
6205.000 0.234
6210.000 0.236
6215.000 0.239
6220.000 0.239
6225.000 0.242
6230.000 0.243
6235.000 0.244
6240.000 0.248
6245.000 0.247
6250.000 0.250
6255.000 0.253
6260.000 0.254
6265.000 0.257
6270.000 0.257
6275.000 0.260
6280.000 0.262
6285.000 0.263
6290.000 0.269
6295.000 0.269
6300.000 0.273
6305.000 0.273
6310.000 0.286
6315.000 0.284
6320.000 0.290
6325.000 0.289
6330.000 0.289
6335.000 0.291
6340.000 0.293
6345.000 0.296
6350.000 0.298
6355.000 0.301
6360.000 0.305
6365.000 0.306
6370.000 0.313
6375.000 0.316
6380.000 0.317
6385.000 0.323
6390.000 0.327
6395.000 0.331
6400.000 0.336
6405.000 0.338
6410.000 0.340
6415.000 0.347
6420.000 0.351
6425.000 0.357
6430.000 0.361
6435.000 0.367
6440.000 0.369
6445.000 0.375
6450.000 0.383
6455.000 0.386
6460.000 0.396
6465.000 0.397
6470.000 0.404
6475.000 0.413
6480.000 0.417
6485.000 0.426
6490.000 0.431
6495.000 0.437
6500.000 0.449
6505.000 0.452
6510.000 0.467
6515.000 0.471
6520.000 0.481
6525.000 0.495
6530.000 0.499
6535.000 0.511
6540.000 0.518
6545.000 0.533
6550.000 0.546
6555.000 0.554
6560.000 0.571
6565.000 0.578
6570.000 0.596
6575.000 0.615
6580.000 0.626
6585.000 0.645
6590.000 0.656
6595.000 0.677
6600.000 0.701
6605.000 0.716
6610.000 0.744
6615.000 0.759
6620.000 0.791
6625.000 0.822
6630.000 0.840
6635.000 0.877
6640.000 0.897
6645.000 0.940
6650.000 0.984
6655.000 1.013
6660.000 1.076
6665.000 1.107
6670.000 1.167
6675.000 1.237
6680.000 1.273
6685.000 1.356
6690.000 1.401
6695.000 1.503
6700.000 1.624
6705.000 1.698
6710.000 1.855
6715.000 1.962
6720.000 2.184
6725.000 2.476
6730.000 2.662
6735.000 3.090
6740.000 3.353
6745.000 3.996
6750.000 4.837
6755.000 5.343
6760.000 6.520
6765.000 7.169
6770.000 8.460
6775.000 9.505
6780.000 9.795
6785.000 9.670
6790.000 9.186
6795.000 7.772
6800.000 6.318
6805.000 5.663
6810.000 4.587
6815.000 4.162
6820.000 3.483
6825.000 2.989
6830.000 2.798
6835.000 2.535
6840.000 2.433
6845.000 2.250
6850.000 2.095
6855.000 2.024
6860.000 1.900
6865.000 1.845
6870.000 1.770
6875.000 1.676
6880.000 1.630
6885.000 1.553
6890.000 1.515
6895.000 1.450
6900.000 1.391
6905.000 1.362
6910.000 1.313
6915.000 1.288
6920.000 1.264
6925.000 1.243
6930.000 1.202
6935.000 1.171
6940.000 1.154
6945.000 1.130
6950.000 1.118
6955.000 1.093
6960.000 1.064
6965.000 1.055
6970.000 1.036
6975.000 1.034
6980.000 1.014
6985.000 0.992
6990.000 0.984
6995.000 0.968
7000.000 0.966
7005.000 0.951
7010.000 0.939
7015.000 0.933
7020.000 0.935
7025.000 0.926
7030.000 0.923
7035.000 0.917
7040.000 0.911
7045.000 0.908
7050.000 0.907
7055.000 0.905
7060.000 0.906
7065.000 0.910
7070.000 0.905
7075.000 0.906
7080.000 0.908
7085.000 0.913
7090.000 0.915
7095.000 0.922
7100.000 0.925
7105.000 0.932
7110.000 0.944
7115.000 0.947
7120.000 0.956
7125.000 0.963
7130.000 0.975
7135.000 0.993
7140.000 1.001
7145.000 1.015
7150.000 1.027
7155.000 1.050
7160.000 1.070
7165.000 1.082
7170.000 1.109
7175.000 1.126
7180.000 1.161
7185.000 1.196
7190.000 1.225
7195.000 1.268
7200.000 1.290
7205.000 1.341
7210.000 1.401
7215.000 1.431
7220.000 1.499
7225.000 1.543
7230.000 1.629
7235.000 1.725
7240.000 1.781
7245.000 1.905
7250.000 1.969
7255.000 2.142
7260.000 2.360
7265.000 2.490
7270.000 2.803
7275.000 2.990
7280.000 3.432
7285.000 3.955
7290.000 4.252
7295.000 4.803
7300.000 5.040
7305.000 5.282
7310.000 5.089
7315.000 4.843
7320.000 4.218
7325.000 3.894
7330.000 3.309
7335.000 2.872
7340.000 2.695
7345.000 2.397
7350.000 2.266
7355.000 2.034
7360.000 1.830
7365.000 1.751
7370.000 1.605
7375.000 1.524
7380.000 1.388
7385.000 1.277
7390.000 1.229
7395.000 1.141
7400.000 1.100
7405.000 1.026
7410.000 0.960
7415.000 0.932
7420.000 0.877
7425.000 0.854
7430.000 0.808
7435.000 0.765
7440.000 0.746
7445.000 0.710
7450.000 0.689
7455.000 0.648
7460.000 0.609
7465.000 0.590
7470.000 0.557
7475.000 0.539
7480.000 0.514
7485.000 0.488
7490.000 0.477
7495.000 0.455
7500.000 0.444
7505.000 0.427
7510.000 0.417
7515.000 0.401
7520.000 0.387
7525.000 0.380
7530.000 0.369
7535.000 0.362
7540.000 0.350
7545.000 0.341
7550.000 0.337
7555.000 0.327
7560.000 0.321
7565.000 0.311
7570.000 0.302
7575.000 0.299
7580.000 0.291
7585.000 0.286
7590.000 0.279
7595.000 0.273
7600.000 0.269
7605.000 0.264
7610.000 0.262
7615.000 0.259
7620.000 0.256
7625.000 0.253
7630.000 0.248
7635.000 0.244
7640.000 0.240
7645.000 0.235
7650.000 0.234
7655.000 0.228
7660.000 0.227
7665.000 0.222
7670.000 0.219
7675.000 0.218
7680.000 0.214
7685.000 0.213
7690.000 0.211
7695.000 0.208
7700.000 0.206
7705.000 0.204
7710.000 0.203
7715.000 0.201
7720.000 0.198
7725.000 0.199
7730.000 0.195
7735.000 0.193
7740.000 0.193
7745.000 0.189
7750.000 0.190
7755.000 0.188
7760.000 0.188
7765.000 0.186
7770.000 0.184
7775.000 0.183
7780.000 0.182
7785.000 0.181
7790.000 0.180
7795.000 0.178
7800.000 0.178
7805.000 0.176
7810.000 0.176
7815.000 0.175
7820.000 0.173
7825.000 0.174
7830.000 0.173
7835.000 0.173
7840.000 0.171
7845.000 0.170
7850.000 0.170
7855.000 0.170
7860.000 0.169
7865.000 0.168
7870.000 0.166
7875.000 0.167
7880.000 0.166
7885.000 0.165
7890.000 0.165
7895.000 0.165
7900.000 0.164
7905.000 0.163
7910.000 0.163
7915.000 0.162
7920.000 0.162
7925.000 0.161
7930.000 0.161
7935.000 0.161
7940.000 0.159
7945.000 0.158
7950.000 0.159
7955.000 0.160
7960.000 0.158
7965.000 0.157
7970.000 0.157
7975.000 0.156
7980.000 0.156
7985.000 0.155
7990.000 0.158
7995.000 0.158
8000.000 0.153
8005.000 0.157
8010.000 0.156
8015.000 0.156
8020.000 0.153
8025.000 0.156
8030.000 0.156
8035.000 0.154
8040.000 0.151
8045.000 0.150
8050.000 0.152
8055.000 0.150
8060.000 0.152
8065.000 0.153
8070.000 0.150
8075.000 0.151
8080.000 0.151
8085.000 0.151
8090.000 0.151
8095.000 0.150
8100.000 0.151
8105.000 0.150
8110.000 0.150
8115.000 0.149
8120.000 0.150
8125.000 0.149
8130.000 0.149
8135.000 0.148
8140.000 0.149
8145.000 0.148
8150.000 0.150
8155.000 0.158
8160.000 0.156
8165.000 0.154
8170.000 0.154
8175.000 0.152
8180.000 0.151
8185.000 0.149
8190.000 0.149
8195.000 0.148
8200.000 0.149
8205.000 0.149
8210.000 0.149
8215.000 0.157
8220.000 0.155
8225.000 0.153
8230.000 0.151
8235.000 0.152
8240.000 0.150
8245.000 0.149
8250.000 0.148
8255.000 0.148
8260.000 0.147
8265.000 0.148
8270.000 0.148
8275.000 0.149
8280.000 0.149
8285.000 0.149
8290.000 0.148
8295.000 0.148
8300.000 0.147
8305.000 0.148
8310.000 0.148
8315.000 0.148
8320.000 0.147
8325.000 0.148
8330.000 0.147
8335.000 0.147
8340.000 0.149
8345.000 0.147
8350.000 0.148
8355.000 0.148
8360.000 0.148
8365.000 0.148
8370.000 0.149
8375.000 0.147
8380.000 0.148
8385.000 0.149
8390.000 0.148
8395.000 0.148
8400.000 0.148
8405.000 0.148
8410.000 0.148
8415.000 0.148
8420.000 0.148
8425.000 0.148
8430.000 0.149
8435.000 0.149
8440.000 0.150
8445.000 0.149
8450.000 0.149
8455.000 0.149
8460.000 0.148
8465.000 0.148
8470.000 0.148
8475.000 0.149
8480.000 0.149
8485.000 0.149
8490.000 0.150
8495.000 0.149
8500.000 0.151
8505.000 0.149
8510.000 0.149
8515.000 0.148
8520.000 0.150
8525.000 0.151
8530.000 0.150
8535.000 0.150
8540.000 0.150
8545.000 0.151
8550.000 0.150
8555.000 0.151
8560.000 0.151
8565.000 0.151
8570.000 0.150
8575.000 0.150
8580.000 0.152
8585.000 0.150
8590.000 0.151
8595.000 0.151
8600.000 0.151
8605.000 0.150
8610.000 0.151
8615.000 0.152
8620.000 0.153
8625.000 0.151
8630.000 0.151
8635.000 0.151
8640.000 0.152
8645.000 0.152
8650.000 0.152
8655.000 0.153
8660.000 0.153
8665.000 0.153
8670.000 0.154
8675.000 0.153
8680.000 0.152
8685.000 0.154
8690.000 0.153
8695.000 0.153
8700.000 0.153
8705.000 0.152
8710.000 0.153
8715.000 0.153
8720.000 0.154
8725.000 0.152
8730.000 0.154
8735.000 0.153
8740.000 0.154
8745.000 0.154
8750.000 0.154
8755.000 0.154
8760.000 0.155
8765.000 0.156
8770.000 0.157
8775.000 0.156
8780.000 0.157
8785.000 0.156
8790.000 0.156
8795.000 0.157
8800.000 0.159
8805.000 0.159
8810.000 0.158
8815.000 0.158
8820.000 0.158
8825.000 0.168
8830.000 0.155
8835.000 0.165
8840.000 0.158
8845.000 0.161
8850.000 0.160
8855.000 0.158
8860.000 0.160
8865.000 0.160
8870.000 0.161
8875.000 0.160
8880.000 0.160
8885.000 0.160
8890.000 0.160
8895.000 0.160
8900.000 0.162
8905.000 0.162
8910.000 0.161
8915.000 0.163
8920.000 0.162
8925.000 0.163
8930.000 0.163
8935.000 0.165
8940.000 0.165
8945.000 0.167
8950.000 0.171
8955.000 0.168
8960.000 0.170
8965.000 0.170
8970.000 0.167
8975.000 0.167
8980.000 0.167
8985.000 0.166
8990.000 0.168
8995.000 0.166
9000.000 0.169
9005.000 0.168
9010.000 0.169
9015.000 0.169
9020.000 0.169
9025.000 0.168
9030.000 0.172
9035.000 0.170
9040.000 0.172
9045.000 0.172
9050.000 0.174
9055.000 0.176
9060.000 0.176
9065.000 0.174
9070.000 0.175
9075.000 0.174
9080.000 0.174
9085.000 0.178
9090.000 0.179
9095.000 0.176
9100.000 0.177
9105.000 0.177
9110.000 0.179
9115.000 0.179
9120.000 0.179
9125.000 0.178
9130.000 0.179
9135.000 0.180
9140.000 0.180
9145.000 0.181
9150.000 0.181
9155.000 0.182
9160.000 0.182
9165.000 0.182
9170.000 0.183
9175.000 0.183
9180.000 0.184
9185.000 0.183
9190.000 0.184
9195.000 0.186
9200.000 0.186
9205.000 0.187
9210.000 0.184
9215.000 0.186
9220.000 0.186
9225.000 0.187
9230.000 0.185
9235.000 0.187
9240.000 0.187
9245.000 0.189
9250.000 0.187
9255.000 0.188
9260.000 0.187
9265.000 0.187
9270.000 0.188
9275.000 0.189
9280.000 0.190
9285.000 0.188
9290.000 0.189
9295.000 0.189
9300.000 0.188
9305.000 0.190
9310.000 0.190
9315.000 0.190
9320.000 0.191
9325.000 0.191
9330.000 0.191
9335.000 0.193
9340.000 0.193
9345.000 0.194
9350.000 0.195
9355.000 0.195
9360.000 0.196
9365.000 0.195
9370.000 0.196
9375.000 0.196
9380.000 0.197
9385.000 0.198
9390.000 0.196
9395.000 0.197
9400.000 0.197
9405.000 0.197
9410.000 0.197
9415.000 0.199
9420.000 0.199
9425.000 0.198
9430.000 0.201
9435.000 0.202
9440.000 0.202
9445.000 0.204
9450.000 0.201
9455.000 0.203
9460.000 0.203
9465.000 0.204
9470.000 0.204
9475.000 0.205
9480.000 0.205
9485.000 0.207
9490.000 0.208
9495.000 0.207
9500.000 0.208
9505.000 0.208
9510.000 0.209
9515.000 0.208
9520.000 0.214
9525.000 0.217
9530.000 0.215
9535.000 0.215
9540.000 0.217
9545.000 0.221
9550.000 0.220
9555.000 0.220
9560.000 0.218
9565.000 0.219
9570.000 0.222
9575.000 0.221
9580.000 0.221
9585.000 0.221
9590.000 0.225
9595.000 0.226
9600.000 0.227
9605.000 0.230
9610.000 0.227
9615.000 0.231
9620.000 0.232
9625.000 0.232
9630.000 0.234
9635.000 0.236
9640.000 0.234
9645.000 0.236
9650.000 0.236
9655.000 0.236
9660.000 0.239
9665.000 0.239
9670.000 0.240
9675.000 0.241
9680.000 0.242
9685.000 0.244
9690.000 0.245
9695.000 0.250
9700.000 0.250
9705.000 0.252
9710.000 0.253
9715.000 0.254
9720.000 0.256
9725.000 0.256
9730.000 0.260
9735.000 0.262
9740.000 0.263
9745.000 0.264
9750.000 0.266
9755.000 0.270
9760.000 0.271
9765.000 0.273
9770.000 0.277
9775.000 0.279
9780.000 0.281
9785.000 0.286
9790.000 0.286
9795.000 0.290
9800.000 0.292
9805.000 0.297
9810.000 0.301
9815.000 0.301
9820.000 0.308
9825.000 0.308
9830.000 0.312
9835.000 0.315
9840.000 0.318
9845.000 0.323
9850.000 0.324
9855.000 0.329
9860.000 0.333
9865.000 0.336
9870.000 0.344
9875.000 0.345
9880.000 0.353
9885.000 0.360
9890.000 0.364
9895.000 0.370
9900.000 0.373
9905.000 0.383
9910.000 0.392
9915.000 0.398
9920.000 0.413
9925.000 0.422
9930.000 0.432
9935.000 0.442
9940.000 0.445
9945.000 0.456
9950.000 0.463
9955.000 0.479
9960.000 0.491
9965.000 0.510
9970.000 0.527
9975.000 0.538
9980.000 0.558
9985.000 0.574
9990.000 0.587
9995.000 0.617
10000.000 0.636
10005.000 0.660
10010.000 0.692
10015.000 0.709
10020.000 0.759
10025.000 0.776
10030.000 0.830
10035.000 0.892
10040.000 0.924
10045.000 1.006
10050.000 1.057
10055.000 1.161
10060.000 1.295
10065.000 1.368
10070.000 1.554
10075.000 1.655
10080.000 1.902
10085.000 2.287
10090.000 2.464
10095.000 2.779
10100.000 2.902
10105.000 3.001
10110.000 2.861
10115.000 2.719
10120.000 2.383
10125.000 2.207
10130.000 1.884
10135.000 1.631
10140.000 1.520
10145.000 1.343
10150.000 1.274
10155.000 1.150
10160.000 1.046
10165.000 1.001
10170.000 0.923
10175.000 0.897
10180.000 0.833
10185.000 0.802
10190.000 0.747
10195.000 0.698
10200.000 0.675
10205.000 0.635
10210.000 0.619
10215.000 0.599
10220.000 0.568
10225.000 0.555
10230.000 0.529
10235.000 0.519
10240.000 0.495
10245.000 0.479
10250.000 0.474
10255.000 0.458
10260.000 0.448
10265.000 0.434
10270.000 0.422
10275.000 0.419
10280.000 0.411
10285.000 0.403
10290.000 0.395
10295.000 0.389
10300.000 0.389
10305.000 0.382
10310.000 0.379
10315.000 0.372
10320.000 0.367
10325.000 0.365
10330.000 0.363
10335.000 0.362
10340.000 0.361
10345.000 0.363
10350.000 0.362
10355.000 0.361
10360.000 0.363
10365.000 0.362
10370.000 0.364
10375.000 0.366
10380.000 0.370
10385.000 0.370
10390.000 0.372
10395.000 0.380
10400.000 0.382
10405.000 0.391
10410.000 0.395
10415.000 0.405
10420.000 0.414
10425.000 0.417
10430.000 0.434
10435.000 0.438
10440.000 0.454
10445.000 0.469
10450.000 0.476
10455.000 0.499
10460.000 0.509
10465.000 0.534
10470.000 0.564
10475.000 0.579
10480.000 0.613
10485.000 0.633
10490.000 0.672
10495.000 0.727
10500.000 0.757
10505.000 0.820
10510.000 0.859
10515.000 0.937
10520.000 1.023
10525.000 1.052
10530.000 1.129
10535.000 1.175
10540.000 1.251
10545.000 1.280
10550.000 1.280
10555.000 1.287
10560.000 1.305
10565.000 1.371
10570.000 1.401
10575.000 1.403
10580.000 1.409
10585.000 1.397
10590.000 1.345
10595.000 1.270
10600.000 1.229
10605.000 1.140
10610.000 1.095
10615.000 1.015
10620.000 0.937
10625.000 0.903
10630.000 0.840
10635.000 0.811
10640.000 0.758
10645.000 0.710
10650.000 0.687
10655.000 0.645
10660.000 0.629
10665.000 0.598
10670.000 0.565
10675.000 0.552
10680.000 0.524
10685.000 0.512
10690.000 0.491
10695.000 0.469
10700.000 0.465
10705.000 0.450
10710.000 0.441
10715.000 0.424
10720.000 0.410
10725.000 0.403
10730.000 0.389
10735.000 0.382
10740.000 0.370
10745.000 0.364
10750.000 0.359
10755.000 0.349
10760.000 0.343
10765.000 0.331
10770.000 0.328
10775.000 0.320
10780.000 0.313
10785.000 0.308
10790.000 0.303
10795.000 0.300
10800.000 0.295
10805.000 0.291
10810.000 0.288
10815.000 0.283
10820.000 0.280
10825.000 0.277
10830.000 0.269
10835.000 0.268
10840.000 0.265
10845.000 0.263
10850.000 0.259
10855.000 0.254
10860.000 0.252
10865.000 0.248
10870.000 0.245
10875.000 0.250
10880.000 0.246
10885.000 0.246
10890.000 0.241
10895.000 0.241
10900.000 0.237
10905.000 0.237
10910.000 0.235
10915.000 0.232
10920.000 0.232
10925.000 0.227
10930.000 0.225
10935.000 0.226
10940.000 0.221
10945.000 0.221
10950.000 0.219
10955.000 0.213
10960.000 0.216
10965.000 0.212
10970.000 0.210
10975.000 0.207
10980.000 0.209
10985.000 0.206
10990.000 0.205
10995.000 0.205
11000.000 0.202
11005.000 0.203
11010.000 0.202
11015.000 0.202
11020.000 0.200
11025.000 0.202
11030.000 0.201
11035.000 0.203
11040.000 0.204
11045.000 0.202
11050.000 0.198
11055.000 0.193
11060.000 0.194
11065.000 0.189
11070.000 0.189
11075.000 0.189
11080.000 0.188
11085.000 0.188
11090.000 0.186
11095.000 0.187
11100.000 0.186
11105.000 0.184
11110.000 0.182
11115.000 0.181
11120.000 0.181
11125.000 0.180
11130.000 0.180
11135.000 0.180
11140.000 0.180
11145.000 0.181
11150.000 0.179
11155.000 0.177
11160.000 0.177
11165.000 0.177
11170.000 0.177
11175.000 0.178
11180.000 0.176
11185.000 0.176
11190.000 0.175
11195.000 0.176
11200.000 0.175
11205.000 0.176
11210.000 0.175
11215.000 0.176
11220.000 0.173
11225.000 0.172
11230.000 0.170
11235.000 0.170
11240.000 0.170
11245.000 0.172
11250.000 0.170
11255.000 0.168
11260.000 0.169
11265.000 0.170
11270.000 0.168
11275.000 0.168
11280.000 0.168
11285.000 0.169
11290.000 0.167
11295.000 0.168
11300.000 0.169
11305.000 0.168
11310.000 0.167
11315.000 0.166
11320.000 0.165
11325.000 0.165
11330.000 0.164
11335.000 0.164
11340.000 0.162
11345.000 0.164
11350.000 0.162
11355.000 0.162
11360.000 0.163
11365.000 0.162
11370.000 0.162
11375.000 0.161
11380.000 0.163
11385.000 0.162
11390.000 0.162
11395.000 0.161
11400.000 0.161
11405.000 0.162
11410.000 0.159
11415.000 0.161
11420.000 0.159
11425.000 0.161
11430.000 0.161
11435.000 0.162
11440.000 0.159
11445.000 0.159
11450.000 0.159
11455.000 0.158
11460.000 0.157
11465.000 0.159
11470.000 0.158
11475.000 0.158
11480.000 0.157
11485.000 0.160
11490.000 0.159
11495.000 0.159
11500.000 0.158
11505.000 0.157
11510.000 0.158
11515.000 0.157
11520.000 0.157
11525.000 0.157
11530.000 0.157
11535.000 0.157
11540.000 0.156
11545.000 0.156
11550.000 0.155
11555.000 0.153
11560.000 0.155
11565.000 0.154
11570.000 0.153
11575.000 0.154
11580.000 0.154
11585.000 0.153
11590.000 0.152
11595.000 0.151
11600.000 0.152
11605.000 0.152
11610.000 0.154
11615.000 0.153
11620.000 0.152
11625.000 0.152
11630.000 0.152
11635.000 0.154
11640.000 0.154
11645.000 0.155
11650.000 0.154
11655.000 0.151
11660.000 0.153
11665.000 0.153
11670.000 0.150
11675.000 0.149
11680.000 0.150
11685.000 0.153
11690.000 0.153
11695.000 0.153
11700.000 0.152
11705.000 0.150
11710.000 0.150
11715.000 0.151
11720.000 0.150
11725.000 0.150
11730.000 0.150
11735.000 0.150
11740.000 0.150
11745.000 0.150
11750.000 0.149
11755.000 0.148
11760.000 0.148
11765.000 0.148
11770.000 0.148
11775.000 0.151
11780.000 0.151
11785.000 0.148
11790.000 0.148
11795.000 0.146
11800.000 0.148
11805.000 0.147
11810.000 0.147
11815.000 0.147
11820.000 0.147
11825.000 0.146
11830.000 0.147
11835.000 0.146
11840.000 0.148
11845.000 0.149
11850.000 0.148
11855.000 0.147
11860.000 0.147
11865.000 0.148
11870.000 0.147
11875.000 0.146
11880.000 0.146
11885.000 0.146
11890.000 0.146
11895.000 0.146
11900.000 0.147
11905.000 0.146
11910.000 0.146
11915.000 0.145
11920.000 0.145
11925.000 0.145
11930.000 0.144
11935.000 0.144
11940.000 0.145
11945.000 0.145
11950.000 0.145
11955.000 0.143
11960.000 0.144
11965.000 0.145
11970.000 0.145
11975.000 0.147
11980.000 0.147
11985.000 0.145
11990.000 0.145
11995.000 0.146
12000.000 0.146
