105.000 0.053
110.000 0.041
115.000 0.655
120.000 0.809
125.000 0.916
130.000 1.122
135.000 1.210
140.000 1.397
145.000 1.650
150.000 1.799
155.000 2.055
160.000 2.152
165.000 2.315
170.000 2.412
175.000 2.414
180.000 2.518
185.000 2.535
190.000 2.569
195.000 2.646
200.000 2.716
205.000 2.823
210.000 2.928
215.000 3.127
220.000 3.290
225.000 3.399
230.000 3.515
235.000 3.484
240.000 3.510
245.000 3.542
250.000 3.572
255.000 3.711
260.000 3.804
265.000 3.999
270.000 4.114
275.000 4.219
280.000 4.398
285.000 4.445
290.000 4.611
295.000 4.758
300.000 4.840
305.000 4.968
310.000 5.050
315.000 5.228
320.000 5.415
325.000 5.500
330.000 5.746
335.000 5.855
340.000 6.101
345.000 6.378
350.000 6.540
355.000 6.857
360.000 7.033
365.000 7.442
370.000 7.938
375.000 8.207
380.000 8.872
385.000 9.271
390.000 10.171
395.000 11.266
400.000 11.908
405.000 13.119
410.000 13.765
415.000 14.924
420.000 15.450
425.000 16.369
430.000 17.123
435.000 17.417
440.000 17.886
445.000 18.023
450.000 18.178
455.000 18.088
460.000 17.941
465.000 17.523
470.000 17.266
475.000 16.648
480.000 15.926
485.000 15.542
490.000 14.699
495.000 14.232
500.000 13.213
505.000 12.115
510.000 11.578
515.000 10.625
520.000 10.186
525.000 9.403
530.000 8.749
535.000 8.470
540.000 7.983
545.000 7.784
550.000 7.459
555.000 7.269
560.000 7.202
565.000 7.032
570.000 6.951
575.000 6.759
580.000 6.551
585.000 6.446
590.000 6.205
595.000 6.067
600.000 5.778
605.000 5.442
610.000 5.275
615.000 4.910
620.000 4.747
625.000 4.434
630.000 4.140
635.000 4.028
640.000 3.803
645.000 3.730
650.000 3.550
655.000 3.463
660.000 3.471
665.000 3.489
670.000 3.510
675.000 3.568
680.000 3.660
685.000 3.745
690.000 3.900
695.000 3.989
700.000 4.147
705.000 4.294
710.000 4.367
715.000 4.439
720.000 4.433
725.000 4.389
730.000 4.234
735.000 4.097
740.000 3.790
745.000 3.596
750.000 3.226
755.000 2.857
760.000 2.687
765.000 2.371
770.000 2.238
775.000 1.970
780.000 1.745
785.000 1.646
790.000 1.466
795.000 1.387
800.000 1.243
805.000 1.133
810.000 1.110
815.000 1.004
820.000 0.956
825.000 0.861
830.000 0.786
835.000 0.802
840.000 0.794
845.000 0.778
850.000 0.665
855.000 0.584
860.000 0.553
865.000 0.494
870.000 0.471
875.000 0.427
880.000 0.388
885.000 0.371
890.000 0.344
895.000 0.332
900.000 0.309
905.000 0.287
910.000 0.277
915.000 0.260
920.000 0.252
925.000 0.239
930.000 0.223
935.000 0.220
940.000 0.211
945.000 0.204
950.000 0.194
955.000 0.186
960.000 0.183
965.000 0.175
970.000 0.172
975.000 0.169
980.000 0.163
985.000 0.161
990.000 0.159
995.000 0.157
1000.000 0.152
1005.000 0.154
1010.000 0.155
1015.000 0.153
1020.000 0.150
1025.000 0.151
1030.000 0.153
1035.000 0.153
1040.000 0.156
1045.000 0.157
1050.000 0.160
1055.000 0.157
1060.000 0.159
1065.000 0.164
1070.000 0.164
1075.000 0.169
1080.000 0.171
1085.000 0.176
1090.000 0.181
1095.000 0.182
1100.000 0.189
1105.000 0.195
1110.000 0.201
1115.000 0.209
1120.000 0.212
1125.000 0.221
1130.000 0.224
1135.000 0.234
1140.000 0.244
1145.000 0.250
1150.000 0.260
1155.000 0.266
1160.000 0.278
1165.000 0.293
1170.000 0.298
1175.000 0.312
1180.000 0.319
1185.000 0.338
1190.000 0.358
1195.000 0.368
1200.000 0.390
1205.000 0.402
1210.000 0.429
1215.000 0.459
1220.000 0.475
1225.000 0.514
1230.000 0.541
1235.000 0.594
1240.000 0.656
1245.000 0.695
1250.000 0.785
1255.000 0.837
1260.000 0.974
1265.000 1.158
1270.000 1.261
1275.000 1.509
1280.000 1.636
1285.000 1.925
1290.000 2.329
1295.000 2.565
1300.000 3.131
1305.000 3.461
1310.000 4.189
1315.000 4.919
1320.000 5.240
1325.000 5.628
1330.000 5.656
1335.000 5.294
1340.000 4.557
1345.000 4.151
1350.000 3.402
1355.000 3.086
1360.000 2.539
1365.000 2.137
1370.000 1.974
1375.000 1.719
1380.000 1.619
1385.000 1.464
1390.000 1.358
1395.000 1.311
1400.000 1.247
1405.000 1.220
1410.000 1.128
1415.000 1.060
1420.000 1.024
1425.000 0.961
1430.000 0.933
1435.000 0.894
1440.000 0.849
1445.000 0.828
1450.000 0.795
1455.000 0.779
1460.000 0.748
1465.000 0.721
1470.000 0.710
1475.000 0.687
1480.000 0.678
1485.000 0.664
1490.000 0.646
1495.000 0.639
1500.000 0.627
1505.000 0.621
1510.000 0.612
1515.000 0.611
1520.000 0.619
1525.000 0.610
1530.000 0.607
1535.000 0.622
1540.000 0.618
1545.000 0.610
1550.000 0.602
1555.000 0.597
1560.000 0.588
1565.000 0.583
1570.000 0.581
1575.000 0.574
1580.000 0.572
1585.000 0.569
1590.000 0.565
1595.000 0.564
1600.000 0.560
1605.000 0.564
1610.000 0.559
1615.000 0.556
1620.000 0.618
1625.000 0.608
1630.000 0.630
1635.000 0.604
1640.000 0.594
1645.000 0.576
1650.000 0.562
1655.000 0.555
1660.000 0.542
1665.000 0.538
1670.000 0.533
1675.000 0.530
1680.000 0.531
1685.000 0.543
1690.000 0.553
1695.000 0.578
1700.000 0.617
1705.000 0.645
1710.000 0.712
1715.000 0.743
1720.000 0.824
1725.000 0.899
1730.000 0.939
1735.000 1.033
1740.000 1.080
1745.000 1.182
1750.000 1.296
1755.000 1.352
1760.000 1.483
1765.000 1.549
1770.000 1.671
1775.000 1.814
1780.000 1.886
1785.000 2.052
1790.000 2.156
1795.000 2.401
1800.000 2.732
1805.000 2.897
1810.000 5.004
1815.000 5.230
1820.000 5.001
1825.000 4.951
1830.000 5.120
1835.000 5.907
1840.000 6.462
1845.000 7.801
1850.000 9.480
1855.000 10.341
1860.000 12.080
1865.000 12.821
1870.000 13.808
1875.000 13.568
1880.000 12.863
1885.000 10.633
1890.000 9.588
1895.000 7.475
1900.000 5.853
1905.000 5.231
1910.000 4.272
1915.000 3.905
1920.000 3.429
1925.000 2.979
1930.000 2.795
1935.000 2.528
1940.000 2.425
1945.000 2.249
1950.000 2.239
1955.000 2.128
1960.000 1.941
1965.000 1.855
1970.000 1.705
1975.000 1.593
1980.000 1.541
1985.000 1.476
1990.000 1.438
1995.000 1.348
2000.000 1.273
2005.000 1.235
2010.000 1.349
2015.000 1.308
2020.000 1.188
2025.000 1.067
2030.000 1.007
2035.000 0.920
2040.000 0.881
2045.000 0.811
2050.000 0.749
2055.000 0.721
2060.000 0.673
2065.000 0.653
2070.000 0.615
2075.000 0.577
2080.000 0.561
2085.000 0.528
2090.000 0.515
2095.000 0.486
2100.000 0.459
2105.000 0.447
2110.000 0.425
2115.000 0.415
2120.000 0.395
2125.000 0.374
2130.000 0.366
2135.000 0.348
2140.000 0.341
2145.000 0.325
2150.000 0.311
2155.000 0.305
2160.000 0.291
2165.000 0.286
2170.000 0.273
2175.000 0.261
2180.000 0.256
2185.000 0.244
2190.000 0.240
2195.000 0.230
2200.000 0.225
2205.000 0.216
2210.000 0.208
2215.000 0.204
2220.000 0.197
2225.000 0.193
2230.000 0.186
2235.000 0.179
2240.000 0.175
2245.000 0.170
2250.000 0.167
2255.000 0.162
2260.000 0.156
2265.000 0.153
2270.000 0.148
2275.000 0.145
2280.000 0.140
2285.000 0.136
2290.000 0.133
2295.000 0.137
2300.000 0.136
2305.000 0.131
2310.000 0.125
2315.000 0.124
2320.000 0.120
2325.000 0.118
2330.000 0.114
2335.000 0.111
2340.000 0.109
2345.000 0.107
2350.000 0.106
2355.000 0.103
2360.000 0.100
2365.000 0.099
2370.000 0.098
2375.000 0.096
2380.000 0.095
2385.000 0.092
2390.000 0.092
2395.000 0.090
2400.000 0.090
2405.000 0.089
2410.000 0.087
2415.000 0.087
2420.000 0.086
2425.000 0.086
2430.000 0.084
2435.000 0.083
2440.000 0.084
2445.000 0.083
2450.000 0.081
2455.000 0.082
2460.000 0.081
2465.000 0.081
2470.000 0.080
2475.000 0.080
2480.000 0.080
2485.000 0.080
2490.000 0.080
2495.000 0.079
2500.000 0.080
2505.000 0.080
2510.000 0.079
2515.000 0.079
2520.000 0.079
2525.000 0.079
2530.000 0.079
2535.000 0.078
2540.000 0.078
2545.000 0.079
2550.000 0.079
2555.000 0.078
2560.000 0.079
2565.000 0.078
2570.000 0.080
2575.000 0.079
2580.000 0.079
2585.000 0.078
2590.000 0.080
2595.000 0.080
2600.000 0.079
2605.000 0.078
2610.000 0.080
2615.000 0.079
2620.000 0.079
2625.000 0.079
2630.000 0.079
2635.000 0.080
2640.000 0.080
2645.000 0.079
2650.000 0.079
2655.000 0.079
2660.000 0.079
2665.000 0.078
2670.000 0.080
2675.000 0.080
2680.000 0.080
2685.000 0.080
2690.000 0.080
2695.000 0.080
2700.000 0.079
2705.000 0.080
2710.000 0.081
2715.000 0.080
2720.000 0.080
2725.000 0.080
2730.000 0.081
2735.000 0.081
2740.000 0.081
2745.000 0.081
2750.000 0.081
2755.000 0.081
2760.000 0.082
2765.000 0.082
2770.000 0.081
2775.000 0.082
2780.000 0.081
2785.000 0.083
2790.000 0.083
2795.000 0.083
2800.000 0.083
2805.000 0.084
2810.000 0.084
2815.000 0.084
2820.000 0.084
2825.000 0.085
2830.000 0.086
2835.000 0.085
2840.000 0.086
2845.000 0.092
2850.000 0.094
2855.000 0.094
2860.000 0.093
2865.000 0.092
2870.000 0.092
2875.000 0.093
2880.000 0.091
2885.000 0.092
2890.000 0.093
2895.000 0.093
2900.000 0.092
2905.000 0.092
2910.000 0.093
2915.000 0.095
2920.000 0.095
2925.000 0.094
2930.000 0.095
2935.000 0.095
2940.000 0.096
2945.000 0.096
2950.000 0.097
2955.000 0.102
2960.000 0.097
2965.000 0.099
2970.000 0.102
2975.000 0.100
2980.000 0.101
2985.000 0.103
2990.000 0.104
2995.000 0.106
3000.000 0.109
3005.000 0.106
3010.000 0.107
3015.000 0.108
3020.000 0.116
3025.000 0.111
3030.000 0.112
3035.000 0.117
3040.000 0.119
3045.000 0.122
3050.000 0.124
3055.000 0.125
3060.000 0.125
3065.000 0.129
3070.000 0.133
3075.000 0.133
3080.000 0.137
3085.000 0.145
3090.000 0.144
3095.000 0.145
3100.000 0.151
3105.000 0.155
3110.000 0.156
3115.000 0.158
3120.000 0.159
3125.000 0.164
3130.000 0.168
3135.000 0.170
3140.000 0.173
3145.000 0.176
3150.000 0.182
3155.000 0.187
3160.000 0.194
3165.000 0.204
3170.000 0.212
3175.000 0.216
3180.000 0.224
3185.000 0.228
3190.000 0.238
3195.000 0.242
3200.000 0.253
3205.000 0.263
3210.000 0.270
3215.000 0.283
3220.000 0.291
3225.000 0.304
3230.000 0.324
3235.000 0.334
3240.000 0.357
3245.000 0.370
3250.000 0.397
3255.000 0.431
3260.000 0.450
3265.000 0.488
3270.000 0.504
3275.000 0.538
3280.000 0.576
3285.000 0.598
3290.000 0.643
3295.000 0.666
3300.000 0.722
3305.000 0.788
3310.000 0.827
3315.000 0.913
3320.000 0.966
3325.000 1.091
3330.000 1.256
3335.000 1.353
3340.000 1.604
3345.000 1.756
3350.000 2.156
3355.000 2.716
3360.000 3.081
3365.000 4.034
3370.000 4.647
3375.000 6.239
3380.000 8.060
3385.000 9.038
3390.000 10.879
3395.000 11.593
3400.000 12.096
3405.000 11.055
3410.000 10.039
3415.000 7.736
3420.000 6.724
3425.000 5.103
3430.000 3.950
3435.000 3.514
3440.000 2.869
3445.000 2.624
3450.000 2.250
3455.000 1.980
3460.000 1.874
3465.000 1.739
3470.000 1.693
3475.000 1.619
3480.000 1.556
3485.000 1.528
3490.000 1.480
3495.000 1.463
3500.000 1.432
3505.000 1.403
3510.000 1.393
3515.000 1.378
3520.000 1.377
3525.000 1.366
3530.000 1.359
3535.000 1.359
3540.000 1.358
3545.000 1.360
3550.000 1.367
3555.000 1.382
3560.000 1.402
3565.000 1.423
3570.000 1.432
3575.000 1.472
3580.000 1.518
3585.000 1.538
3590.000 1.577
3595.000 1.602
3600.000 1.660
3605.000 1.729
3610.000 1.779
3615.000 1.868
3620.000 1.925
3625.000 2.051
3630.000 2.197
3635.000 2.288
3640.000 2.520
3645.000 2.656
3650.000 2.992
3655.000 3.447
3660.000 3.731
3665.000 4.425
3670.000 4.887
3675.000 5.811
3680.000 6.265
3685.000 6.933
3690.000 6.873
3695.000 6.535
3700.000 5.575
3705.000 5.049
3710.000 4.090
3715.000 3.334
3720.000 3.039
3725.000 2.612
3730.000 2.446
3735.000 2.173
3740.000 1.949
3745.000 1.850
3750.000 1.679
3755.000 1.603
3760.000 1.473
3765.000 1.360
3770.000 1.310
3775.000 1.222
3780.000 1.182
3785.000 1.109
3790.000 1.040
3795.000 1.009
3800.000 0.958
3805.000 0.933
3810.000 0.887
3815.000 0.840
3820.000 0.817
3825.000 0.772
3830.000 0.734
3835.000 0.701
3840.000 0.667
3845.000 0.652
3850.000 0.620
3855.000 0.607
3860.000 0.581
3865.000 0.561
3870.000 0.550
3875.000 0.532
3880.000 0.524
3885.000 0.512
3890.000 0.500
3895.000 0.496
3900.000 0.486
3905.000 0.483
3910.000 0.476
3915.000 0.472
3920.000 0.468
3925.000 0.487
3930.000 0.492
3935.000 0.490
3940.000 0.485
3945.000 0.483
3950.000 0.483
3955.000 0.480
3960.000 0.486
3965.000 0.491
3970.000 0.495
3975.000 0.505
3980.000 0.509
3985.000 0.516
3990.000 0.531
3995.000 0.544
4000.000 0.561
4005.000 0.561
4010.000 0.567
4015.000 0.592
4020.000 0.607
4025.000 0.621
4030.000 0.632
4035.000 0.652
4040.000 0.673
4045.000 0.686
4050.000 0.741
4055.000 0.758
4060.000 0.804
4065.000 0.849
4070.000 0.881
4075.000 0.940
4080.000 0.972
4085.000 1.046
4090.000 1.140
4095.000 1.194
4100.000 1.324
4105.000 1.407
4110.000 1.633
4115.000 1.970
4120.000 2.162
4125.000 2.697
4130.000 3.024
4135.000 3.816
4140.000 4.711
4145.000 5.086
4150.000 5.406
4155.000 5.249
4160.000 4.500
4165.000 3.489
4170.000 3.041
4175.000 2.335
4180.000 2.069
4185.000 1.672
4190.000 1.398
4195.000 1.291
4200.000 1.133
4205.000 1.072
4210.000 0.972
4215.000 0.890
4220.000 0.854
4225.000 0.785
4230.000 0.770
4235.000 0.710
4240.000 0.652
4245.000 0.630
4250.000 0.585
4255.000 0.564
4260.000 0.527
4265.000 0.511
4270.000 0.482
4275.000 0.458
4280.000 0.444
4285.000 0.417
4290.000 0.401
4295.000 0.374
4300.000 0.351
4305.000 0.340
4310.000 0.327
4315.000 0.320
4320.000 0.306
4325.000 0.295
4330.000 0.291
4335.000 0.281
4340.000 0.279
4345.000 0.273
4350.000 0.269
4355.000 0.265
4360.000 0.263
4365.000 0.260
4370.000 0.259
4375.000 0.257
4380.000 0.258
4385.000 0.256
4390.000 0.257
4395.000 0.256
4400.000 0.256
4405.000 0.257
4410.000 0.259
4415.000 0.258
4420.000 0.261
4425.000 0.266
4430.000 0.267
4435.000 0.270
4440.000 0.272
4445.000 0.277
4450.000 0.283
4455.000 0.287
4460.000 0.296
4465.000 0.301
4470.000 0.312
4475.000 0.325
4480.000 0.334
4485.000 0.353
4490.000 0.362
4495.000 0.378
4500.000 0.396
4505.000 0.407
4510.000 0.433
4515.000 0.450
4520.000 0.487
4525.000 0.535
4530.000 0.568
4535.000 0.654
4540.000 0.709
4545.000 0.845
4550.000 1.036
4555.000 1.100
4560.000 1.126
4565.000 1.083
4570.000 0.916
4575.000 0.713
4580.000 0.617
4585.000 0.466
4590.000 0.411
4595.000 0.321
4600.000 0.256
4605.000 0.225
4610.000 0.177
4615.000 0.159
4620.000 0.127
4625.000 0.102
4630.000 0.092
4635.000 0.076
4640.000 0.070
4645.000 0.057
4650.000 0.049
4655.000 0.046
4660.000 0.039
4665.000 0.037
4670.000 0.034
4675.000 0.033
4680.000 0.032
4685.000 0.033
4690.000 0.032
4695.000 0.033
4700.000 0.034
4705.000 0.036
4710.000 0.038
4715.000 0.039
4720.000 0.041
4725.000 0.043
4730.000 0.044
4735.000 0.047
4740.000 0.047
4745.000 0.051
4750.000 0.053
4755.000 0.055
4760.000 0.057
4765.000 0.058
4770.000 0.061
4775.000 0.064
4780.000 0.063
4785.000 0.067
4790.000 0.067
4795.000 0.069
4800.000 0.072
4805.000 0.072
4810.000 0.074
4815.000 0.074
4820.000 0.075
4825.000 0.077
4830.000 0.076
4835.000 0.077
4840.000 0.077
4845.000 0.079
4850.000 0.079
4855.000 0.080
4860.000 0.079
4865.000 0.079
4870.000 0.081
4875.000 0.080
4880.000 0.080
4885.000 0.080
4890.000 0.080
4895.000 0.080
4900.000 0.080
4905.000 0.079
4910.000 0.079
4915.000 0.080
4920.000 0.079
4925.000 0.080
4930.000 0.079
4935.000 0.079
4940.000 0.079
4945.000 0.079
4950.000 0.077
4955.000 0.076
4960.000 0.075
4965.000 0.077
4970.000 0.077
4975.000 0.078
4980.000 0.077
4985.000 0.075
4990.000 0.073
4995.000 0.073
5000.000 0.076
5005.000 0.070
5010.000 0.070
5015.000 0.070
5020.000 0.074
5025.000 0.071
5030.000 0.071
5035.000 0.074
5040.000 0.072
5045.000 0.072
5050.000 0.075
5055.000 0.070
5060.000 0.071
5065.000 0.073
5070.000 0.073
5075.000 0.072
5080.000 0.074
5085.000 0.072
5090.000 0.073
5095.000 0.074
5100.000 0.074
5105.000 0.076
5110.000 0.077
5115.000 0.077
5120.000 0.078
5125.000 0.078
5130.000 0.079
5135.000 0.079
5140.000 0.079
5145.000 0.080
5150.000 0.081
5155.000 0.083
5160.000 0.084
5165.000 0.084
5170.000 0.085
5175.000 0.087
5180.000 0.087
5185.000 0.088
5190.000 0.088
5195.000 0.090
5200.000 0.090
5205.000 0.092
5210.000 0.092
5215.000 0.093
5220.000 0.094
5225.000 0.095
5230.000 0.096
5235.000 0.098
5240.000 0.097
5245.000 0.099
5250.000 0.100
5255.000 0.101
5260.000 0.102
5265.000 0.102
5270.000 0.103
5275.000 0.104
5280.000 0.104
5285.000 0.105
5290.000 0.106
5295.000 0.106
5300.000 0.106
5305.000 0.108
5310.000 0.110
5315.000 0.109
5320.000 0.111
5325.000 0.111
5330.000 0.113
5335.000 0.115
5340.000 0.114
5345.000 0.116
5350.000 0.117
5355.000 0.117
5360.000 0.119
5365.000 0.117
5370.000 0.119
5375.000 0.117
5380.000 0.118
5385.000 0.119
5390.000 0.119
5395.000 0.119
5400.000 0.120
5405.000 0.120
5410.000 0.120
5415.000 0.119
5420.000 0.121
5425.000 0.120
5430.000 0.121
5435.000 0.121
5440.000 0.121
5445.000 0.121
5450.000 0.123
5455.000 0.123
5460.000 0.123
5465.000 0.124
5470.000 0.124
5475.000 0.123
5480.000 0.124
5485.000 0.124
5490.000 0.123
5495.000 0.133
5500.000 0.132
5505.000 0.130
5510.000 0.130
5515.000 0.127
5520.000 0.132
5525.000 0.131
5530.000 0.129
5535.000 0.126
5540.000 0.126
5545.000 0.126
5550.000 0.127
5555.000 0.126
5560.000 0.125
5565.000 0.125
5570.000 0.123
5575.000 0.124
5580.000 0.125
5585.000 0.125
5590.000 0.124
5595.000 0.126
5600.000 0.124
5605.000 0.126
5610.000 0.125
5615.000 0.125
5620.000 0.126
5625.000 0.126
5630.000 0.125
5635.000 0.125
5640.000 0.125
5645.000 0.125
5650.000 0.124
5655.000 0.125
5660.000 0.126
5665.000 0.126
5670.000 0.126
5675.000 0.125
5680.000 0.126
5685.000 0.126
5690.000 0.127
5695.000 0.127
5700.000 0.126
5705.000 0.127
5710.000 0.128
5715.000 0.126
5720.000 0.126
5725.000 0.126
5730.000 0.127
5735.000 0.128
5740.000 0.128
5745.000 0.130
5750.000 0.129
5755.000 0.129
5760.000 0.127
5765.000 0.128
5770.000 0.130
5775.000 0.128
5780.000 0.129
5785.000 0.130
5790.000 0.129
5795.000 0.129
5800.000 0.132
5805.000 0.134
5810.000 0.132
5815.000 0.131
5820.000 0.132
5825.000 0.133
5830.000 0.135
5835.000 0.134
5840.000 0.133
5845.000 0.133
5850.000 0.133
5855.000 0.132
5860.000 0.133
5865.000 0.133
5870.000 0.135
5875.000 0.134
5880.000 0.134
5885.000 0.133
5890.000 0.134
5895.000 0.135
5900.000 0.135
5905.000 0.135
5910.000 0.136
5915.000 0.134
5920.000 0.135
5925.000 0.134
5930.000 0.133
5935.000 0.135
5940.000 0.135
5945.000 0.132
5950.000 0.135
5955.000 0.140
5960.000 0.134
5965.000 0.135
5970.000 0.138
5975.000 0.138
5980.000 0.138
5985.000 0.141
5990.000 0.136
5995.000 0.136
6000.000 0.141
6005.000 0.137
6010.000 0.136
6015.000 0.136
6020.000 0.137
6025.000 0.137
6030.000 0.141
6035.000 0.135
6040.000 0.138
6045.000 0.140
6050.000 0.143
6055.000 0.152
6060.000 0.154
6065.000 0.150
6070.000 0.152
6075.000 0.146
6080.000 0.146
6085.000 0.142
6090.000 0.142
6095.000 0.140
6100.000 0.141
6105.000 0.139
6110.000 0.139
6115.000 0.137
6120.000 0.139
6125.000 0.139
6130.000 0.138
6135.000 0.140
6140.000 0.140
6145.000 0.139
6150.000 0.138
6155.000 0.139
6160.000 0.141
6165.000 0.139
6170.000 0.141
6175.000 0.141
6180.000 0.141
6185.000 0.142
6190.000 0.142
6195.000 0.141
6200.000 0.140
6205.000 0.141
6210.000 0.142
6215.000 0.142
6220.000 0.141
6225.000 0.140
6230.000 0.143
6235.000 0.143
6240.000 0.144
6245.000 0.143
6250.000 0.143
6255.000 0.146
6260.000 0.147
6265.000 0.145
6270.000 0.145
6275.000 0.147
6280.000 0.147
6285.000 0.147
6290.000 0.146
6295.000 0.147
6300.000 0.149
6305.000 0.146
6310.000 0.153
6315.000 0.152
6320.000 0.151
6325.000 0.153
6330.000 0.152
6335.000 0.150
6340.000 0.151
6345.000 0.151
6350.000 0.151
6355.000 0.154
6360.000 0.154
6365.000 0.155
6370.000 0.155
6375.000 0.154
6380.000 0.157
6385.000 0.157
6390.000 0.158
6395.000 0.157
6400.000 0.159
6405.000 0.158
6410.000 0.160
6415.000 0.162
6420.000 0.162
6425.000 0.163
6430.000 0.165
6435.000 0.166
6440.000 0.168
6445.000 0.170
6450.000 0.171
6455.000 0.172
6460.000 0.175
6465.000 0.176
6470.000 0.176
6475.000 0.179
6480.000 0.179
6485.000 0.183
6490.000 0.185
6495.000 0.187
6500.000 0.190
6505.000 0.195
6510.000 0.197
6515.000 0.203
6520.000 0.204
6525.000 0.210
6530.000 0.213
6535.000 0.215
6540.000 0.221
6545.000 0.226
6550.000 0.233
6555.000 0.234
6560.000 0.242
6565.000 0.250
6570.000 0.254
6575.000 0.263
6580.000 0.281
6585.000 0.306
6590.000 0.314
6595.000 0.318
6600.000 0.329
6605.000 0.339
6610.000 0.345
6615.000 0.364
6620.000 0.372
6625.000 0.396
6630.000 0.429
6635.000 0.443
6640.000 0.481
6645.000 0.503
6650.000 0.554
6655.000 0.583
6660.000 0.656
6665.000 0.747
6670.000 0.801
6675.000 0.940
6680.000 1.026
6685.000 1.247
6690.000 1.561
6695.000 1.762
6700.000 2.283
6705.000 2.616
6710.000 3.442
6715.000 4.500
6720.000 5.109
6725.000 6.366
6730.000 6.964
6735.000 7.788
6740.000 7.686
6745.000 7.277
6750.000 6.032
6755.000 5.378
6760.000 4.220
6765.000 3.352
6770.000 3.013
6775.000 2.484
6780.000 2.277
6785.000 1.973
6790.000 1.759
6795.000 1.682
6800.000 1.568
6805.000 1.523
6810.000 1.483
6815.000 1.462
6820.000 1.459
6825.000 1.465
6830.000 1.468
6835.000 1.486
6840.000 1.520
6845.000 1.542
6850.000 1.606
6855.000 1.651
6860.000 1.719
6865.000 1.818
6870.000 1.869
6875.000 1.998
6880.000 2.082
6885.000 2.303
6890.000 2.603
6895.000 2.794
6900.000 3.268
6905.000 3.584
6910.000 4.346
6915.000 5.316
6920.000 5.832
6925.000 6.740
6930.000 7.025
6935.000 6.911
6940.000 6.445
6945.000 5.347
6950.000 4.269
6955.000 3.817
6960.000 3.099
6965.000 2.820
6970.000 2.400
6975.000 2.131
6980.000 2.019
6985.000 1.839
6990.000 1.756
6995.000 1.625
7000.000 1.505
7005.000 1.459
7010.000 1.368
7015.000 1.330
7020.000 1.253
7025.000 1.197
7030.000 1.168
7035.000 1.124
7040.000 1.104
7045.000 1.063
7050.000 1.027
7055.000 1.014
7060.000 0.989
7065.000 0.977
7070.000 0.959
7075.000 0.941
7080.000 0.936
7085.000 0.921
7090.000 0.921
7095.000 0.913
7100.000 0.906
7105.000 0.905
7110.000 0.901
7115.000 0.901
7120.000 0.908
7125.000 0.912
7130.000 0.915
7135.000 0.929
7140.000 0.933
7145.000 0.950
7150.000 0.969
7155.000 0.977
7160.000 1.005
7165.000 1.019
7170.000 1.048
7175.000 1.087
7180.000 1.111
7185.000 1.159
7190.000 1.187
7195.000 1.252
7200.000 1.327
7205.000 1.369
7210.000 1.472
7215.000 1.535
7220.000 1.687
7225.000 1.893
7230.000 2.021
7235.000 2.369
7240.000 2.577
7245.000 3.087
7250.000 3.713
7255.000 4.039
7260.000 4.561
7265.000 4.687
7270.000 4.498
7275.000 3.837
7280.000 3.450
7285.000 2.747
7290.000 2.452
7295.000 1.992
7300.000 1.664
7305.000 1.550
7310.000 1.355
7315.000 1.275
7320.000 1.140
7325.000 1.025
7330.000 0.978
7335.000 0.898
7340.000 0.860
7345.000 0.788
7350.000 0.737
7355.000 0.714
7360.000 0.675
7365.000 0.649
7370.000 0.603
7375.000 0.554
7380.000 0.532
7385.000 0.494
7390.000 0.477
7395.000 0.446
7400.000 0.424
7405.000 0.412
7410.000 0.393
7415.000 0.385
7420.000 0.370
7425.000 0.356
7430.000 0.352
7435.000 0.342
7440.000 0.339
7445.000 0.333
7450.000 0.328
7455.000 0.326
7460.000 0.321
7465.000 0.324
7470.000 0.327
7475.000 0.333
7480.000 0.340
7485.000 0.339
7490.000 0.339
7495.000 0.344
7500.000 0.350
7505.000 0.356
7510.000 0.369
7515.000 0.377
7520.000 0.403
7525.000 0.443
7530.000 0.459
7535.000 0.514
7540.000 0.548
7545.000 0.625
7550.000 0.664
7555.000 0.756
7560.000 0.879
7565.000 0.945
7570.000 1.067
7575.000 1.106
7580.000 1.128
7585.000 1.008
7590.000 0.922
7595.000 0.756
7600.000 0.683
7605.000 0.567
7610.000 0.485
7615.000 0.447
7620.000 0.384
7625.000 0.358
7630.000 0.315
7635.000 0.282
7640.000 0.268
7645.000 0.245
7650.000 0.235
7655.000 0.217
7660.000 0.204
7665.000 0.200
7670.000 0.188
7675.000 0.184
7680.000 0.176
7685.000 0.169
7690.000 0.166
7695.000 0.162
7700.000 0.158
7705.000 0.153
7710.000 0.150
7715.000 0.149
7720.000 0.144
7725.000 0.143
7730.000 0.140
7735.000 0.138
7740.000 0.138
7745.000 0.138
7750.000 0.136
7755.000 0.134
7760.000 0.132
7765.000 0.132
7770.000 0.132
7775.000 0.132
7780.000 0.129
7785.000 0.128
7790.000 0.128
7795.000 0.128
7800.000 0.128
7805.000 0.127
7810.000 0.125
7815.000 0.127
7820.000 0.128
7825.000 0.128
7830.000 0.125
7835.000 0.125
7840.000 0.124
7845.000 0.123
7850.000 0.124
7855.000 0.123
7860.000 0.122
7865.000 0.122
7870.000 0.124
7875.000 0.124
7880.000 0.124
7885.000 0.121
7890.000 0.121
7895.000 0.121
7900.000 0.122
7905.000 0.121
7910.000 0.122
7915.000 0.121
7920.000 0.119
7925.000 0.120
7930.000 0.121
7935.000 0.120
7940.000 0.119
7945.000 0.120
7950.000 0.118
7955.000 0.120
7960.000 0.120
7965.000 0.118
7970.000 0.117
7975.000 0.119
7980.000 0.122
7985.000 0.124
7990.000 0.128
7995.000 0.125
8000.000 0.120
8005.000 0.124
8010.000 0.121
8015.000 0.120
8020.000 0.117
8025.000 0.122
8030.000 0.122
8035.000 0.119
8040.000 0.120
8045.000 0.121
8050.000 0.119
8055.000 0.123
8060.000 0.120
8065.000 0.121
8070.000 0.119
8075.000 0.117
8080.000 0.118
8085.000 0.119
8090.000 0.119
8095.000 0.119
8100.000 0.120
8105.000 0.120
8110.000 0.120
8115.000 0.120
8120.000 0.119
8125.000 0.119
8130.000 0.120
8135.000 0.119
8140.000 0.119
8145.000 0.118
8150.000 0.120
8155.000 0.119
8160.000 0.120
8165.000 0.118
8170.000 0.120
8175.000 0.119
8180.000 0.119
8185.000 0.120
8190.000 0.124
8195.000 0.154
8200.000 0.155
8205.000 0.145
8210.000 0.141
8215.000 0.134
8220.000 0.129
8225.000 0.126
8230.000 0.123
8235.000 0.122
8240.000 0.121
8245.000 0.120
8250.000 0.119
8255.000 0.119
8260.000 0.120
8265.000 0.120
8270.000 0.121
8275.000 0.120
8280.000 0.119
8285.000 0.119
8290.000 0.120
8295.000 0.119
8300.000 0.119
8305.000 0.120
8310.000 0.119
8315.000 0.119
8320.000 0.120
8325.000 0.121
8330.000 0.122
8335.000 0.122
8340.000 0.121
8345.000 0.121
8350.000 0.120
8355.000 0.119
8360.000 0.121
8365.000 0.120
8370.000 0.121
8375.000 0.121
8380.000 0.121
8385.000 0.121
8390.000 0.122
8395.000 0.123
8400.000 0.122
8405.000 0.123
8410.000 0.122
8415.000 0.123
8420.000 0.129
8425.000 0.128
8430.000 0.125
8435.000 0.125
8440.000 0.126
8445.000 0.127
8450.000 0.127
8455.000 0.127
8460.000 0.128
8465.000 0.125
8470.000 0.124
8475.000 0.124
8480.000 0.125
8485.000 0.125
8490.000 0.126
8495.000 0.128
8500.000 0.126
8505.000 0.126
8510.000 0.126
8515.000 0.125
8520.000 0.126
8525.000 0.126
8530.000 0.126
8535.000 0.125
8540.000 0.125
8545.000 0.124
8550.000 0.125
8555.000 0.124
8560.000 0.125
8565.000 0.124
8570.000 0.125
8575.000 0.124
8580.000 0.126
8585.000 0.125
8590.000 0.126
8595.000 0.126
8600.000 0.126
8605.000 0.126
8610.000 0.126
8615.000 0.126
8620.000 0.125
8625.000 0.126
8630.000 0.127
8635.000 0.126
8640.000 0.125
8645.000 0.126
8650.000 0.127
8655.000 0.127
8660.000 0.127
8665.000 0.127
8670.000 0.127
8675.000 0.126
8680.000 0.127
8685.000 0.127
8690.000 0.128
8695.000 0.128
8700.000 0.128
8705.000 0.129
8710.000 0.127
8715.000 0.127
8720.000 0.127
8725.000 0.129
8730.000 0.130
8735.000 0.128
8740.000 0.128
8745.000 0.129
8750.000 0.129
8755.000 0.128
8760.000 0.128
8765.000 0.130
8770.000 0.132
8775.000 0.135
8780.000 0.134
8785.000 0.134
8790.000 0.134
8795.000 0.137
8800.000 0.136
8805.000 0.138
8810.000 0.137
8815.000 0.136
8820.000 0.138
8825.000 0.129
8830.000 0.138
8835.000 0.134
8840.000 0.130
8845.000 0.133
8850.000 0.133
8855.000 0.133
8860.000 0.133
8865.000 0.133
8870.000 0.133
8875.000 0.132
8880.000 0.133
8885.000 0.134
8890.000 0.133
8895.000 0.134
8900.000 0.133
8905.000 0.133
8910.000 0.132
8915.000 0.131
8920.000 0.132
8925.000 0.133
8930.000 0.134
8935.000 0.135
8940.000 0.133
8945.000 0.134
8950.000 0.132
8955.000 0.134
8960.000 0.135
8965.000 0.135
8970.000 0.134
8975.000 0.132
8980.000 0.133
8985.000 0.133
8990.000 0.136
8995.000 0.134
9000.000 0.135
9005.000 0.136
9010.000 0.137
9015.000 0.136
9020.000 0.136
9025.000 0.138
9030.000 0.137
9035.000 0.140
9040.000 0.142
9045.000 0.141
9050.000 0.138
9055.000 0.142
9060.000 0.138
9065.000 0.140
9070.000 0.140
9075.000 0.140
9080.000 0.144
9085.000 0.145
9090.000 0.144
9095.000 0.148
9100.000 0.147
9105.000 0.144
9110.000 0.143
9115.000 0.143
9120.000 0.143
9125.000 0.143
9130.000 0.144
9135.000 0.142
9140.000 0.140
9145.000 0.143
9150.000 0.144
9155.000 0.144
9160.000 0.144
9165.000 0.144
9170.000 0.144
9175.000 0.142
9180.000 0.142
9185.000 0.143
9190.000 0.145
9195.000 0.144
9200.000 0.145
9205.000 0.145
9210.000 0.146
9215.000 0.146
9220.000 0.147
9225.000 0.146
9230.000 0.146
9235.000 0.146
9240.000 0.146
9245.000 0.146
9250.000 0.146
9255.000 0.148
9260.000 0.147
9265.000 0.145
9270.000 0.145
9275.000 0.149
9280.000 0.146
9285.000 0.146
9290.000 0.148
9295.000 0.148
9300.000 0.147
9305.000 0.146
9310.000 0.147
9315.000 0.147
9320.000 0.148
9325.000 0.145
9330.000 0.145
9335.000 0.147
9340.000 0.146
9345.000 0.146
9350.000 0.146
9355.000 0.148
9360.000 0.147
9365.000 0.147
9370.000 0.148
9375.000 0.148
9380.000 0.149
9385.000 0.148
9390.000 0.147
9395.000 0.148
9400.000 0.147
9405.000 0.147
9410.000 0.147
9415.000 0.147
9420.000 0.149
9425.000 0.149
9430.000 0.148
9435.000 0.152
9440.000 0.150
9445.000 0.150
9450.000 0.148
9455.000 0.150
9460.000 0.148
9465.000 0.150
9470.000 0.149
9475.000 0.148
9480.000 0.151
9485.000 0.149
9490.000 0.150
9495.000 0.148
9500.000 0.149
9505.000 0.149
9510.000 0.151
9515.000 0.150
9520.000 0.149
9525.000 0.152
9530.000 0.152
9535.000 0.160
9540.000 0.156
9545.000 0.155
9550.000 0.152
9555.000 0.150
9560.000 0.153
9565.000 0.151
9570.000 0.152
9575.000 0.152
9580.000 0.153
9585.000 0.151
9590.000 0.153
9595.000 0.152
9600.000 0.151
9605.000 0.154
9610.000 0.153
9615.000 0.153
9620.000 0.153
9625.000 0.153
9630.000 0.152
9635.000 0.155
9640.000 0.155
9645.000 0.155
9650.000 0.155
9655.000 0.155
9660.000 0.154
9665.000 0.156
9670.000 0.157
9675.000 0.159
9680.000 0.158
9685.000 0.159
9690.000 0.162
9695.000 0.165
9700.000 0.163
9705.000 0.161
9710.000 0.162
9715.000 0.160
9720.000 0.160
9725.000 0.160
9730.000 0.161
9735.000 0.161
9740.000 0.161
9745.000 0.163
9750.000 0.163
9755.000 0.165
9760.000 0.164
9765.000 0.164
9770.000 0.165
9775.000 0.166
9780.000 0.167
9785.000 0.166
9790.000 0.170
9795.000 0.172
9800.000 0.172
9805.000 0.175
9810.000 0.179
9815.000 0.180
9820.000 0.179
9825.000 0.180
9830.000 0.181
9835.000 0.183
9840.000 0.186
9845.000 0.188
9850.000 0.187
9855.000 0.190
9860.000 0.193
9865.000 0.196
9870.000 0.198
9875.000 0.203
9880.000 0.202
9885.000 0.208
9890.000 0.213
9895.000 0.214
9900.000 0.218
9905.000 0.220
9910.000 0.227
9915.000 0.232
9920.000 0.241
9925.000 0.247
9930.000 0.254
9935.000 0.262
9940.000 0.268
9945.000 0.280
9950.000 0.383
9955.000 0.444
9960.000 0.479
9965.000 0.502
9970.000 0.491
9975.000 0.483
9980.000 0.482
9985.000 0.489
9990.000 0.500
9995.000 0.546
10000.000 0.640
10005.000 0.721
10010.000 0.886
10015.000 0.976
10020.000 1.219
10025.000 1.476
10030.000 1.599
10035.000 1.741
10040.000 1.722
10045.000 1.523
10050.000 1.253
10055.000 1.125
10060.000 0.917
10065.000 0.828
10070.000 0.716
10075.000 0.628
10080.000 0.597
10085.000 0.553
10090.000 0.535
10095.000 0.508
10100.000 0.490
10105.000 0.484
10110.000 0.487
10115.000 0.489
10120.000 0.488
10125.000 0.497
10130.000 0.501
10135.000 0.514
10140.000 0.524
10145.000 0.550
10150.000 0.582
10155.000 0.602
10160.000 0.648
10165.000 0.675
10170.000 0.745
10175.000 0.841
10180.000 0.900
10185.000 1.053
10190.000 1.152
10195.000 1.393
10200.000 1.701
10205.000 1.881
10210.000 2.278
10215.000 2.449
10220.000 2.685
10225.000 2.720
10230.000 2.584
10235.000 2.271
10240.000 2.100
10245.000 1.768
10250.000 1.625
10255.000 1.385
10260.000 1.203
10265.000 1.130
10270.000 1.020
10275.000 0.981
10280.000 0.914
10285.000 0.859
10290.000 0.837
10295.000 0.797
10300.000 0.779
10305.000 0.749
10310.000 0.724
10315.000 0.720
10320.000 0.699
10325.000 0.689
10330.000 0.670
10335.000 0.652
10340.000 0.645
10345.000 0.635
10350.000 0.631
10355.000 0.621
10360.000 0.617
10365.000 0.618
10370.000 0.616
10375.000 0.615
10380.000 0.615
10385.000 0.621
10390.000 0.621
10395.000 0.625
10400.000 0.628
10405.000 0.641
10410.000 0.653
10415.000 0.661
10420.000 0.678
10425.000 0.689
10430.000 0.708
10435.000 0.734
10440.000 0.748
10445.000 0.786
10450.000 0.803
10455.000 0.845
10460.000 0.902
10465.000 0.932
10470.000 1.002
10475.000 1.043
10480.000 1.132
10485.000 1.225
10490.000 1.268
10495.000 1.329
10500.000 1.334
10505.000 1.338
10510.000 1.243
10515.000 1.175
10520.000 1.030
10525.000 0.955
10530.000 0.814
10535.000 0.690
10540.000 0.635
10545.000 0.551
10550.000 0.510
10555.000 0.447
10560.000 0.396
10565.000 0.378
10570.000 0.339
10575.000 0.324
10580.000 0.293
10585.000 0.277
10590.000 0.269
10595.000 0.243
10600.000 0.231
10605.000 0.212
10610.000 0.193
10615.000 0.184
10620.000 0.166
10625.000 0.159
10630.000 0.149
10635.000 0.137
10640.000 0.132
10645.000 0.125
10650.000 0.121
10655.000 0.114
10660.000 0.107
10665.000 0.105
10670.000 0.102
10675.000 0.101
10680.000 0.099
10685.000 0.100
10690.000 0.101
10695.000 0.106
10700.000 0.108
10705.000 0.114
10710.000 0.127
10715.000 0.136
10720.000 0.155
10725.000 0.168
10730.000 0.201
10735.000 0.243
10740.000 0.267
10745.000 0.323
10750.000 0.356
10755.000 0.438
10760.000 0.535
10765.000 0.586
10770.000 0.656
10775.000 0.673
10780.000 0.654
10785.000 0.584
10790.000 0.544
10795.000 0.466
10800.000 0.432
10805.000 0.371
10810.000 0.351
10815.000 0.316
10820.000 0.292
10825.000 0.280
10830.000 0.261
10835.000 0.253
10840.000 0.239
10845.000 0.230
10850.000 0.224
10855.000 0.215
10860.000 0.212
10865.000 0.207
10870.000 0.202
10875.000 0.197
10880.000 0.195
10885.000 0.191
10890.000 0.190
10895.000 0.186
10900.000 0.184
10905.000 0.181
10910.000 0.181
10915.000 0.178
10920.000 0.175
10925.000 0.174
10930.000 0.171
10935.000 0.170
10940.000 0.167
10945.000 0.165
10950.000 0.165
10955.000 0.165
10960.000 0.164
10965.000 0.162
10970.000 0.159
10975.000 0.159
10980.000 0.159
10985.000 0.158
10990.000 0.159
10995.000 0.158
11000.000 0.155
11005.000 0.158
11010.000 0.158
11015.000 0.157
11020.000 0.151
11025.000 0.155
11030.000 0.157
11035.000 0.152
11040.000 0.157
11045.000 0.161
11050.000 0.158
11055.000 0.156
11060.000 0.154
11065.000 0.153
11070.000 0.151
11075.000 0.151
11080.000 0.150
11085.000 0.151
11090.000 0.151
11095.000 0.149
11100.000 0.149
11105.000 0.149
11110.000 0.148
11115.000 0.146
11120.000 0.146
11125.000 0.146
11130.000 0.146
11135.000 0.147
11140.000 0.145
11145.000 0.146
11150.000 0.145
11155.000 0.144
11160.000 0.145
11165.000 0.146
11170.000 0.143
11175.000 0.146
11180.000 0.144
11185.000 0.144
11190.000 0.143
11195.000 0.142
11200.000 0.143
11205.000 0.143
11210.000 0.142
11215.000 0.144
11220.000 0.141
11225.000 0.141
11230.000 0.142
11235.000 0.141
11240.000 0.142
11245.000 0.141
11250.000 0.142
11255.000 0.142
11260.000 0.140
11265.000 0.145
11270.000 0.142
11275.000 0.142
11280.000 0.144
11285.000 0.143
11290.000 0.141
11295.000 0.141
11300.000 0.143
11305.000 0.142
11310.000 0.140
11315.000 0.141
11320.000 0.141
11325.000 0.141
11330.000 0.141
11335.000 0.142
11340.000 0.141
11345.000 0.140
11350.000 0.141
11355.000 0.141
11360.000 0.141
11365.000 0.141
11370.000 0.140
11375.000 0.139
11380.000 0.140
11385.000 0.140
11390.000 0.139
11395.000 0.139
11400.000 0.139
11405.000 0.140
11410.000 0.141
11415.000 0.141
11420.000 0.140
11425.000 0.139
11430.000 0.140
11435.000 0.139
11440.000 0.140
11445.000 0.139
11450.000 0.139
11455.000 0.140
11460.000 0.142
11465.000 0.140
11470.000 0.139
11475.000 0.139
11480.000 0.138
11485.000 0.139
11490.000 0.140
11495.000 0.140
11500.000 0.140
11505.000 0.140
11510.000 0.138
11515.000 0.138
11520.000 0.139
11525.000 0.137
11530.000 0.137
11535.000 0.137
11540.000 0.137
11545.000 0.138
11550.000 0.139
11555.000 0.140
11560.000 0.139
11565.000 0.139
11570.000 0.140
11575.000 0.138
11580.000 0.137
11585.000 0.137
11590.000 0.137
11595.000 0.138
11600.000 0.137
11605.000 0.136
11610.000 0.137
11615.000 0.137
11620.000 0.138
11625.000 0.137
11630.000 0.137
11635.000 0.138
11640.000 0.136
11645.000 0.137
11650.000 0.137
11655.000 0.137
11660.000 0.137
11665.000 0.138
11670.000 0.137
11675.000 0.137
11680.000 0.137
11685.000 0.136
11690.000 0.136
11695.000 0.137
11700.000 0.137
11705.000 0.137
11710.000 0.137
11715.000 0.137
11720.000 0.137
11725.000 0.138
11730.000 0.136
11735.000 0.135
11740.000 0.135
11745.000 0.135
11750.000 0.136
11755.000 0.136
11760.000 0.136
11765.000 0.136
11770.000 0.136
11775.000 0.138
11780.000 0.139
11785.000 0.137
11790.000 0.138
11795.000 0.136
11800.000 0.135
11805.000 0.136
11810.000 0.136
11815.000 0.135
11820.000 0.135
11825.000 0.136
11830.000 0.136
11835.000 0.137
11840.000 0.136
11845.000 0.137
11850.000 0.138
11855.000 0.136
11860.000 0.134
11865.000 0.134
11870.000 0.134
11875.000 0.136
11880.000 0.134
11885.000 0.135
11890.000 0.134
11895.000 0.134
11900.000 0.135
11905.000 0.134
11910.000 0.134
11915.000 0.134
11920.000 0.134
11925.000 0.134
11930.000 0.133
11935.000 0.134
11940.000 0.133
11945.000 0.134
11950.000 0.134
11955.000 0.133
11960.000 0.134
11965.000 0.134
11970.000 0.132
11975.000 0.132
11980.000 0.133
11985.000 0.134
11990.000 0.133
11995.000 0.132
12000.000 0.134
