1, 0 
2, 0 
3, 0 
4, 0 
5, 0 
6, 0 
7, 0 
8, 0 
9, 0 
10, 0 
11, 0 
12, 0 
13, 0 
14, 0 
15, 0 
16, 0 
17, 0 
18, 0 
19, 0 
20, 0 
21, 0 
22, 0 
23, 0 
24, 0 
25, 0 
26, 0 
27, 0 
28, 0 
29, 0 
30, 0 
31, 0 
32, 0 
33, 0 
34, 0 
35, 0 
36, 0 
37, 0 
38, 0 
39, 0 
40, 0 
41, 0 
42, 0 
43, 0 
44, 0 
45, 0 
46, 0 
47, 0 
48, 0 
49, 0 
50, 0 
51, 0 
52, 0 
53, 0 
54, 0 
55, 0 
56, 0 
57, 0 
58, 0 
59, 0 
60, 0 
61, 0 
62, 0 
63, 0 
64, 0 
65, 0 
66, 3 
67, 8 
68, 12 
69, 8 
70, 7 
71, 9 
72, 7 
73, 8 
74, 12 
75, 8 
76, 11 
77, 8 
78, 7 
79, 12 
80, 5 
81, 11 
82, 7 
83, 7 
84, 3 
85, 11 
86, 7 
87, 13 
88, 10 
89, 10 
90, 6 
91, 12 
92, 14 
93, 6 
94, 10 
95, 10 
96, 12 
97, 9 
98, 11 
99, 10 
100, 10 
101, 8 
102, 7 
103, 6 
104, 10 
105, 4 
106, 5 
107, 12 
108, 9 
109, 11 
110, 12 
111, 6 
112, 7 
113, 12 
114, 7 
115, 5 
116, 8 
117, 8 
118, 6 
119, 10 
120, 11 
121, 9 
122, 13 
123, 11 
124, 11 
125, 3 
126, 3 
127, 8 
128, 5 
129, 6 
130, 9 
131, 15 
132, 11 
133, 10 
134, 7 
135, 9 
136, 8 
137, 9 
138, 8 
139, 10 
140, 13 
141, 15 
142, 10 
143, 5 
144, 6 
145, 8 
146, 7 
147, 7 
148, 10 
149, 12 
150, 10 
151, 4 
152, 10 
153, 7 
154, 9 
155, 5 
156, 7 
157, 8 
158, 8 
159, 14 
160, 6 
161, 15 
162, 12 
163, 9 
164, 14 
165, 7 
166, 9 
167, 8 
168, 7 
169, 6 
170, 11 
171, 9 
172, 9 
173, 5 
174, 8 
175, 9 
176, 9 
177, 7 
178, 8 
179, 8 
180, 4 
181, 7 
182, 7 
183, 9 
184, 10 
185, 10 
186, 9 
187, 5 
188, 7 
189, 9 
190, 5 
191, 4 
192, 9 
193, 9 
194, 11 
195, 10 
196, 7 
197, 8 
198, 10 
199, 6 
200, 8 
201, 8 
202, 6 
203, 9 
204, 10 
205, 11 
206, 10 
207, 9 
208, 4 
209, 9 
210, 7 
211, 9 
212, 10 
213, 10 
214, 12 
215, 6 
216, 5 
217, 8 
218, 9 
219, 5 
220, 7 
221, 7 
222, 6 
223, 10 
224, 8 
225, 5 
226, 5 
227, 6 
228, 6 
229, 7 
230, 7 
231, 9 
232, 9 
233, 9 
234, 8 
235, 10 
236, 6 
237, 7 
238, 7 
239, 9 
240, 5 
241, 7 
242, 8 
243, 6 
244, 8 
245, 10 
246, 8 
247, 12 
248, 9 
249, 9 
250, 9 
251, 10 
252, 9 
253, 10 
254, 9 
255, 6 
256, 8 
257, 11 
258, 6 
259, 10 
260, 6 
261, 6 
262, 10 
263, 10 
264, 4 
265, 10 
266, 5 
267, 10 
268, 18 
269, 6 
270, 6 
271, 11 
272, 6 
273, 11 
274, 5 
275, 11 
276, 9 
277, 7 
278, 9 
279, 9 
280, 6 
281, 6 
282, 14 
283, 12 
284, 13 
285, 4 
286, 8 
287, 8 
288, 8 
289, 3 
290, 5 
291, 9 
292, 7 
293, 5 
294, 4 
295, 10 
296, 15 
297, 4 
298, 10 
299, 10 
300, 5 
301, 4 
302, 6 
303, 9 
304, 9 
305, 4 
306, 4 
307, 7 
308, 10 
309, 7 
310, 7 
311, 8 
312, 10 
313, 6 
314, 8 
315, 12 
316, 3 
317, 16 
318, 6 
319, 8 
320, 7 
321, 8 
322, 5 
323, 8 
324, 7 
325, 10 
326, 6 
327, 6 
328, 7 
329, 5 
330, 10 
331, 3 
332, 6 
333, 9 
334, 9 
335, 11 
336, 4 
337, 10 
338, 6 
339, 13 
340, 12 
341, 8 
342, 7 
343, 5 
344, 3 
345, 6 
346, 6 
347, 11 
348, 9 
349, 8 
350, 2 
351, 5 
352, 8 
353, 5 
354, 12 
355, 12 
356, 9 
357, 7 
358, 11 
359, 7 
360, 7 
361, 7 
362, 9 
363, 13 
364, 14 
365, 7 
366, 7 
367, 10 
368, 8 
369, 5 
370, 4 
371, 13 
372, 12 
373, 9 
374, 10 
375, 8 
376, 12 
377, 7 
378, 7 
379, 9 
380, 11 
381, 5 
382, 8 
383, 3 
384, 8 
385, 8 
386, 5 
387, 10 
388, 12 
389, 11 
390, 12 
391, 5 
392, 4 
393, 10 
394, 4 
395, 10 
396, 10 
397, 3 
398, 6 
399, 9 
400, 4 
401, 12 
402, 6 
403, 7 
404, 8 
405, 7 
406, 3 
407, 11 
408, 11 
409, 11 
410, 5 
411, 5 
412, 5 
413, 12 
414, 5 
415, 5 
416, 5 
417, 5 
418, 12 
419, 10 
420, 4 
421, 13 
422, 11 
423, 7 
424, 3 
425, 2 
426, 6 
427, 6 
428, 7 
429, 9 
430, 5 
431, 7 
432, 6 
433, 9 
434, 4 
435, 13 
436, 14 
437, 6 
438, 3 
439, 5 
440, 6 
441, 3 
442, 7 
443, 7 
444, 9 
445, 3 
446, 5 
447, 0 
448, 4 
449, 11 
450, 6 
451, 8 
452, 8 
453, 4 
454, 12 
455, 8 
456, 8 
457, 10 
458, 8 
459, 7 
460, 13 
461, 2 
462, 12 
463, 5 
464, 9 
465, 5 
466, 6 
467, 5 
468, 4 
469, 8 
470, 9 
471, 11 
472, 7 
473, 7 
474, 7 
475, 4 
476, 3 
477, 4 
478, 5 
479, 8 
480, 6 
481, 11 
482, 6 
483, 7 
484, 15 
485, 6 
486, 5 
487, 9 
488, 8 
489, 7 
490, 11 
491, 5 
492, 9 
493, 9 
494, 7 
495, 8 
496, 6 
497, 11 
498, 7 
499, 8 
500, 8 
501, 12 
502, 8 
503, 8 
504, 5 
505, 6 
506, 7 
507, 8 
508, 5 
509, 7 
510, 3 
511, 9 
512, 6 
513, 3 
514, 5 
515, 4 
516, 5 
517, 6 
518, 8 
519, 7 
520, 9 
521, 9 
522, 4 
523, 5 
524, 7 
525, 5 
526, 5 
527, 7 
528, 8 
529, 7 
530, 6 
531, 6 
532, 5 
533, 10 
534, 3 
535, 9 
536, 10 
537, 7 
538, 7 
539, 7 
540, 4 
541, 1 
542, 7 
543, 5 
544, 9 
545, 3 
546, 12 
547, 5 
548, 5 
549, 10 
550, 4 
551, 9 
552, 8 
553, 10 
554, 3 
555, 4 
556, 6 
557, 10 
558, 6 
559, 4 
560, 9 
561, 7 
562, 5 
563, 2 
564, 3 
565, 9 
566, 8 
567, 5 
568, 14 
569, 5 
570, 9 
571, 3 
572, 6 
573, 4 
574, 9 
575, 5 
576, 7 
577, 8 
578, 6 
579, 3 
580, 3 
581, 2 
582, 7 
583, 6 
584, 9 
585, 5 
586, 3 
587, 7 
588, 5 
589, 6 
590, 3 
591, 5 
592, 7 
593, 10 
594, 9 
595, 7 
596, 7 
597, 9 
598, 0 
599, 10 
600, 6 
601, 3 
602, 8 
603, 4 
604, 7 
605, 5 
606, 9 
607, 6 
608, 6 
609, 7 
610, 6 
611, 7 
612, 9 
613, 4 
614, 5 
615, 5 
616, 4 
617, 6 
618, 8 
619, 8 
620, 3 
621, 9 
622, 2 
623, 12 
624, 9 
625, 8 
626, 5 
627, 5 
628, 9 
629, 7 
630, 5 
631, 6 
632, 6 
633, 6 
634, 6 
635, 7 
636, 5 
637, 8 
638, 1 
639, 4 
640, 6 
641, 5 
642, 7 
643, 7 
644, 3 
645, 7 
646, 9 
647, 4 
648, 9 
649, 3 
650, 9 
651, 6 
652, 9 
653, 4 
654, 2 
655, 7 
656, 4 
657, 2 
658, 6 
659, 4 
660, 6 
661, 7 
662, 7 
663, 2 
664, 4 
665, 6 
666, 6 
667, 4 
668, 7 
669, 4 
670, 7 
671, 6 
672, 5 
673, 8 
674, 6 
675, 4 
676, 9 
677, 4 
678, 7 
679, 6 
680, 5 
681, 6 
682, 4 
683, 9 
684, 5 
685, 12 
686, 7 
687, 5 
688, 5 
689, 3 
690, 7 
691, 3 
692, 5 
693, 3 
694, 7 
695, 7 
696, 8 
697, 4 
698, 8 
699, 7 
700, 7 
701, 8 
702, 7 
703, 6 
704, 10 
705, 7 
706, 7 
707, 7 
708, 6 
709, 2 
710, 6 
711, 8 
712, 8 
713, 8 
714, 2 
715, 8 
716, 3 
717, 15 
718, 8 
719, 4 
720, 3 
721, 6 
722, 6 
723, 4 
724, 3 
725, 6 
726, 8 
727, 5 
728, 3 
729, 3 
730, 5 
731, 7 
732, 5 
733, 1 
734, 4 
735, 3 
736, 7 
737, 4 
738, 6 
739, 4 
740, 5 
741, 8 
742, 12 
743, 4 
744, 2 
745, 2 
746, 5 
747, 8 
748, 5 
749, 9 
750, 3 
751, 4 
752, 5 
753, 11 
754, 6 
755, 9 
756, 3 
757, 5 
758, 4 
759, 8 
760, 7 
761, 9 
762, 8 
763, 9 
764, 4 
765, 5 
766, 6 
767, 10 
768, 3 
769, 6 
770, 2 
771, 5 
772, 4 
773, 9 
774, 7 
775, 3 
776, 6 
777, 9 
778, 3 
779, 8 
780, 7 
781, 6 
782, 8 
783, 2 
784, 5 
785, 4 
786, 6 
787, 10 
788, 7 
789, 9 
790, 11 
791, 8 
792, 7 
793, 2 
794, 8 
795, 2 
796, 5 
797, 6 
798, 5 
799, 3 
800, 9 
801, 7 
802, 2 
803, 2 
804, 8 
805, 3 
806, 7 
807, 8 
808, 4 
809, 3 
810, 5 
811, 10 
812, 8 
813, 3 
814, 4 
815, 4 
816, 9 
817, 7 
818, 8 
819, 2 
820, 6 
821, 6 
822, 2 
823, 6 
824, 5 
825, 10 
826, 4 
827, 11 
828, 6 
829, 3 
830, 8 
831, 6 
832, 5 
833, 4 
834, 5 
835, 5 
836, 9 
837, 1 
838, 6 
839, 4 
840, 8 
841, 9 
842, 5 
843, 5 
844, 7 
845, 7 
846, 8 
847, 11 
848, 15 
849, 4 
850, 5 
851, 6 
852, 6 
853, 4 
854, 5 
855, 5 
856, 6 
857, 3 
858, 6 
859, 5 
860, 2 
861, 3 
862, 5 
863, 5 
864, 6 
865, 10 
866, 8 
867, 3 
868, 13 
869, 7 
870, 5 
871, 7 
872, 9 
873, 2 
874, 6 
875, 10 
876, 4 
877, 2 
878, 9 
879, 9 
880, 6 
881, 4 
882, 4 
883, 4 
884, 7 
885, 5 
886, 3 
887, 4 
888, 6 
889, 4 
890, 6 
891, 6 
892, 2 
893, 6 
894, 1 
895, 7 
896, 4 
897, 6 
898, 7 
899, 2 
900, 5 
901, 5 
902, 3 
903, 9 
904, 7 
905, 8 
906, 8 
907, 6 
908, 3 
909, 9 
910, 3 
911, 9 
912, 6 
913, 5 
914, 5 
915, 4 
916, 6 
917, 4 
918, 12 
919, 5 
920, 4 
921, 6 
922, 1 
923, 5 
924, 8 
925, 9 
926, 3 
927, 5 
928, 1 
929, 8 
930, 4 
931, 6 
932, 2 
933, 6 
934, 10 
935, 5 
936, 6 
937, 9 
938, 5 
939, 4 
940, 1 
941, 6 
942, 7 
943, 4 
944, 6 
945, 6 
946, 6 
947, 3 
948, 1 
949, 10 
950, 9 
951, 6 
952, 5 
953, 6 
954, 4 
955, 5 
956, 5 
957, 3 
958, 10 
959, 5 
960, 3 
961, 1 
962, 6 
963, 7 
964, 8 
965, 7 
966, 4 
967, 2 
968, 8 
969, 4 
970, 2 
971, 4 
972, 9 
973, 4 
974, 1 
975, 1 
976, 5 
977, 3 
978, 4 
979, 10 
980, 8 
981, 2 
982, 6 
983, 5 
984, 5 
985, 2 
986, 5 
987, 3 
988, 3 
989, 3 
990, 7 
991, 3 
992, 4 
993, 3 
994, 6 
995, 6 
996, 6 
997, 3 
998, 7 
999, 6 
1000, 7 
1001, 5 
1002, 4 
1003, 8 
1004, 4 
1005, 7 
1006, 2 
1007, 6 
1008, 4 
1009, 4 
1010, 1 
1011, 3 
1012, 4 
1013, 6 
1014, 3 
1015, 4 
1016, 4 
1017, 2 
1018, 10 
1019, 5 
1020, 6 
1021, 3 
1022, 2 
1023, 4 
1024, 5 
1025, 7 
1026, 5 
1027, 2 
1028, 4 
1029, 8 
1030, 4 
1031, 7 
1032, 4 
1033, 5 
1034, 10 
1035, 4 
1036, 3 
1037, 5 
1038, 3 
1039, 6 
1040, 6 
1041, 4 
1042, 3 
1043, 10 
1044, 5 
1045, 6 
1046, 1 
1047, 4 
1048, 4 
1049, 4 
1050, 7 
1051, 2 
1052, 2 
1053, 1 
1054, 7 
1055, 4 
1056, 6 
1057, 3 
1058, 5 
1059, 3 
1060, 2 
1061, 3 
1062, 3 
1063, 5 
1064, 6 
1065, 9 
1066, 5 
1067, 2 
1068, 3 
1069, 2 
1070, 3 
1071, 4 
1072, 1 
1073, 2 
1074, 5 
1075, 3 
1076, 4 
1077, 4 
1078, 3 
1079, 4 
1080, 5 
1081, 3 
1082, 6 
1083, 3 
1084, 4 
1085, 6 
1086, 1 
1087, 3 
1088, 6 
1089, 2 
1090, 3 
1091, 5 
1092, 3 
1093, 6 
1094, 5 
1095, 1 
1096, 7 
1097, 5 
1098, 4 
1099, 1 
1100, 2 
1101, 3 
1102, 3 
1103, 5 
1104, 4 
1105, 9 
1106, 5 
1107, 6 
1108, 0 
1109, 1 
1110, 9 
1111, 7 
1112, 3 
1113, 4 
1114, 2 
1115, 9 
1116, 2 
1117, 3 
1118, 1 
1119, 8 
1120, 7 
1121, 5 
1122, 4 
1123, 0 
1124, 6 
1125, 4 
1126, 3 
1127, 2 
1128, 9 
1129, 7 
1130, 3 
1131, 3 
1132, 3 
1133, 5 
1134, 7 
1135, 9 
1136, 0 
1137, 3 
1138, 8 
1139, 3 
1140, 4 
1141, 6 
1142, 3 
1143, 3 
1144, 5 
1145, 2 
1146, 4 
1147, 2 
1148, 8 
1149, 5 
1150, 4 
1151, 8 
1152, 5 
1153, 5 
1154, 2 
1155, 5 
1156, 4 
1157, 3 
1158, 3 
1159, 3 
1160, 6 
1161, 4 
1162, 5 
1163, 8 
1164, 4 
1165, 7 
1166, 3 
1167, 8 
1168, 3 
1169, 3 
1170, 3 
1171, 0 
1172, 2 
1173, 5 
1174, 3 
1175, 1 
1176, 2 
1177, 7 
1178, 7 
1179, 2 
1180, 5 
1181, 5 
1182, 2 
1183, 5 
1184, 3 
1185, 7 
1186, 7 
1187, 6 
1188, 8 
1189, 3 
1190, 3 
1191, 4 
1192, 5 
1193, 6 
1194, 4 
1195, 5 
1196, 2 
1197, 2 
1198, 6 
1199, 3 
1200, 3 
1201, 4 
1202, 5 
1203, 6 
1204, 3 
1205, 4 
1206, 4 
1207, 3 
1208, 3 
1209, 4 
1210, 3 
1211, 4 
1212, 3 
1213, 5 
1214, 2 
1215, 5 
1216, 5 
1217, 5 
1218, 6 
1219, 2 
1220, 4 
1221, 4 
1222, 2 
1223, 2 
1224, 1 
1225, 4 
1226, 4 
1227, 6 
1228, 3 
1229, 3 
1230, 4 
1231, 3 
1232, 7 
1233, 6 
1234, 7 
1235, 6 
1236, 8 
1237, 3 
1238, 2 
1239, 7 
1240, 5 
1241, 5 
1242, 4 
1243, 2 
1244, 3 
1245, 7 
1246, 1 
1247, 3 
1248, 5 
1249, 4 
1250, 5 
1251, 2 
1252, 7 
1253, 3 
1254, 5 
1255, 6 
1256, 1 
1257, 3 
1258, 3 
1259, 3 
1260, 5 
1261, 3 
1262, 3 
1263, 5 
1264, 7 
1265, 7 
1266, 11 
1267, 3 
1268, 4 
1269, 4 
1270, 3 
1271, 3 
1272, 1 
1273, 5 
1274, 5 
1275, 4 
1276, 3 
1277, 3 
1278, 3 
1279, 4 
1280, 5 
1281, 4 
1282, 5 
1283, 4 
1284, 5 
1285, 8 
1286, 4 
1287, 5 
1288, 4 
1289, 3 
1290, 2 
1291, 0 
1292, 0 
1293, 4 
1294, 5 
1295, 6 
1296, 4 
1297, 6 
1298, 5 
1299, 2 
1300, 12 
1301, 6 
1302, 4 
1303, 2 
1304, 5 
1305, 3 
1306, 4 
1307, 3 
1308, 4 
1309, 5 
1310, 2 
1311, 2 
1312, 4 
1313, 7 
1314, 5 
1315, 5 
1316, 7 
1317, 3 
1318, 6 
1319, 5 
1320, 4 
1321, 3 
1322, 4 
1323, 5 
1324, 2 
1325, 4 
1326, 3 
1327, 3 
1328, 9 
1329, 2 
1330, 4 
1331, 6 
1332, 3 
1333, 6 
1334, 8 
1335, 6 
1336, 2 
1337, 2 
1338, 3 
1339, 6 
1340, 4 
1341, 4 
1342, 3 
1343, 5 
1344, 1 
1345, 6 
1346, 3 
1347, 4 
1348, 2 
1349, 6 
1350, 6 
1351, 8 
1352, 4 
1353, 3 
1354, 3 
1355, 2 
1356, 6 
1357, 9 
1358, 0 
1359, 7 
1360, 3 
1361, 6 
1362, 2 
1363, 2 
1364, 3 
1365, 4 
1366, 7 
1367, 4 
1368, 7 
1369, 6 
1370, 2 
1371, 7 
1372, 6 
1373, 5 
1374, 2 
1375, 6 
1376, 5 
1377, 2 
1378, 6 
1379, 2 
1380, 5 
1381, 4 
1382, 2 
1383, 0 
1384, 7 
1385, 2 
1386, 3 
1387, 4 
1388, 6 
1389, 3 
1390, 2 
1391, 2 
1392, 4 
1393, 6 
1394, 6 
1395, 3 
1396, 5 
1397, 5 
1398, 4 
1399, 4 
1400, 6 
1401, 1 
1402, 5 
1403, 4 
1404, 1 
1405, 5 
1406, 6 
1407, 4 
1408, 4 
1409, 4 
1410, 5 
1411, 5 
1412, 0 
1413, 5 
1414, 5 
1415, 1 
1416, 7 
1417, 3 
1418, 3 
1419, 5 
1420, 5 
1421, 3 
1422, 8 
1423, 3 
1424, 3 
1425, 1 
1426, 3 
1427, 1 
1428, 5 
1429, 5 
1430, 2 
1431, 10 
1432, 4 
1433, 2 
1434, 7 
1435, 5 
1436, 3 
1437, 4 
1438, 3 
1439, 3 
1440, 3 
1441, 1 
1442, 2 
1443, 4 
1444, 4 
1445, 6 
1446, 8 
1447, 6 
1448, 6 
1449, 4 
1450, 2 
1451, 4 
1452, 7 
1453, 4 
1454, 3 
1455, 6 
1456, 5 
1457, 2 
1458, 4 
1459, 2 
1460, 1 
1461, 3 
1462, 5 
1463, 4 
1464, 2 
1465, 5 
1466, 2 
1467, 8 
1468, 6 
1469, 5 
1470, 2 
1471, 3 
1472, 7 
1473, 0 
1474, 2 
1475, 5 
1476, 4 
1477, 8 
1478, 3 
1479, 1 
1480, 5 
1481, 7 
1482, 6 
1483, 5 
1484, 2 
1485, 2 
1486, 6 
1487, 6 
1488, 1 
1489, 4 
1490, 3 
1491, 4 
1492, 6 
1493, 3 
1494, 5 
1495, 1 
1496, 5 
1497, 0 
1498, 7 
1499, 7 
1500, 2 
1501, 7 
1502, 4 
1503, 6 
1504, 2 
1505, 5 
1506, 4 
1507, 2 
1508, 4 
1509, 4 
1510, 3 
1511, 5 
1512, 0 
1513, 0 
1514, 1 
1515, 4 
1516, 1 
1517, 3 
1518, 4 
1519, 5 
1520, 2 
1521, 3 
1522, 4 
1523, 10 
1524, 7 
1525, 5 
1526, 7 
1527, 2 
1528, 0 
1529, 4 
1530, 3 
1531, 5 
1532, 4 
1533, 1 
1534, 9 
1535, 8 
1536, 4 
1537, 0 
1538, 5 
1539, 4 
1540, 8 
1541, 3 
1542, 7 
1543, 3 
1544, 2 
1545, 5 
1546, 0 
1547, 5 
1548, 4 
1549, 0 
1550, 3 
1551, 3 
1552, 3 
1553, 1 
1554, 2 
1555, 7 
1556, 5 
1557, 1 
1558, 7 
1559, 5 
1560, 2 
1561, 2 
1562, 3 
1563, 5 
1564, 3 
1565, 5 
1566, 1 
1567, 3 
1568, 6 
1569, 3 
1570, 3 
1571, 2 
1572, 7 
1573, 2 
1574, 2 
1575, 1 
1576, 4 
1577, 5 
1578, 4 
1579, 2 
1580, 2 
1581, 2 
1582, 4 
1583, 4 
1584, 0 
1585, 3 
1586, 1 
1587, 3 
1588, 4 
1589, 0 
1590, 1 
1591, 5 
1592, 5 
1593, 7 
1594, 1 
1595, 5 
1596, 4 
1597, 0 
1598, 2 
1599, 2 
1600, 3 
1601, 2 
1602, 4 
1603, 3 
1604, 5 
1605, 3 
1606, 2 
1607, 4 
1608, 3 
1609, 6 
1610, 1 
1611, 5 
1612, 3 
1613, 3 
1614, 4 
1615, 3 
1616, 4 
1617, 3 
1618, 3 
1619, 1 
1620, 4 
1621, 4 
1622, 5 
1623, 2 
1624, 4 
1625, 6 
1626, 3 
1627, 4 
1628, 6 
1629, 7 
1630, 4 
1631, 7 
1632, 1 
1633, 4 
1634, 4 
1635, 4 
1636, 2 
1637, 4 
1638, 0 
1639, 3 
1640, 1 
1641, 4 
1642, 4 
1643, 5 
1644, 5 
1645, 1 
1646, 1 
1647, 3 
1648, 5 
1649, 6 
1650, 0 
1651, 2 
1652, 5 
1653, 3 
1654, 5 
1655, 4 
1656, 3 
1657, 4 
1658, 5 
1659, 3 
1660, 0 
1661, 2 
1662, 3 
1663, 5 
1664, 2 
1665, 3 
1666, 6 
1667, 4 
1668, 0 
1669, 1 
1670, 4 
1671, 3 
1672, 4 
1673, 1 
1674, 2 
1675, 1 
1676, 1 
1677, 2 
1678, 4 
1679, 5 
1680, 3 
1681, 6 
1682, 3 
1683, 3 
1684, 4 
1685, 1 
1686, 1 
1687, 2 
1688, 3 
1689, 4 
1690, 3 
1691, 3 
1692, 2 
1693, 2 
1694, 3 
1695, 1 
1696, 6 
1697, 2 
1698, 3 
1699, 1 
1700, 4 
1701, 2 
1702, 0 
1703, 2 
1704, 6 
1705, 3 
1706, 5 
1707, 3 
1708, 2 
1709, 1 
1710, 6 
1711, 3 
1712, 3 
1713, 4 
1714, 2 
1715, 3 
1716, 2 
1717, 5 
1718, 1 
1719, 2 
1720, 2 
1721, 3 
1722, 4 
1723, 3 
1724, 1 
1725, 3 
1726, 4 
1727, 7 
1728, 0 
1729, 4 
1730, 3 
1731, 2 
1732, 3 
1733, 0 
1734, 7 
1735, 4 
1736, 4 
1737, 2 
1738, 2 
1739, 8 
1740, 2 
1741, 2 
1742, 4 
1743, 3 
1744, 1 
1745, 1 
1746, 2 
1747, 1 
1748, 3 
1749, 3 
1750, 3 
1751, 2 
1752, 2 
1753, 3 
1754, 5 
1755, 3 
1756, 5 
1757, 3 
1758, 5 
1759, 6 
1760, 4 
1761, 2 
1762, 1 
1763, 3 
1764, 3 
1765, 5 
1766, 3 
1767, 3 
1768, 5 
1769, 1 
1770, 4 
1771, 3 
1772, 3 
1773, 3 
1774, 3 
1775, 2 
1776, 2 
1777, 1 
1778, 2 
1779, 3 
1780, 2 
1781, 3 
1782, 6 
1783, 5 
1784, 6 
1785, 3 
1786, 1 
1787, 4 
1788, 6 
1789, 3 
1790, 1 
1791, 1 
1792, 1 
1793, 3 
1794, 2 
1795, 4 
1796, 6 
1797, 2 
1798, 2 
1799, 1 
1800, 4 
1801, 5 
1802, 5 
1803, 0 
1804, 1 
1805, 3 
1806, 2 
1807, 2 
1808, 0 
1809, 4 
1810, 2 
1811, 5 
1812, 5 
1813, 6 
1814, 2 
1815, 4 
1816, 2 
1817, 4 
1818, 5 
1819, 4 
1820, 4 
1821, 2 
1822, 7 
1823, 4 
1824, 3 
1825, 4 
1826, 3 
1827, 3 
1828, 4 
1829, 2 
1830, 4 
1831, 4 
1832, 7 
1833, 1 
1834, 0 
1835, 8 
1836, 1 
1837, 1 
1838, 6 
1839, 5 
1840, 3 
1841, 2 
1842, 2 
1843, 5 
1844, 2 
1845, 2 
1846, 6 
1847, 0 
1848, 8 
1849, 2 
1850, 3 
1851, 3 
1852, 3 
1853, 2 
1854, 5 
1855, 4 
1856, 3 
1857, 3 
1858, 4 
1859, 2 
1860, 3 
1861, 1 
1862, 2 
1863, 4 
1864, 2 
1865, 4 
1866, 5 
1867, 4 
1868, 4 
1869, 4 
1870, 3 
1871, 2 
1872, 2 
1873, 4 
1874, 0 
1875, 2 
1876, 3 
1877, 1 
1878, 7 
1879, 3 
1880, 1 
1881, 3 
1882, 4 
1883, 5 
1884, 4 
1885, 3 
1886, 3 
1887, 2 
1888, 3 
1889, 5 
1890, 4 
1891, 3 
1892, 1 
1893, 2 
1894, 2 
1895, 5 
1896, 4 
1897, 5 
1898, 7 
1899, 6 
1900, 2 
1901, 1 
1902, 2 
1903, 2 
1904, 1 
1905, 2 
1906, 4 
1907, 1 
1908, 3 
1909, 5 
1910, 2 
1911, 1 
1912, 1 
1913, 2 
1914, 2 
1915, 3 
1916, 3 
1917, 5 
1918, 1 
1919, 3 
1920, 4 
1921, 0 
1922, 9 
1923, 6 
1924, 2 
1925, 3 
1926, 5 
1927, 0 
1928, 4 
1929, 1 
1930, 3 
1931, 0 
1932, 1 
1933, 1 
1934, 3 
1935, 4 
1936, 2 
1937, 0 
1938, 3 
1939, 3 
1940, 4 
1941, 0 
1942, 1 
1943, 4 
1944, 1 
1945, 1 
1946, 1 
1947, 9 
1948, 5 
1949, 1 
1950, 2 
1951, 3 
1952, 0 
1953, 4 
1954, 1 
1955, 1 
1956, 5 
1957, 4 
1958, 2 
1959, 4 
1960, 4 
1961, 2 
1962, 3 
1963, 3 
1964, 5 
1965, 2 
1966, 3 
1967, 3 
1968, 1 
1969, 3 
1970, 4 
1971, 5 
1972, 3 
1973, 3 
1974, 5 
1975, 4 
1976, 1 
1977, 4 
1978, 4 
1979, 0 
1980, 3 
1981, 4 
1982, 6 
1983, 4 
1984, 1 
1985, 3 
1986, 2 
1987, 4 
1988, 1 
1989, 7 
1990, 1 
1991, 1 
1992, 0 
1993, 2 
1994, 1 
1995, 4 
1996, 2 
1997, 2 
1998, 4 
1999, 2 
2000, 2 
2001, 2 
2002, 4 
2003, 1 
2004, 4 
2005, 4 
2006, 1 
2007, 4 
2008, 3 
2009, 2 
2010, 3 
2011, 2 
2012, 3 
2013, 1 
2014, 5 
2015, 2 
2016, 2 
2017, 1 
2018, 1 
2019, 1 
2020, 2 
2021, 1 
2022, 0 
2023, 0 
2024, 5 
2025, 1 
2026, 2 
2027, 1 
2028, 3 
2029, 3 
2030, 2 
2031, 6 
2032, 3 
2033, 2 
2034, 2 
2035, 0 
2036, 3 
2037, 4 
2038, 2 
2039, 5 
2040, 4 
2041, 3 
2042, 2 
2043, 4 
2044, 2 
2045, 1 
2046, 2 
2047, 4 
2048, 4 
2049, 5 
2050, 3 
2051, 3 
2052, 1 
2053, 2 
2054, 3 
2055, 1 
2056, 2 
2057, 7 
2058, 8 
2059, 3 
2060, 3 
2061, 2 
2062, 2 
2063, 4 
2064, 2 
2065, 0 
2066, 1 
2067, 2 
2068, 2 
2069, 0 
2070, 3 
2071, 3 
2072, 4 
2073, 2 
2074, 3 
2075, 2 
2076, 2 
2077, 2 
2078, 1 
2079, 2 
2080, 3 
2081, 1 
2082, 4 
2083, 1 
2084, 1 
2085, 3 
2086, 4 
2087, 5 
2088, 1 
2089, 6 
2090, 3 
2091, 4 
2092, 2 
2093, 3 
2094, 1 
2095, 2 
2096, 1 
2097, 2 
2098, 2 
2099, 2 
2100, 1 
2101, 3 
2102, 2 
2103, 4 
2104, 2 
2105, 1 
2106, 1 
2107, 2 
2108, 2 
2109, 2 
2110, 1 
2111, 1 
2112, 2 
2113, 1 
2114, 6 
2115, 3 
2116, 2 
2117, 1 
2118, 1 
2119, 2 
2120, 3 
2121, 2 
2122, 3 
2123, 1 
2124, 0 
2125, 0 
2126, 3 
2127, 5 
2128, 4 
2129, 1 
2130, 6 
2131, 0 
2132, 2 
2133, 1 
2134, 3 
2135, 1 
2136, 1 
2137, 1 
2138, 4 
2139, 4 
2140, 1 
2141, 4 
2142, 3 
2143, 2 
2144, 2 
2145, 1 
2146, 2 
2147, 2 
2148, 0 
2149, 2 
2150, 3 
2151, 4 
2152, 2 
2153, 2 
2154, 2 
2155, 1 
2156, 4 
2157, 1 
2158, 2 
2159, 1 
2160, 2 
2161, 2 
2162, 2 
2163, 3 
2164, 4 
2165, 2 
2166, 1 
2167, 2 
2168, 4 
2169, 1 
2170, 1 
2171, 1 
2172, 2 
2173, 2 
2174, 1 
2175, 3 
2176, 2 
2177, 3 
2178, 4 
2179, 6 
2180, 3 
2181, 2 
2182, 2 
2183, 2 
2184, 3 
2185, 4 
2186, 1 
2187, 3 
2188, 3 
2189, 4 
2190, 3 
2191, 0 
2192, 7 
2193, 1 
2194, 3 
2195, 3 
2196, 3 
2197, 2 
2198, 2 
2199, 1 
2200, 5 
2201, 3 
2202, 2 
2203, 1 
2204, 4 
2205, 3 
2206, 1 
2207, 0 
2208, 2 
2209, 3 
2210, 1 
2211, 1 
2212, 2 
2213, 2 
2214, 1 
2215, 0 
2216, 4 
2217, 2 
2218, 1 
2219, 3 
2220, 3 
2221, 1 
2222, 0 
2223, 2 
2224, 2 
2225, 1 
2226, 5 
2227, 0 
2228, 5 
2229, 3 
2230, 5 
2231, 3 
2232, 3 
2233, 4 
2234, 2 
2235, 2 
2236, 2 
2237, 1 
2238, 5 
2239, 1 
2240, 2 
2241, 2 
2242, 0 
2243, 1 
2244, 0 
2245, 2 
2246, 4 
2247, 2 
2248, 3 
2249, 3 
2250, 1 
2251, 5 
2252, 6 
2253, 3 
2254, 2 
2255, 2 
2256, 1 
2257, 3 
2258, 3 
2259, 2 
2260, 0 
2261, 0 
2262, 0 
2263, 0 
2264, 2 
2265, 5 
2266, 2 
2267, 2 
2268, 2 
2269, 0 
2270, 1 
2271, 1 
2272, 2 
2273, 3 
2274, 1 
2275, 2 
2276, 1 
2277, 1 
2278, 7 
2279, 2 
2280, 4 
2281, 3 
2282, 3 
2283, 3 
2284, 2 
2285, 2 
2286, 0 
2287, 4 
2288, 2 
2289, 1 
2290, 4 
2291, 0 
2292, 1 
2293, 4 
2294, 2 
2295, 2 
2296, 1 
2297, 4 
2298, 1 
2299, 3 
2300, 2 
2301, 1 
2302, 2 
2303, 2 
2304, 3 
2305, 1 
2306, 3 
2307, 2 
2308, 2 
2309, 1 
2310, 6 
2311, 4 
2312, 1 
2313, 1 
2314, 4 
2315, 1 
2316, 0 
2317, 2 
2318, 2 
2319, 4 
2320, 2 
2321, 2 
2322, 3 
2323, 6 
2324, 2 
2325, 3 
2326, 4 
2327, 1 
2328, 3 
2329, 1 
2330, 2 
2331, 0 
2332, 1 
2333, 1 
2334, 3 
2335, 0 
2336, 2 
2337, 1 
2338, 2 
2339, 1 
2340, 4 
2341, 1 
2342, 0 
2343, 0 
2344, 1 
2345, 4 
2346, 2 
2347, 1 
2348, 5 
2349, 1 
2350, 5 
2351, 2 
2352, 2 
2353, 3 
2354, 1 
2355, 3 
2356, 3 
2357, 1 
2358, 0 
2359, 1 
2360, 2 
2361, 0 
2362, 3 
2363, 3 
2364, 3 
2365, 2 
2366, 3 
2367, 2 
2368, 1 
2369, 0 
2370, 2 
2371, 1 
2372, 3 
2373, 3 
2374, 1 
2375, 2 
2376, 3 
2377, 0 
2378, 2 
2379, 3 
2380, 2 
2381, 3 
2382, 2 
2383, 3 
2384, 2 
2385, 1 
2386, 5 
2387, 3 
2388, 2 
2389, 3 
2390, 2 
2391, 0 
2392, 1 
2393, 1 
2394, 1 
2395, 0 
2396, 1 
2397, 1 
2398, 2 
2399, 4 
2400, 1 
2401, 2 
2402, 4 
2403, 0 
2404, 4 
2405, 4 
2406, 3 
2407, 1 
2408, 2 
2409, 3 
2410, 3 
2411, 3 
2412, 1 
2413, 4 
2414, 3 
2415, 1 
2416, 2 
2417, 1 
2418, 0 
2419, 5 
2420, 3 
2421, 1 
2422, 0 
2423, 2 
2424, 3 
2425, 3 
2426, 0 
2427, 2 
2428, 0 
2429, 1 
2430, 4 
2431, 0 
2432, 4 
2433, 2 
2434, 2 
2435, 3 
2436, 1 
2437, 1 
2438, 0 
2439, 2 
2440, 1 
2441, 1 
2442, 2 
2443, 1 
2444, 0 
2445, 4 
2446, 1 
2447, 2 
2448, 1 
2449, 0 
2450, 3 
2451, 2 
2452, 2 
2453, 4 
2454, 1 
2455, 2 
2456, 1 
2457, 2 
2458, 3 
2459, 0 
2460, 2 
2461, 1 
2462, 6 
2463, 3 
2464, 1 
2465, 1 
2466, 7 
2467, 3 
2468, 1 
2469, 1 
2470, 1 
2471, 5 
2472, 1 
2473, 1 
2474, 2 
2475, 1 
2476, 1 
2477, 2 
2478, 1 
2479, 2 
2480, 1 
2481, 0 
2482, 2 
2483, 2 
2484, 0 
2485, 0 
2486, 2 
2487, 2 
2488, 1 
2489, 1 
2490, 0 
2491, 3 
2492, 4 
2493, 2 
2494, 2 
2495, 2 
2496, 1 
2497, 2 
2498, 2 
2499, 2 
2500, 1 
2501, 2 
2502, 0 
2503, 0 
2504, 1 
2505, 0 
2506, 3 
2507, 2 
2508, 1 
2509, 2 
2510, 4 
2511, 3 
2512, 2 
2513, 3 
2514, 1 
2515, 5 
2516, 2 
2517, 3 
2518, 2 
2519, 1 
2520, 1 
2521, 1 
2522, 0 
2523, 1 
2524, 1 
2525, 1 
2526, 3 
2527, 3 
2528, 3 
2529, 2 
2530, 2 
2531, 0 
2532, 0 
2533, 3 
2534, 1 
2535, 3 
2536, 2 
2537, 3 
2538, 3 
2539, 1 
2540, 1 
2541, 2 
2542, 0 
2543, 1 
2544, 1 
2545, 0 
2546, 5 
2547, 1 
2548, 3 
2549, 2 
2550, 1 
2551, 3 
2552, 0 
2553, 8 
2554, 4 
2555, 2 
2556, 3 
2557, 3 
2558, 1 
2559, 2 
2560, 3 
2561, 2 
2562, 1 
2563, 1 
2564, 2 
2565, 1 
2566, 6 
2567, 0 
2568, 1 
2569, 0 
2570, 3 
2571, 2 
2572, 2 
2573, 1 
2574, 2 
2575, 3 
2576, 5 
2577, 0 
2578, 2 
2579, 2 
2580, 0 
2581, 1 
2582, 3 
2583, 1 
2584, 3 
2585, 4 
2586, 0 
2587, 3 
2588, 2 
2589, 0 
2590, 2 
2591, 1 
2592, 1 
2593, 5 
2594, 1 
2595, 1 
2596, 1 
2597, 3 
2598, 3 
2599, 1 
2600, 0 
2601, 1 
2602, 0 
2603, 2 
2604, 5 
2605, 3 
2606, 2 
2607, 3 
2608, 1 
2609, 4 
2610, 2 
2611, 4 
2612, 0 
2613, 1 
2614, 2 
2615, 2 
2616, 1 
2617, 0 
2618, 3 
2619, 2 
2620, 1 
2621, 2 
2622, 3 
2623, 2 
2624, 0 
2625, 2 
2626, 1 
2627, 0 
2628, 2 
2629, 2 
2630, 2 
2631, 1 
2632, 1 
2633, 1 
2634, 3 
2635, 1 
2636, 1 
2637, 2 
2638, 2 
2639, 1 
2640, 1 
2641, 2 
2642, 3 
2643, 0 
2644, 5 
2645, 3 
2646, 3 
2647, 4 
2648, 1 
2649, 1 
2650, 1 
2651, 1 
2652, 2 
2653, 2 
2654, 3 
2655, 1 
2656, 3 
2657, 2 
2658, 4 
2659, 2 
2660, 2 
2661, 3 
2662, 0 
2663, 2 
2664, 1 
2665, 2 
2666, 0 
2667, 1 
2668, 0 
2669, 1 
2670, 2 
2671, 3 
2672, 1 
2673, 1 
2674, 1 
2675, 2 
2676, 1 
2677, 2 
2678, 3 
2679, 5 
2680, 3 
2681, 2 
2682, 1 
2683, 2 
2684, 1 
2685, 2 
2686, 2 
2687, 2 
2688, 0 
2689, 1 
2690, 1 
2691, 6 
2692, 4 
2693, 1 
2694, 1 
2695, 0 
2696, 0 
2697, 0 
2698, 4 
2699, 1 
2700, 0 
2701, 1 
2702, 3 
2703, 3 
2704, 3 
2705, 1 
2706, 0 
2707, 1 
2708, 2 
2709, 2 
2710, 1 
2711, 3 
2712, 0 
2713, 3 
2714, 1 
2715, 2 
2716, 2 
2717, 3 
2718, 2 
2719, 2 
2720, 2 
2721, 1 
2722, 1 
2723, 3 
2724, 4 
2725, 3 
2726, 3 
2727, 4 
2728, 2 
2729, 2 
2730, 1 
2731, 0 
2732, 0 
2733, 4 
2734, 2 
2735, 0 
2736, 2 
2737, 4 
2738, 2 
2739, 1 
2740, 0 
2741, 1 
2742, 2 
2743, 0 
2744, 2 
2745, 0 
2746, 2 
2747, 2 
2748, 4 
2749, 4 
2750, 1 
2751, 1 
2752, 4 
2753, 3 
2754, 2 
2755, 1 
2756, 3 
2757, 2 
2758, 1 
2759, 2 
2760, 4 
2761, 2 
2762, 1 
2763, 1 
2764, 5 
2765, 1 
2766, 2 
2767, 3 
2768, 1 
2769, 0 
2770, 1 
2771, 1 
2772, 1 
2773, 3 
2774, 3 
2775, 2 
2776, 1 
2777, 0 
2778, 0 
2779, 3 
2780, 0 
2781, 1 
2782, 2 
2783, 1 
2784, 1 
2785, 2 
2786, 1 
2787, 0 
2788, 1 
2789, 4 
2790, 2 
2791, 2 
2792, 3 
2793, 0 
2794, 3 
2795, 3 
2796, 1 
2797, 1 
2798, 2 
2799, 2 
2800, 1 
2801, 3 
2802, 1 
2803, 2 
2804, 0 
2805, 1 
2806, 0 
2807, 2 
2808, 1 
2809, 1 
2810, 2 
2811, 1 
2812, 1 
2813, 1 
2814, 3 
2815, 1 
2816, 3 
2817, 1 
2818, 1 
2819, 2 
2820, 2 
2821, 1 
2822, 2 
2823, 3 
2824, 1 
2825, 1 
2826, 3 
2827, 1 
2828, 1 
2829, 4 
2830, 0 
2831, 2 
2832, 2 
2833, 0 
2834, 3 
2835, 0 
2836, 3 
2837, 1 
2838, 1 
2839, 0 
2840, 3 
2841, 3 
2842, 1 
2843, 4 
2844, 1 
2845, 2 
2846, 3 
2847, 1 
2848, 1 
2849, 0 
2850, 1 
2851, 1 
2852, 0 
2853, 1 
2854, 1 
2855, 1 
2856, 0 
2857, 0 
2858, 3 
2859, 1 
2860, 1 
2861, 1 
2862, 5 
2863, 5 
2864, 2 
2865, 1 
2866, 2 
2867, 1 
2868, 2 
2869, 2 
2870, 2 
2871, 2 
2872, 2 
2873, 3 
2874, 2 
2875, 1 
2876, 0 
2877, 0 
2878, 0 
2879, 0 
2880, 0 
2881, 1 
2882, 3 
2883, 1 
2884, 2 
2885, 2 
2886, 1 
2887, 1 
2888, 1 
2889, 2 
2890, 2 
2891, 4 
2892, 1 
2893, 2 
2894, 2 
2895, 2 
2896, 1 
2897, 2 
2898, 2 
2899, 0 
2900, 0 
2901, 4 
2902, 1 
2903, 2 
2904, 1 
2905, 0 
2906, 3 
2907, 2 
2908, 2 
2909, 1 
2910, 0 
2911, 2 
2912, 3 
2913, 1 
2914, 3 
2915, 0 
2916, 1 
2917, 0 
2918, 6 
2919, 0 
2920, 1 
2921, 2 
2922, 1 
2923, 0 
2924, 0 
2925, 1 
2926, 3 
2927, 3 
2928, 2 
2929, 2 
2930, 1 
2931, 2 
2932, 0 
2933, 0 
2934, 1 
2935, 2 
2936, 3 
2937, 1 
2938, 0 
2939, 2 
2940, 4 
2941, 0 
2942, 0 
2943, 2 
2944, 0 
2945, 0 
2946, 1 
2947, 3 
2948, 1 
2949, 0 
2950, 0 
2951, 1 
2952, 3 
2953, 3 
2954, 3 
2955, 4 
2956, 2 
2957, 2 
2958, 2 
2959, 1 
2960, 5 
2961, 0 
2962, 1 
2963, 1 
2964, 2 
2965, 2 
2966, 0 
2967, 2 
2968, 4 
2969, 1 
2970, 4 
2971, 0 
2972, 2 
2973, 3 
2974, 3 
2975, 1 
2976, 3 
2977, 2 
2978, 0 
2979, 4 
2980, 0 
2981, 0 
2982, 1 
2983, 1 
2984, 3 
2985, 1 
2986, 1 
2987, 1 
2988, 2 
2989, 3 
2990, 1 
2991, 0 
2992, 2 
2993, 1 
2994, 2 
2995, 3 
2996, 1 
2997, 4 
2998, 3 
2999, 0 
3000, 2 
3001, 1 
3002, 1 
3003, 0 
3004, 0 
3005, 1 
3006, 1 
3007, 0 
3008, 1 
3009, 1 
3010, 2 
3011, 1 
3012, 3 
3013, 1 
3014, 0 
3015, 2 
3016, 2 
3017, 2 
3018, 2 
3019, 2 
3020, 0 
3021, 3 
3022, 0 
3023, 4 
3024, 3 
3025, 2 
3026, 0 
3027, 2 
3028, 2 
3029, 0 
3030, 2 
3031, 0 
3032, 2 
3033, 3 
3034, 1 
3035, 0 
3036, 3 
3037, 1 
3038, 1 
3039, 1 
3040, 2 
3041, 3 
3042, 2 
3043, 2 
3044, 0 
3045, 3 
3046, 2 
3047, 2 
3048, 1 
3049, 3 
3050, 3 
3051, 3 
3052, 2 
3053, 2 
3054, 1 
3055, 1 
3056, 1 
3057, 1 
3058, 1 
3059, 3 
3060, 1 
3061, 2 
3062, 1 
3063, 2 
3064, 2 
3065, 2 
3066, 4 
3067, 0 
3068, 3 
3069, 3 
3070, 1 
3071, 0 
3072, 0 
3073, 2 
3074, 0 
3075, 1 
3076, 2 
3077, 2 
3078, 3 
3079, 0 
3080, 0 
3081, 1 
3082, 0 
3083, 3 
3084, 2 
3085, 2 
3086, 1 
3087, 1 
3088, 1 
3089, 1 
3090, 0 
3091, 1 
3092, 3 
3093, 2 
3094, 1 
3095, 1 
3096, 1 
3097, 0 
3098, 2 
3099, 3 
3100, 2 
3101, 2 
3102, 0 
3103, 0 
3104, 2 
3105, 0 
3106, 0 
3107, 0 
3108, 1 
3109, 1 
3110, 0 
3111, 4 
3112, 3 
3113, 1 
3114, 1 
3115, 3 
3116, 1 
3117, 2 
3118, 0 
3119, 3 
3120, 1 
3121, 1 
3122, 0 
3123, 0 
3124, 3 
3125, 2 
3126, 4 
3127, 0 
3128, 1 
3129, 1 
3130, 0 
3131, 1 
3132, 1 
3133, 3 
3134, 2 
3135, 4 
3136, 1 
3137, 0 
3138, 1 
3139, 0 
3140, 0 
3141, 2 
3142, 1 
3143, 1 
3144, 4 
3145, 2 
3146, 1 
3147, 1 
3148, 1 
3149, 0 
3150, 0 
3151, 2 
3152, 0 
3153, 1 
3154, 1 
3155, 3 
3156, 0 
3157, 0 
3158, 0 
3159, 3 
3160, 2 
3161, 0 
3162, 1 
3163, 1 
3164, 0 
3165, 0 
3166, 5 
3167, 1 
3168, 3 
3169, 1 
3170, 1 
3171, 0 
3172, 2 
3173, 1 
3174, 1 
3175, 2 
3176, 1 
3177, 3 
3178, 1 
3179, 2 
3180, 1 
3181, 2 
3182, 4 
3183, 0 
3184, 0 
3185, 2 
3186, 3 
3187, 1 
3188, 1 
3189, 0 
3190, 2 
3191, 3 
3192, 1 
3193, 1 
3194, 0 
3195, 1 
3196, 0 
3197, 2 
3198, 2 
3199, 0 
3200, 1 
3201, 3 
3202, 3 
3203, 0 
3204, 0 
3205, 1 
3206, 1 
3207, 1 
3208, 0 
3209, 0 
3210, 2 
3211, 1 
3212, 0 
3213, 1 
3214, 3 
3215, 4 
3216, 3 
3217, 0 
3218, 0 
3219, 3 
3220, 0 
3221, 4 
3222, 1 
3223, 0 
3224, 2 
3225, 0 
3226, 2 
3227, 3 
3228, 2 
3229, 3 
3230, 1 
3231, 1 
3232, 1 
3233, 2 
3234, 1 
3235, 3 
3236, 0 
3237, 0 
3238, 1 
3239, 0 
3240, 1 
3241, 3 
3242, 2 
3243, 2 
3244, 1 
3245, 2 
3246, 1 
3247, 3 
3248, 2 
3249, 2 
3250, 0 
3251, 3 
3252, 1 
3253, 0 
3254, 2 
3255, 2 
3256, 1 
3257, 2 
3258, 2 
3259, 1 
3260, 2 
3261, 2 
3262, 2 
3263, 1 
3264, 1 
3265, 3 
3266, 0 
3267, 0 
3268, 2 
3269, 2 
3270, 0 
3271, 1 
3272, 2 
3273, 0 
3274, 1 
3275, 1 
3276, 5 
3277, 1 
3278, 2 
3279, 2 
3280, 1 
3281, 1 
3282, 0 
3283, 1 
3284, 2 
3285, 1 
3286, 0 
3287, 2 
3288, 0 
3289, 1 
3290, 0 
3291, 2 
3292, 0 
3293, 4 
3294, 3 
3295, 0 
3296, 0 
3297, 1 
3298, 0 
3299, 1 
3300, 0 
3301, 1 
3302, 4 
3303, 0 
3304, 3 
3305, 0 
3306, 1 
3307, 1 
3308, 1 
3309, 1 
3310, 1 
3311, 0 
3312, 3 
3313, 2 
3314, 0 
3315, 0 
3316, 0 
3317, 0 
3318, 1 
3319, 2 
3320, 3 
3321, 1 
3322, 0 
3323, 2 
3324, 5 
3325, 2 
3326, 0 
3327, 0 
3328, 1 
3329, 1 
3330, 1 
3331, 2 
3332, 1 
3333, 1 
3334, 1 
3335, 2 
3336, 0 
3337, 1 
3338, 2 
3339, 0 
3340, 1 
3341, 3 
3342, 2 
3343, 2 
3344, 1 
3345, 2 
3346, 0 
3347, 1 
3348, 1 
3349, 1 
3350, 0 
3351, 2 
3352, 1 
3353, 2 
3354, 1 
3355, 4 
3356, 1 
3357, 2 
3358, 0 
3359, 2 
3360, 1 
3361, 2 
3362, 0 
3363, 2 
3364, 0 
3365, 2 
3366, 2 
3367, 0 
3368, 0 
3369, 1 
3370, 0 
3371, 1 
3372, 4 
3373, 1 
3374, 1 
3375, 0 
3376, 1 
3377, 1 
3378, 1 
3379, 0 
3380, 2 
3381, 2 
3382, 2 
3383, 1 
3384, 2 
3385, 2 
3386, 3 
3387, 0 
3388, 0 
3389, 1 
3390, 3 
3391, 3 
3392, 1 
3393, 2 
3394, 1 
3395, 1 
3396, 1 
3397, 2 
3398, 2 
3399, 1 
3400, 2 
3401, 2 
3402, 1 
3403, 1 
3404, 1 
3405, 4 
3406, 2 
3407, 2 
3408, 0 
3409, 2 
3410, 2 
3411, 0 
3412, 1 
3413, 2 
3414, 2 
3415, 1 
3416, 0 
3417, 3 
3418, 2 
3419, 0 
3420, 0 
3421, 2 
3422, 3 
3423, 1 
3424, 0 
3425, 2 
3426, 1 
3427, 2 
3428, 2 
3429, 1 
3430, 1 
3431, 1 
3432, 0 
3433, 1 
3434, 0 
3435, 1 
3436, 0 
3437, 2 
3438, 1 
3439, 3 
3440, 4 
3441, 2 
3442, 0 
3443, 1 
3444, 1 
3445, 1 
3446, 1 
3447, 0 
3448, 0 
3449, 2 
3450, 0 
3451, 0 
3452, 0 
3453, 0 
3454, 0 
3455, 2 
3456, 1 
3457, 1 
3458, 2 
3459, 2 
3460, 1 
3461, 1 
3462, 1 
3463, 0 
3464, 0 
3465, 1 
3466, 0 
3467, 1 
3468, 0 
3469, 1 
3470, 2 
3471, 3 
3472, 2 
3473, 1 
3474, 2 
3475, 1 
3476, 1 
3477, 1 
3478, 4 
3479, 0 
3480, 2 
3481, 0 
3482, 2 
3483, 1 
3484, 1 
3485, 0 
3486, 1 
3487, 0 
3488, 0 
3489, 2 
3490, 3 
3491, 1 
3492, 2 
3493, 0 
3494, 2 
3495, 2 
3496, 1 
3497, 1 
3498, 0 
3499, 0 
3500, 1 
3501, 2 
3502, 4 
3503, 1 
3504, 2 
3505, 0 
3506, 0 
3507, 2 
3508, 0 
3509, 2 
3510, 3 
3511, 1 
3512, 1 
3513, 0 
3514, 1 
3515, 2 
3516, 0 
3517, 1 
3518, 2 
3519, 1 
3520, 0 
3521, 0 
3522, 3 
3523, 1 
3524, 2 
3525, 3 
3526, 2 
3527, 0 
3528, 0 
3529, 0 
3530, 2 
3531, 1 
3532, 1 
3533, 5 
3534, 0 
3535, 1 
3536, 1 
3537, 1 
3538, 2 
3539, 2 
3540, 1 
3541, 1 
3542, 0 
3543, 1 
3544, 1 
3545, 1 
3546, 0 
3547, 2 
3548, 0 
3549, 4 
3550, 0 
3551, 2 
3552, 1 
3553, 1 
3554, 1 
3555, 1 
3556, 0 
3557, 2 
3558, 0 
3559, 2 
3560, 0 
3561, 1 
3562, 0 
3563, 0 
3564, 0 
3565, 0 
3566, 0 
3567, 1 
3568, 0 
3569, 0 
3570, 0 
3571, 1 
3572, 2 
3573, 1 
3574, 2 
3575, 1 
3576, 1 
3577, 0 
3578, 2 
3579, 1 
3580, 2 
3581, 0 
3582, 0 
3583, 2 
3584, 1 
3585, 1 
3586, 3 
3587, 0 
3588, 1 
3589, 3 
3590, 2 
3591, 1 
3592, 0 
3593, 3 
3594, 0 
3595, 1 
3596, 0 
3597, 2 
3598, 0 
3599, 2 
3600, 1 
3601, 2 
3602, 1 
3603, 0 
3604, 0 
3605, 0 
3606, 1 
3607, 2 
3608, 1 
3609, 1 
3610, 0 
3611, 1 
3612, 1 
3613, 2 
3614, 1 
3615, 0 
3616, 0 
3617, 0 
3618, 2 
3619, 2 
3620, 1 
3621, 1 
3622, 1 
3623, 3 
3624, 2 
3625, 0 
3626, 0 
3627, 0 
3628, 2 
3629, 0 
3630, 0 
3631, 1 
3632, 1 
3633, 3 
3634, 2 
3635, 1 
3636, 2 
3637, 1 
3638, 1 
3639, 3 
3640, 1 
3641, 0 
3642, 2 
3643, 1 
3644, 0 
3645, 0 
3646, 0 
3647, 1 
3648, 4 
3649, 0 
3650, 3 
3651, 2 
3652, 1 
3653, 2 
3654, 0 
3655, 0 
3656, 0 
3657, 2 
3658, 2 
3659, 0 
3660, 0 
3661, 0 
3662, 0 
3663, 0 
3664, 0 
3665, 2 
3666, 0 
3667, 1 
3668, 0 
3669, 2 
3670, 1 
3671, 0 
3672, 1 
3673, 1 
3674, 2 
3675, 1 
3676, 0 
3677, 0 
3678, 0 
3679, 1 
3680, 0 
3681, 0 
3682, 1 
3683, 0 
3684, 2 
3685, 0 
3686, 0 
3687, 2 
3688, 3 
3689, 2 
3690, 2 
3691, 1 
3692, 1 
3693, 1 
3694, 1 
3695, 1 
3696, 1 
3697, 0 
3698, 1 
3699, 3 
3700, 2 
3701, 0 
3702, 0 
3703, 0 
3704, 3 
3705, 0 
3706, 0 
3707, 1 
3708, 0 
3709, 2 
3710, 0 
3711, 1 
3712, 2 
3713, 0 
3714, 0 
3715, 3 
3716, 1 
3717, 0 
3718, 3 
3719, 1 
3720, 3 
3721, 1 
3722, 0 
3723, 1 
3724, 4 
3725, 1 
3726, 0 
3727, 1 
3728, 0 
3729, 1 
3730, 1 
3731, 1 
3732, 1 
3733, 1 
3734, 1 
3735, 1 
3736, 2 
3737, 1 
3738, 0 
3739, 1 
3740, 1 
3741, 0 
3742, 0 
3743, 0 
3744, 1 
3745, 1 
3746, 2 
3747, 0 
3748, 0 
3749, 0 
3750, 0 
3751, 1 
3752, 1 
3753, 0 
3754, 1 
3755, 1 
3756, 1 
3757, 3 
3758, 0 
3759, 0 
3760, 1 
3761, 0 
3762, 0 
3763, 1 
3764, 1 
3765, 1 
3766, 0 
3767, 0 
3768, 2 
3769, 0 
3770, 4 
3771, 0 
3772, 1 
3773, 1 
3774, 4 
3775, 1 
3776, 1 
3777, 0 
3778, 1 
3779, 0 
3780, 0 
3781, 2 
3782, 0 
3783, 0 
3784, 1 
3785, 1 
3786, 2 
3787, 0 
3788, 0 
3789, 3 
3790, 0 
3791, 0 
3792, 1 
3793, 2 
3794, 3 
3795, 1 
3796, 1 
3797, 2 
3798, 0 
3799, 1 
3800, 0 
3801, 4 
3802, 1 
3803, 3 
3804, 2 
3805, 0 
3806, 0 
3807, 3 
3808, 0 
3809, 1 
3810, 0 
3811, 1 
3812, 2 
3813, 1 
3814, 1 
3815, 1 
3816, 0 
3817, 1 
3818, 1 
3819, 0 
3820, 1 
3821, 0 
3822, 1 
3823, 0 
3824, 1 
3825, 0 
3826, 0 
3827, 0 
3828, 1 
3829, 0 
3830, 0 
3831, 0 
3832, 1 
3833, 2 
3834, 1 
3835, 0 
3836, 0 
3837, 1 
3838, 0 
3839, 1 
3840, 2 
3841, 2 
3842, 0 
3843, 0 
3844, 0 
3845, 0 
3846, 1 
3847, 2 
3848, 0 
3849, 1 
3850, 1 
3851, 2 
3852, 2 
3853, 0 
3854, 0 
3855, 0 
3856, 1 
3857, 2 
3858, 0 
3859, 0 
3860, 1 
3861, 0 
3862, 2 
3863, 1 
3864, 0 
3865, 0 
3866, 0 
3867, 3 
3868, 3 
3869, 1 
3870, 1 
3871, 1 
3872, 0 
3873, 0 
3874, 0 
3875, 1 
3876, 1 
3877, 0 
3878, 1 
3879, 0 
3880, 0 
3881, 2 
3882, 0 
3883, 2 
3884, 1 
3885, 0 
3886, 0 
3887, 1 
3888, 0 
3889, 1 
3890, 0 
3891, 1 
3892, 1 
3893, 1 
3894, 0 
3895, 0 
3896, 1 
3897, 3 
3898, 0 
3899, 0 
3900, 0 
3901, 0 
3902, 1 
3903, 3 
3904, 2 
3905, 0 
3906, 0 
3907, 3 
3908, 0 
3909, 0 
3910, 1 
3911, 0 
3912, 0 
3913, 3 
3914, 0 
3915, 1 
3916, 1 
3917, 0 
3918, 0 
3919, 2 
3920, 0 
3921, 1 
3922, 1 
3923, 1 
3924, 0 
3925, 2 
3926, 1 
3927, 1 
3928, 0 
3929, 2 
3930, 1 
3931, 0 
3932, 1 
3933, 1 
3934, 1 
3935, 0 
3936, 1 
3937, 1 
3938, 1 
3939, 1 
3940, 0 
3941, 0 
3942, 1 
3943, 0 
3944, 1 
3945, 0 
3946, 0 
3947, 1 
3948, 1 
3949, 1 
3950, 0 
3951, 0 
3952, 1 
3953, 0 
3954, 0 
3955, 0 
3956, 0 
3957, 2 
3958, 0 
3959, 0 
3960, 1 
3961, 1 
3962, 0 
3963, 2 
3964, 0 
3965, 1 
3966, 1 
3967, 3 
3968, 1 
3969, 0 
3970, 1 
3971, 0 
3972, 0 
3973, 0 
3974, 1 
3975, 0 
3976, 1 
3977, 0 
3978, 0 
3979, 0 
3980, 1 
3981, 0 
3982, 0 
3983, 1 
3984, 0 
3985, 1 
3986, 2 
3987, 0 
3988, 0 
3989, 1 
3990, 1 
3991, 0 
3992, 0 
3993, 1 
3994, 2 
3995, 0 
3996, 0 
3997, 1 
3998, 0 
3999, 2 
4000, 2 
4001, 2 
4002, 0 
4003, 1 
4004, 2 
4005, 1 
4006, 1 
4007, 0 
4008, 1 
4009, 1 
4010, 0 
4011, 0 
4012, 2 
4013, 0 
4014, 0 
4015, 1 
4016, 0 
4017, 0 
4018, 0 
4019, 0 
4020, 0 
4021, 2 
4022, 1 
4023, 0 
4024, 0 
4025, 0 
4026, 0 
4027, 3 
4028, 4 
4029, 1 
4030, 2 
4031, 0 
4032, 2 
4033, 2 
4034, 1 
4035, 1 
4036, 2 
4037, 0 
4038, 1 
4039, 0 
4040, 0 
4041, 1 
4042, 2 
4043, 0 
4044, 1 
4045, 0 
4046, 0 
4047, 2 
4048, 0 
4049, 0 
4050, 1 
4051, 0 
4052, 0 
4053, 1 
4054, 1 
4055, 0 
4056, 2 
4057, 0 
4058, 0 
4059, 1 
4060, 0 
4061, 1 
4062, 0 
4063, 0 
4064, 0 
4065, 0 
4066, 2 
4067, 2 
4068, 0 
4069, 0 
4070, 1 
4071, 0 
4072, 1 
4073, 0 
4074, 0 
4075, 1 
4076, 1 
4077, 0 
4078, 1 
4079, 0 
4080, 4 
4081, 0 
4082, 2 
4083, 1 
4084, 1 
4085, 1 
4086, 3 
4087, 1 
4088, 0 
4089, 0 
4090, 1 
4091, 0 
4092, 1 
4093, 1 
4094, 0 
4095, 1 
4096, 1 
4097, 0 
4098, 0 
4099, 1 
4100, 0 
4101, 1 
4102, 2 
4103, 2 
4104, 1 
4105, 1 
4106, 1 
4107, 1 
4108, 1 
4109, 1 
4110, 0 
4111, 1 
4112, 1 
4113, 2 
4114, 0 
4115, 1 
4116, 2 
4117, 0 
4118, 1 
4119, 0 
4120, 0 
4121, 0 
4122, 0 
4123, 0 
4124, 1 
4125, 2 
4126, 3 
4127, 1 
4128, 0 
4129, 1 
4130, 1 
4131, 2 
4132, 0 
4133, 0 
4134, 1 
4135, 0 
4136, 1 
4137, 0 
4138, 0 
4139, 0 
4140, 1 
4141, 0 
4142, 1 
4143, 0 
4144, 1 
4145, 0 
4146, 0 
4147, 0 
4148, 1 
4149, 0 
4150, 1 
4151, 0 
4152, 1 
4153, 1 
4154, 0 
4155, 1 
4156, 1 
4157, 2 
4158, 0 
4159, 1 
4160, 0 
4161, 0 
4162, 0 
4163, 1 
4164, 0 
4165, 0 
4166, 0 
4167, 1 
4168, 2 
4169, 0 
4170, 1 
4171, 1 
4172, 0 
4173, 0 
4174, 1 
4175, 0 
4176, 1 
4177, 0 
4178, 2 
4179, 1 
4180, 0 
4181, 0 
4182, 1 
4183, 0 
4184, 0 
4185, 0 
4186, 2 
4187, 0 
4188, 0 
4189, 0 
4190, 0 
4191, 1 
4192, 0 
4193, 0 
4194, 2 
4195, 0 
4196, 1 
4197, 1 
4198, 0 
4199, 0 
4200, 3 
4201, 0 
4202, 1 
4203, 0 
4204, 2 
4205, 0 
4206, 1 
4207, 1 
4208, 1 
4209, 4 
4210, 1 
4211, 0 
4212, 1 
4213, 0 
4214, 0 
4215, 2 
4216, 4 
4217, 1 
4218, 0 
4219, 0 
4220, 0 
4221, 0 
4222, 1 
4223, 2 
4224, 0 
4225, 1 
4226, 1 
4227, 3 
4228, 0 
4229, 0 
4230, 1 
4231, 1 
4232, 1 
4233, 0 
4234, 0 
4235, 0 
4236, 2 
4237, 0 
4238, 1 
4239, 0 
4240, 0 
4241, 0 
4242, 1 
4243, 0 
4244, 0 
4245, 0 
4246, 1 
4247, 3 
4248, 0 
4249, 0 
4250, 0 
4251, 1 
4252, 5 
4253, 0 
4254, 0 
4255, 1 
4256, 0 
4257, 1 
4258, 0 
4259, 0 
4260, 0 
4261, 0 
4262, 0 
4263, 1 
4264, 0 
4265, 0 
4266, 0 
4267, 1 
4268, 2 
4269, 0 
4270, 0 
4271, 1 
4272, 1 
4273, 0 
4274, 1 
4275, 2 
4276, 0 
4277, 0 
4278, 0 
4279, 0 
4280, 1 
4281, 3 
4282, 0 
4283, 0 
4284, 1 
4285, 0 
4286, 4 
4287, 2 
4288, 0 
4289, 0 
4290, 1 
4291, 3 
4292, 0 
4293, 1 
4294, 1 
4295, 1 
4296, 2 
4297, 0 
4298, 1 
4299, 1 
4300, 1 
4301, 0 
4302, 2 
4303, 0 
4304, 0 
4305, 0 
4306, 0 
4307, 2 
4308, 1 
4309, 1 
4310, 2 
4311, 0 
4312, 1 
4313, 0 
4314, 0 
4315, 0 
4316, 1 
4317, 0 
4318, 0 
4319, 0 
4320, 0 
4321, 0 
4322, 1 
4323, 0 
4324, 0 
4325, 1 
4326, 1 
4327, 2 
4328, 0 
4329, 1 
4330, 1 
4331, 0 
4332, 0 
4333, 0 
4334, 1 
4335, 0 
4336, 2 
4337, 1 
4338, 0 
4339, 0 
4340, 0 
4341, 1 
4342, 1 
4343, 0 
4344, 0 
4345, 0 
4346, 3 
4347, 0 
4348, 0 
4349, 1 
4350, 1 
4351, 0 
4352, 1 
4353, 0 
4354, 0 
4355, 0 
4356, 0 
4357, 1 
4358, 0 
4359, 2 
4360, 3 
4361, 2 
4362, 1 
4363, 0 
4364, 0 
4365, 2 
4366, 2 
4367, 0 
4368, 1 
4369, 0 
4370, 0 
4371, 0 
4372, 0 
4373, 0 
4374, 0 
4375, 0 
4376, 1 
4377, 0 
4378, 0 
4379, 0 
4380, 0 
4381, 1 
4382, 0 
4383, 0 
4384, 0 
4385, 0 
4386, 0 
4387, 1 
4388, 0 
4389, 0 
4390, 1 
4391, 0 
4392, 0 
4393, 2 
4394, 1 
4395, 1 
4396, 1 
4397, 0 
4398, 4 
4399, 1 
4400, 1 
4401, 1 
4402, 1 
4403, 1 
4404, 3 
4405, 2 
4406, 2 
4407, 1 
4408, 1 
4409, 0 
4410, 0 
4411, 0 
4412, 1 
4413, 1 
4414, 1 
4415, 0 
4416, 0 
4417, 0 
4418, 0 
4419, 0 
4420, 1 
4421, 1 
4422, 2 
4423, 0 
4424, 1 
4425, 0 
4426, 0 
4427, 2 
4428, 2 
4429, 1 
4430, 0 
4431, 1 
4432, 1 
4433, 0 
4434, 0 
4435, 1 
4436, 2 
4437, 2 
4438, 0 
4439, 1 
4440, 0 
4441, 0 
4442, 1 
4443, 1 
4444, 1 
4445, 0 
4446, 1 
4447, 0 
4448, 0 
4449, 0 
4450, 0 
4451, 0 
4452, 1 
4453, 0 
4454, 2 
4455, 0 
4456, 0 
4457, 1 
4458, 0 
4459, 2 
4460, 2 
4461, 0 
4462, 0 
4463, 0 
4464, 0 
4465, 1 
4466, 1 
4467, 0 
4468, 0 
4469, 0 
4470, 2 
4471, 1 
4472, 1 
4473, 0 
4474, 1 
4475, 1 
4476, 2 
4477, 1 
4478, 4 
4479, 0 
4480, 0 
4481, 0 
4482, 1 
4483, 0 
4484, 1 
4485, 0 
4486, 2 
4487, 1 
4488, 1 
4489, 1 
4490, 0 
4491, 0 
4492, 1 
4493, 0 
4494, 2 
4495, 2 
4496, 1 
4497, 0 
4498, 0 
4499, 0 
4500, 0 
4501, 2 
4502, 0 
4503, 1 
4504, 0 
4505, 0 
4506, 1 
4507, 1 
4508, 0 
4509, 0 
4510, 1 
4511, 0 
4512, 0 
4513, 1 
4514, 0 
4515, 1 
4516, 0 
4517, 4 
4518, 0 
4519, 0 
4520, 1 
4521, 0 
4522, 0 
4523, 1 
4524, 4 
4525, 1 
4526, 2 
4527, 0 
4528, 1 
4529, 0 
4530, 1 
4531, 0 
4532, 0 
4533, 0 
4534, 1 
4535, 2 
4536, 1 
4537, 0 
4538, 0 
4539, 2 
4540, 1 
4541, 0 
4542, 1 
4543, 0 
4544, 1 
4545, 0 
4546, 1 
4547, 1 
4548, 0 
4549, 2 
4550, 0 
4551, 0 
4552, 0 
4553, 0 
4554, 2 
4555, 0 
4556, 1 
4557, 0 
4558, 1 
4559, 0 
4560, 1 
4561, 0 
4562, 0 
4563, 0 
4564, 1 
4565, 1 
4566, 0 
4567, 0 
4568, 0 
4569, 0 
4570, 1 
4571, 0 
4572, 3 
4573, 0 
4574, 1 
4575, 0 
4576, 0 
4577, 0 
4578, 1 
4579, 2 
4580, 0 
4581, 1 
4582, 1 
4583, 0 
4584, 1 
4585, 0 
4586, 2 
4587, 0 
4588, 2 
4589, 1 
4590, 0 
4591, 0 
4592, 3 
4593, 0 
4594, 1 
4595, 1 
4596, 0 
4597, 0 
4598, 0 
4599, 0 
4600, 2 
4601, 1 
4602, 1 
4603, 1 
4604, 1 
4605, 1 
4606, 0 
4607, 0 
4608, 0 
4609, 1 
4610, 1 
4611, 0 
4612, 0 
4613, 3 
4614, 1 
4615, 0 
4616, 2 
4617, 0 
4618, 1 
4619, 0 
4620, 1 
4621, 0 
4622, 0 
4623, 0 
4624, 0 
4625, 0 
4626, 0 
4627, 0 
4628, 0 
4629, 0 
4630, 0 
4631, 0 
4632, 0 
4633, 0 
4634, 0 
4635, 0 
4636, 0 
4637, 1 
4638, 3 
4639, 1 
4640, 0 
4641, 1 
4642, 0 
4643, 0 
4644, 0 
4645, 0 
4646, 0 
4647, 0 
4648, 2 
4649, 0 
4650, 0 
4651, 1 
4652, 4 
4653, 0 
4654, 1 
4655, 1 
4656, 0 
4657, 1 
4658, 0 
4659, 0 
4660, 0 
4661, 0 
4662, 0 
4663, 0 
4664, 0 
4665, 1 
4666, 0 
4667, 0 
4668, 0 
4669, 0 
4670, 0 
4671, 0 
4672, 0 
4673, 0 
4674, 0 
4675, 1 
4676, 0 
4677, 0 
4678, 0 
4679, 0 
4680, 0 
4681, 0 
4682, 3 
4683, 1 
4684, 1 
4685, 1 
4686, 0 
4687, 0 
4688, 0 
4689, 0 
4690, 0 
4691, 0 
4692, 0 
4693, 0 
4694, 0 
4695, 0 
4696, 2 
4697, 0 
4698, 1 
4699, 1 
4700, 0 
4701, 0 
4702, 1 
4703, 0 
4704, 0 
4705, 0 
4706, 1 
4707, 0 
4708, 0 
4709, 0 
4710, 1 
4711, 1 
4712, 0 
4713, 1 
4714, 3 
4715, 1 
4716, 0 
4717, 0 
4718, 0 
4719, 2 
4720, 0 
4721, 0 
4722, 1 
4723, 0 
4724, 0 
4725, 2 
4726, 0 
4727, 0 
4728, 1 
4729, 1 
4730, 0 
4731, 2 
4732, 0 
4733, 0 
4734, 0 
4735, 0 
4736, 0 
4737, 0 
4738, 0 
4739, 2 
4740, 1 
4741, 0 
4742, 0 
4743, 0 
4744, 0 
4745, 0 
4746, 0 
4747, 1 
4748, 1 
4749, 0 
4750, 1 
4751, 0 
4752, 1 
4753, 0 
4754, 1 
4755, 1 
4756, 2 
4757, 1 
4758, 0 
4759, 1 
4760, 0 
4761, 0 
4762, 1 
4763, 0 
4764, 1 
4765, 0 
4766, 0 
4767, 1 
4768, 1 
4769, 0 
4770, 0 
4771, 0 
4772, 2 
4773, 0 
4774, 0 
4775, 0 
4776, 0 
4777, 1 
4778, 0 
4779, 1 
4780, 1 
4781, 1 
4782, 1 
4783, 0 
4784, 0 
4785, 2 
4786, 0 
4787, 0 
4788, 1 
4789, 0 
4790, 0 
4791, 0 
4792, 0 
4793, 1 
4794, 0 
4795, 0 
4796, 1 
4797, 1 
4798, 0 
4799, 0 
4800, 0 
4801, 0 
4802, 1 
4803, 0 
4804, 0 
4805, 1 
4806, 0 
4807, 1 
4808, 1 
4809, 1 
4810, 1 
4811, 0 
4812, 1 
4813, 1 
4814, 0 
4815, 0 
4816, 0 
4817, 3 
4818, 1 
4819, 0 
4820, 0 
4821, 2 
4822, 1 
4823, 0 
4824, 0 
4825, 1 
4826, 0 
4827, 1 
4828, 0 
4829, 1 
4830, 2 
4831, 3 
4832, 0 
4833, 0 
4834, 1 
4835, 0 
4836, 1 
4837, 1 
4838, 1 
4839, 1 
4840, 1 
4841, 0 
4842, 1 
4843, 0 
4844, 1 
4845, 1 
4846, 0 
4847, 1 
4848, 3 
4849, 0 
4850, 0 
4851, 0 
4852, 1 
4853, 1 
4854, 0 
4855, 0 
4856, 0 
4857, 0 
4858, 1 
4859, 1 
4860, 2 
4861, 1 
4862, 2 
4863, 1 
4864, 0 
4865, 0 
4866, 1 
4867, 1 
4868, 0 
4869, 0 
4870, 0 
4871, 2 
4872, 1 
4873, 1 
4874, 1 
4875, 1 
4876, 0 
4877, 1 
4878, 0 
4879, 1 
4880, 0 
4881, 0 
4882, 0 
4883, 0 
4884, 1 
4885, 0 
4886, 0 
4887, 1 
4888, 2 
4889, 0 
4890, 0 
4891, 1 
4892, 2 
4893, 0 
4894, 0 
4895, 0 
4896, 0 
4897, 0 
4898, 0 
4899, 2 
4900, 0 
4901, 0 
4902, 1 
4903, 0 
4904, 0 
4905, 1 
4906, 1 
4907, 0 
4908, 1 
4909, 0 
4910, 1 
4911, 1 
4912, 1 
4913, 1 
4914, 3 
4915, 1 
4916, 1 
4917, 0 
4918, 0 
4919, 1 
4920, 0 
4921, 0 
4922, 1 
4923, 0 
4924, 1 
4925, 1 
4926, 0 
4927, 1 
4928, 0 
4929, 0 
4930, 0 
4931, 0 
4932, 1 
4933, 1 
4934, 0 
4935, 1 
4936, 0 
4937, 0 
4938, 0 
4939, 0 
4940, 1 
4941, 1 
4942, 2 
4943, 0 
4944, 1 
4945, 1 
4946, 1 
4947, 0 
4948, 0 
4949, 0 
4950, 0 
4951, 0 
4952, 0 
4953, 1 
4954, 0 
4955, 0 
4956, 0 
4957, 2 
4958, 0 
4959, 0 
4960, 1 
4961, 1 
4962, 1 
4963, 0 
4964, 0 
4965, 0 
4966, 0 
4967, 1 
4968, 1 
4969, 0 
4970, 1 
4971, 1 
4972, 0 
4973, 0 
4974, 0 
4975, 3 
4976, 1 
4977, 0 
4978, 0 
4979, 0 
4980, 1 
4981, 0 
4982, 1 
4983, 0 
4984, 0 
4985, 1 
4986, 1 
4987, 1 
4988, 1 
4989, 2 
4990, 2 
4991, 0 
4992, 1 
4993, 1 
4994, 0 
4995, 0 
4996, 1 
4997, 0 
4998, 0 
4999, 0 
5000, 0 
5001, 1 
5002, 0 
5003, 0 
5004, 1 
5005, 0 
5006, 0 
5007, 1 
5008, 0 
5009, 0 
5010, 0 
5011, 0 
5012, 0 
5013, 0 
5014, 0 
5015, 0 
5016, 0 
5017, 0 
5018, 0 
5019, 1 
5020, 0 
5021, 0 
5022, 0 
5023, 0 
5024, 0 
5025, 0 
5026, 1 
5027, 0 
5028, 1 
5029, 1 
5030, 1 
5031, 2 
5032, 0 
5033, 1 
5034, 0 
5035, 0 
5036, 1 
5037, 0 
5038, 0 
5039, 0 
5040, 0 
5041, 0 
5042, 0 
5043, 1 
5044, 1 
5045, 0 
5046, 0 
5047, 1 
5048, 0 
5049, 0 
5050, 1 
5051, 0 
5052, 1 
5053, 2 
5054, 2 
5055, 0 
5056, 0 
5057, 0 
5058, 0 
5059, 2 
5060, 0 
5061, 1 
5062, 0 
5063, 0 
5064, 0 
5065, 0 
5066, 0 
5067, 0 
5068, 0 
5069, 0 
5070, 1 
5071, 1 
5072, 2 
5073, 0 
5074, 0 
5075, 0 
5076, 0 
5077, 0 
5078, 1 
5079, 1 
5080, 0 
5081, 0 
5082, 0 
5083, 0 
5084, 1 
5085, 1 
5086, 0 
5087, 1 
5088, 0 
5089, 1 
5090, 2 
5091, 1 
5092, 1 
5093, 1 
5094, 0 
5095, 1 
5096, 0 
5097, 1 
5098, 1 
5099, 0 
5100, 0 
5101, 0 
5102, 0 
5103, 0 
5104, 1 
5105, 0 
5106, 1 
5107, 0 
5108, 0 
5109, 1 
5110, 1 
5111, 0 
5112, 0 
5113, 0 
5114, 0 
5115, 2 
5116, 0 
5117, 0 
5118, 0 
5119, 0 
5120, 1 
5121, 0 
5122, 0 
5123, 1 
5124, 0 
5125, 0 
5126, 0 
5127, 1 
5128, 0 
5129, 0 
5130, 0 
5131, 1 
5132, 1 
5133, 1 
5134, 0 
5135, 0 
5136, 0 
5137, 0 
5138, 0 
5139, 1 
5140, 0 
5141, 1 
5142, 3 
5143, 1 
5144, 0 
5145, 2 
5146, 0 
5147, 2 
5148, 0 
5149, 0 
5150, 3 
5151, 0 
5152, 0 
5153, 0 
5154, 1 
5155, 0 
5156, 0 
5157, 0 
5158, 0 
5159, 2 
5160, 0 
5161, 1 
5162, 0 
5163, 1 
5164, 0 
5165, 1 
5166, 2 
5167, 0 
5168, 0 
5169, 0 
5170, 1 
5171, 1 
5172, 1 
5173, 0 
5174, 0 
5175, 0 
5176, 0 
5177, 0 
5178, 1 
5179, 2 
5180, 1 
5181, 0 
5182, 0 
5183, 1 
5184, 0 
5185, 0 
5186, 0 
5187, 1 
5188, 0 
5189, 0 
5190, 0 
5191, 0 
5192, 1 
5193, 0 
5194, 0 
5195, 3 
5196, 0 
5197, 0 
5198, 1 
5199, 0 
5200, 0 
5201, 2 
5202, 1 
5203, 0 
5204, 0 
5205, 0 
5206, 0 
5207, 0 
5208, 1 
5209, 2 
5210, 1 
5211, 2 
5212, 0 
5213, 0 
5214, 0 
5215, 3 
5216, 0 
5217, 0 
5218, 2 
5219, 0 
5220, 0 
5221, 1 
5222, 0 
5223, 0 
5224, 0 
5225, 0 
5226, 0 
5227, 0 
5228, 1 
5229, 0 
5230, 1 
5231, 0 
5232, 0 
5233, 0 
5234, 0 
5235, 1 
5236, 1 
5237, 0 
5238, 1 
5239, 0 
5240, 0 
5241, 1 
5242, 0 
5243, 1 
5244, 1 
5245, 0 
5246, 1 
5247, 0 
5248, 0 
5249, 1 
5250, 0 
5251, 0 
5252, 0 
5253, 0 
5254, 1 
5255, 0 
5256, 0 
5257, 2 
5258, 0 
5259, 0 
5260, 0 
5261, 0 
5262, 1 
5263, 0 
5264, 0 
5265, 0 
5266, 0 
5267, 1 
5268, 0 
5269, 0 
5270, 0 
5271, 0 
5272, 0 
5273, 2 
5274, 0 
5275, 0 
5276, 0 
5277, 0 
5278, 0 
5279, 0 
5280, 0 
5281, 1 
5282, 0 
5283, 0 
5284, 1 
5285, 1 
5286, 0 
5287, 0 
5288, 2 
5289, 1 
5290, 1 
5291, 0 
5292, 0 
5293, 0 
5294, 2 
5295, 0 
5296, 0 
5297, 0 
5298, 0 
5299, 0 
5300, 0 
5301, 0 
5302, 0 
5303, 2 
5304, 0 
5305, 0 
5306, 0 
5307, 1 
5308, 0 
5309, 0 
5310, 1 
5311, 1 
5312, 1 
5313, 1 
5314, 0 
5315, 1 
5316, 0 
5317, 0 
5318, 0 
5319, 0 
5320, 0 
5321, 2 
5322, 0 
5323, 0 
5324, 0 
5325, 1 
5326, 0 
5327, 0 
5328, 0 
5329, 0 
5330, 3 
5331, 0 
5332, 0 
5333, 0 
5334, 0 
5335, 1 
5336, 1 
5337, 0 
5338, 0 
5339, 0 
5340, 0 
5341, 0 
5342, 0 
5343, 1 
5344, 0 
5345, 0 
5346, 0 
5347, 1 
5348, 1 
5349, 2 
5350, 1 
5351, 0 
5352, 0 
5353, 0 
5354, 1 
5355, 0 
5356, 0 
5357, 0 
5358, 0 
5359, 0 
5360, 0 
5361, 0 
5362, 0 
5363, 0 
5364, 2 
5365, 1 
5366, 0 
5367, 0 
5368, 0 
5369, 0 
5370, 1 
5371, 0 
5372, 3 
5373, 1 
5374, 0 
5375, 1 
5376, 0 
5377, 2 
5378, 0 
5379, 2 
5380, 2 
5381, 0 
5382, 0 
5383, 0 
5384, 1 
5385, 0 
5386, 0 
5387, 1 
5388, 0 
5389, 0 
5390, 0 
5391, 1 
5392, 1 
5393, 1 
5394, 0 
5395, 1 
5396, 1 
5397, 0 
5398, 0 
5399, 0 
5400, 0 
5401, 0 
5402, 0 
5403, 0 
5404, 2 
5405, 2 
5406, 0 
5407, 0 
5408, 0 
5409, 0 
5410, 1 
5411, 0 
5412, 1 
5413, 0 
5414, 0 
5415, 1 
5416, 0 
5417, 0 
5418, 0 
5419, 0 
5420, 0 
5421, 1 
5422, 0 
5423, 1 
5424, 0 
5425, 0 
5426, 1 
5427, 1 
5428, 0 
5429, 0 
5430, 0 
5431, 0 
5432, 0 
5433, 0 
5434, 0 
5435, 0 
5436, 0 
5437, 0 
5438, 0 
5439, 1 
5440, 0 
5441, 0 
5442, 0 
5443, 1 
5444, 0 
5445, 0 
5446, 2 
5447, 0 
5448, 0 
5449, 1 
5450, 0 
5451, 2 
5452, 0 
5453, 1 
5454, 0 
5455, 0 
5456, 0 
5457, 0 
5458, 0 
5459, 0 
5460, 0 
5461, 2 
5462, 0 
5463, 0 
5464, 0 
5465, 1 
5466, 0 
5467, 0 
5468, 0 
5469, 0 
5470, 0 
5471, 0 
5472, 1 
5473, 0 
5474, 0 
5475, 1 
5476, 1 
5477, 0 
5478, 1 
5479, 1 
5480, 0 
5481, 0 
5482, 0 
5483, 0 
5484, 1 
5485, 0 
5486, 1 
5487, 0 
5488, 1 
5489, 2 
5490, 0 
5491, 0 
5492, 0 
5493, 0 
5494, 1 
5495, 0 
5496, 0 
5497, 0 
5498, 0 
5499, 1 
5500, 1 
5501, 0 
5502, 2 
5503, 0 
5504, 2 
5505, 0 
5506, 0 
5507, 0 
5508, 0 
5509, 1 
5510, 0 
5511, 0 
5512, 4 
5513, 0 
5514, 0 
5515, 0 
5516, 1 
5517, 0 
5518, 1 
5519, 0 
5520, 1 
5521, 0 
5522, 2 
5523, 0 
5524, 0 
5525, 1 
5526, 2 
5527, 0 
5528, 0 
5529, 0 
5530, 0 
5531, 1 
5532, 0 
5533, 2 
5534, 0 
5535, 0 
5536, 0 
5537, 0 
5538, 1 
5539, 0 
5540, 0 
5541, 0 
5542, 0 
5543, 1 
5544, 0 
5545, 0 
5546, 1 
5547, 0 
5548, 0 
5549, 0 
5550, 0 
5551, 0 
5552, 0 
5553, 0 
5554, 0 
5555, 0 
5556, 1 
5557, 0 
5558, 0 
5559, 3 
5560, 0 
5561, 0 
5562, 0 
5563, 0 
5564, 0 
5565, 0 
5566, 0 
5567, 1 
5568, 0 
5569, 0 
5570, 0 
5571, 0 
5572, 0 
5573, 0 
5574, 0 
5575, 0 
5576, 1 
5577, 0 
5578, 1 
5579, 0 
5580, 0 
5581, 0 
5582, 0 
5583, 1 
5584, 0 
5585, 0 
5586, 0 
5587, 0 
5588, 0 
5589, 2 
5590, 0 
5591, 1 
5592, 0 
5593, 0 
5594, 1 
5595, 1 
5596, 0 
5597, 0 
5598, 0 
5599, 0 
5600, 0 
5601, 0 
5602, 0 
5603, 0 
5604, 1 
5605, 0 
5606, 0 
5607, 0 
5608, 0 
5609, 0 
5610, 1 
5611, 0 
5612, 1 
5613, 0 
5614, 1 
5615, 0 
5616, 0 
5617, 1 
5618, 1 
5619, 0 
5620, 0 
5621, 0 
5622, 0 
5623, 0 
5624, 1 
5625, 0 
5626, 1 
5627, 0 
5628, 1 
5629, 1 
5630, 1 
5631, 0 
5632, 0 
5633, 0 
5634, 0 
5635, 1 
5636, 1 
5637, 0 
5638, 0 
5639, 0 
5640, 0 
5641, 1 
5642, 0 
5643, 0 
5644, 0 
5645, 0 
5646, 1 
5647, 0 
5648, 0 
5649, 0 
5650, 0 
5651, 1 
5652, 0 
5653, 0 
5654, 1 
5655, 0 
5656, 0 
5657, 1 
5658, 1 
5659, 0 
5660, 1 
5661, 0 
5662, 1 
5663, 0 
5664, 0 
5665, 0 
5666, 0 
5667, 0 
5668, 1 
5669, 0 
5670, 0 
5671, 0 
5672, 0 
5673, 1 
5674, 1 
5675, 1 
5676, 0 
5677, 0 
5678, 1 
5679, 0 
5680, 1 
5681, 1 
5682, 0 
5683, 0 
5684, 0 
5685, 0 
5686, 0 
5687, 0 
5688, 0 
5689, 0 
5690, 0 
5691, 4 
5692, 0 
5693, 2 
5694, 0 
5695, 0 
5696, 0 
5697, 0 
5698, 0 
5699, 1 
5700, 0 
5701, 0 
5702, 0 
5703, 0 
5704, 0 
5705, 0 
5706, 0 
5707, 0 
5708, 0 
5709, 1 
5710, 1 
5711, 0 
5712, 0 
5713, 1 
5714, 0 
5715, 0 
5716, 0 
5717, 0 
5718, 1 
5719, 0 
5720, 0 
5721, 0 
5722, 0 
5723, 0 
5724, 1 
5725, 1 
5726, 0 
5727, 0 
5728, 0 
5729, 0 
5730, 0 
5731, 0 
5732, 0 
5733, 0 
5734, 1 
5735, 0 
5736, 3 
5737, 1 
5738, 0 
5739, 0 
5740, 2 
5741, 0 
5742, 2 
5743, 0 
5744, 0 
5745, 0 
5746, 0 
5747, 0 
5748, 0 
5749, 1 
5750, 2 
5751, 0 
5752, 1 
5753, 0 
5754, 0 
5755, 0 
5756, 0 
5757, 0 
5758, 1 
5759, 0 
5760, 0 
5761, 0 
5762, 0 
5763, 0 
5764, 2 
5765, 0 
5766, 1 
5767, 0 
5768, 2 
5769, 0 
5770, 1 
5771, 1 
5772, 0 
5773, 1 
5774, 0 
5775, 0 
5776, 0 
5777, 1 
5778, 1 
5779, 1 
5780, 0 
5781, 1 
5782, 0 
5783, 0 
5784, 1 
5785, 0 
5786, 0 
5787, 0 
5788, 1 
5789, 0 
5790, 0 
5791, 1 
5792, 0 
5793, 0 
5794, 0 
5795, 0 
5796, 0 
5797, 1 
5798, 0 
5799, 0 
5800, 0 
5801, 0 
5802, 1 
5803, 0 
5804, 0 
5805, 1 
5806, 0 
5807, 0 
5808, 0 
5809, 0 
5810, 0 
5811, 2 
5812, 0 
5813, 0 
5814, 0 
5815, 0 
5816, 1 
5817, 1 
5818, 1 
5819, 0 
5820, 2 
5821, 0 
5822, 0 
5823, 2 
5824, 0 
5825, 0 
5826, 0 
5827, 0 
5828, 1 
5829, 0 
5830, 1 
5831, 0 
5832, 0 
5833, 2 
5834, 0 
5835, 0 
5836, 0 
5837, 1 
5838, 0 
5839, 0 
5840, 0 
5841, 0 
5842, 0 
5843, 0 
5844, 2 
5845, 0 
5846, 1 
5847, 0 
5848, 1 
5849, 0 
5850, 0 
5851, 0 
5852, 0 
5853, 1 
5854, 0 
5855, 1 
5856, 0 
5857, 0 
5858, 1 
5859, 0 
5860, 0 
5861, 0 
5862, 0 
5863, 1 
5864, 0 
5865, 0 
5866, 0 
5867, 0 
5868, 0 
5869, 0 
5870, 0 
5871, 0 
5872, 0 
5873, 0 
5874, 0 
5875, 0 
5876, 0 
5877, 1 
5878, 0 
5879, 0 
5880, 0 
5881, 1 
5882, 1 
5883, 1 
5884, 1 
5885, 0 
5886, 0 
5887, 0 
5888, 0 
5889, 0 
5890, 1 
5891, 0 
5892, 0 
5893, 0 
5894, 0 
5895, 0 
5896, 0 
5897, 0 
5898, 0 
5899, 0 
5900, 0 
5901, 2 
5902, 1 
5903, 0 
5904, 1 
5905, 0 
5906, 0 
5907, 1 
5908, 0 
5909, 0 
5910, 0 
5911, 0 
5912, 2 
5913, 1 
5914, 0 
5915, 0 
5916, 1 
5917, 0 
5918, 0 
5919, 0 
5920, 0 
5921, 0 
5922, 0 
5923, 3 
5924, 0 
5925, 2 
5926, 1 
5927, 0 
5928, 0 
5929, 0 
5930, 0 
5931, 0 
5932, 1 
5933, 0 
5934, 1 
5935, 0 
5936, 0 
5937, 1 
5938, 0 
5939, 0 
5940, 1 
5941, 0 
5942, 0 
5943, 0 
5944, 0 
5945, 0 
5946, 0 
5947, 0 
5948, 0 
5949, 0 
5950, 0 
5951, 1 
5952, 0 
5953, 2 
5954, 0 
5955, 0 
5956, 0 
5957, 0 
5958, 0 
5959, 0 
5960, 2 
5961, 1 
5962, 2 
5963, 0 
5964, 1 
5965, 1 
5966, 0 
5967, 0 
5968, 0 
5969, 0 
5970, 0 
5971, 0 
5972, 0 
5973, 0 
5974, 0 
5975, 0 
5976, 0 
5977, 0 
5978, 0 
5979, 0 
5980, 2 
5981, 0 
5982, 2 
5983, 0 
5984, 0 
5985, 0 
5986, 0 
5987, 1 
5988, 1 
5989, 0 
5990, 0 
5991, 0 
5992, 1 
5993, 0 
5994, 1 
5995, 0 
5996, 0 
5997, 1 
5998, 0 
5999, 0 
6000, 0 
6001, 1 
6002, 1 
6003, 2 
6004, 1 
6005, 1 
6006, 1 
6007, 1 
6008, 0 
6009, 1 
6010, 0 
6011, 1 
6012, 0 
6013, 0 
6014, 0 
6015, 0 
6016, 1 
6017, 0 
6018, 1 
6019, 0 
6020, 0 
6021, 1 
6022, 0 
6023, 1 
6024, 0 
6025, 1 
6026, 2 
6027, 0 
6028, 0 
6029, 0 
6030, 0 
6031, 0 
6032, 0 
6033, 0 
6034, 0 
6035, 0 
6036, 1 
6037, 0 
6038, 0 
6039, 1 
6040, 1 
6041, 0 
6042, 1 
6043, 0 
6044, 0 
6045, 1 
6046, 0 
6047, 0 
6048, 0 
6049, 2 
6050, 0 
6051, 0 
6052, 0 
6053, 1 
6054, 0 
6055, 0 
6056, 1 
6057, 1 
6058, 1 
6059, 0 
6060, 3 
6061, 1 
6062, 0 
6063, 0 
6064, 0 
6065, 1 
6066, 0 
6067, 0 
6068, 1 
6069, 0 
6070, 1 
6071, 1 
6072, 0 
6073, 0 
6074, 1 
6075, 0 
6076, 0 
6077, 0 
6078, 0 
6079, 0 
6080, 1 
6081, 0 
6082, 0 
6083, 0 
6084, 0 
6085, 0 
6086, 0 
6087, 0 
6088, 0 
6089, 0 
6090, 2 
6091, 1 
6092, 0 
6093, 1 
6094, 0 
6095, 0 
6096, 1 
6097, 1 
6098, 0 
6099, 0 
6100, 0 
6101, 0 
6102, 0 
6103, 0 
6104, 0 
6105, 1 
6106, 0 
6107, 1 
6108, 0 
6109, 0 
6110, 0 
6111, 0 
6112, 0 
6113, 0 
6114, 0 
6115, 2 
6116, 0 
6117, 0 
6118, 1 
6119, 0 
6120, 0 
6121, 0 
6122, 0 
6123, 0 
6124, 0 
6125, 0 
6126, 0 
6127, 1 
6128, 0 
6129, 2 
6130, 2 
6131, 0 
6132, 1 
6133, 0 
6134, 0 
6135, 0 
6136, 0 
6137, 0 
6138, 1 
6139, 0 
6140, 0 
6141, 1 
6142, 0 
6143, 0 
6144, 0 
6145, 0 
6146, 1 
6147, 0 
6148, 0 
6149, 0 
6150, 1 
6151, 0 
6152, 0 
6153, 0 
6154, 0 
6155, 0 
6156, 0 
6157, 1 
6158, 0 
6159, 0 
6160, 1 
6161, 0 
6162, 0 
6163, 0 
6164, 0 
6165, 0 
6166, 0 
6167, 0 
6168, 1 
6169, 0 
6170, 0 
6171, 0 
6172, 0 
6173, 1 
6174, 0 
6175, 0 
6176, 0 
6177, 1 
6178, 0 
6179, 0 
6180, 0 
6181, 0 
6182, 0 
6183, 0 
6184, 0 
6185, 0 
6186, 0 
6187, 0 
6188, 0 
6189, 0 
6190, 0 
6191, 0 
6192, 0 
6193, 1 
6194, 1 
6195, 0 
6196, 0 
6197, 0 
6198, 0 
6199, 1 
6200, 0 
6201, 0 
6202, 0 
6203, 0 
6204, 1 
6205, 0 
6206, 0 
6207, 0 
6208, 1 
6209, 0 
6210, 0 
6211, 0 
6212, 0 
6213, 0 
6214, 1 
6215, 0 
6216, 0 
6217, 0 
6218, 0 
6219, 0 
6220, 1 
6221, 0 
6222, 0 
6223, 0 
6224, 1 
6225, 0 
6226, 0 
6227, 1 
6228, 0 
6229, 1 
6230, 1 
6231, 0 
6232, 0 
6233, 0 
6234, 1 
6235, 0 
6236, 0 
6237, 0 
6238, 0 
6239, 0 
6240, 0 
6241, 0 
6242, 0 
6243, 0 
6244, 0 
6245, 0 
6246, 0 
6247, 0 
6248, 0 
6249, 1 
6250, 1 
6251, 0 
6252, 0 
6253, 0 
6254, 0 
6255, 1 
6256, 0 
6257, 0 
6258, 0 
6259, 1 
6260, 0 
6261, 0 
6262, 0 
6263, 0 
6264, 0 
6265, 0 
6266, 0 
6267, 0 
6268, 0 
6269, 0 
6270, 1 
6271, 0 
6272, 0 
6273, 0 
6274, 0 
6275, 0 
6276, 1 
6277, 0 
6278, 0 
6279, 0 
6280, 0 
6281, 0 
6282, 0 
6283, 0 
6284, 0 
6285, 0 
6286, 0 
6287, 0 
6288, 0 
6289, 0 
6290, 0 
6291, 0 
6292, 0 
6293, 0 
6294, 0 
6295, 0 
6296, 0 
6297, 0 
6298, 0 
6299, 0 
6300, 0 
6301, 0 
6302, 0 
6303, 1 
6304, 0 
6305, 1 
6306, 0 
6307, 1 
6308, 0 
6309, 0 
6310, 0 
6311, 0 
6312, 0 
6313, 0 
6314, 1 
6315, 1 
6316, 1 
6317, 1 
6318, 0 
6319, 0 
6320, 0 
6321, 1 
6322, 0 
6323, 1 
6324, 0 
6325, 1 
6326, 1 
6327, 0 
6328, 0 
6329, 0 
6330, 0 
6331, 0 
6332, 0 
6333, 0 
6334, 0 
6335, 0 
6336, 0 
6337, 0 
6338, 0 
6339, 0 
6340, 1 
6341, 0 
6342, 1 
6343, 0 
6344, 0 
6345, 1 
6346, 0 
6347, 0 
6348, 0 
6349, 1 
6350, 0 
6351, 0 
6352, 0 
6353, 0 
6354, 0 
6355, 0 
6356, 0 
6357, 0 
6358, 0 
6359, 0 
6360, 1 
6361, 1 
6362, 0 
6363, 0 
6364, 0 
6365, 1 
6366, 0 
6367, 0 
6368, 0 
6369, 0 
6370, 0 
6371, 0 
6372, 0 
6373, 0 
6374, 0 
6375, 1 
6376, 0 
6377, 1 
6378, 1 
6379, 0 
6380, 0 
6381, 0 
6382, 0 
6383, 1 
6384, 0 
6385, 0 
6386, 0 
6387, 0 
6388, 0 
6389, 0 
6390, 0 
6391, 0 
6392, 0 
6393, 0 
6394, 0 
6395, 0 
6396, 0 
6397, 0 
6398, 2 
6399, 3 
6400, 1 
6401, 0 
6402, 0 
6403, 0 
6404, 0 
6405, 0 
6406, 0 
6407, 0 
6408, 0 
6409, 0 
6410, 0 
6411, 0 
6412, 0 
6413, 0 
6414, 0 
6415, 0 
6416, 1 
6417, 0 
6418, 0 
6419, 1 
6420, 1 
6421, 0 
6422, 0 
6423, 0 
6424, 0 
6425, 0 
6426, 0 
6427, 0 
6428, 0 
6429, 0 
6430, 0 
6431, 1 
6432, 0 
6433, 0 
6434, 0 
6435, 0 
6436, 0 
6437, 0 
6438, 0 
6439, 2 
6440, 0 
6441, 0 
6442, 1 
6443, 0 
6444, 0 
6445, 0 
6446, 0 
6447, 0 
6448, 0 
6449, 0 
6450, 1 
6451, 0 
6452, 1 
6453, 0 
6454, 0 
6455, 0 
6456, 0 
6457, 0 
6458, 0 
6459, 0 
6460, 2 
6461, 1 
6462, 0 
6463, 0 
6464, 1 
6465, 0 
6466, 0 
6467, 0 
6468, 0 
6469, 0 
6470, 0 
6471, 1 
6472, 0 
6473, 0 
6474, 0 
6475, 0 
6476, 0 
6477, 0 
6478, 1 
6479, 0 
6480, 0 
6481, 0 
6482, 0 
6483, 0 
6484, 0 
6485, 0 
6486, 1 
6487, 0 
6488, 0 
6489, 0 
6490, 0 
6491, 1 
6492, 0 
6493, 0 
6494, 1 
6495, 0 
6496, 0 
6497, 0 
6498, 1 
6499, 0 
6500, 0 
6501, 0 
6502, 0 
6503, 1 
6504, 0 
6505, 0 
6506, 0 
6507, 0 
6508, 0 
6509, 0 
6510, 1 
6511, 0 
6512, 0 
6513, 0 
6514, 0 
6515, 1 
6516, 0 
6517, 1 
6518, 1 
6519, 0 
6520, 0 
6521, 0 
6522, 2 
6523, 0 
6524, 0 
6525, 0 
6526, 0 
6527, 0 
6528, 0 
6529, 0 
6530, 0 
6531, 1 
6532, 0 
6533, 0 
6534, 0 
6535, 1 
6536, 0 
6537, 0 
6538, 0 
6539, 0 
6540, 0 
6541, 0 
6542, 0 
6543, 0 
6544, 1 
6545, 2 
6546, 0 
6547, 0 
6548, 0 
6549, 0 
6550, 0 
6551, 0 
6552, 2 
6553, 0 
6554, 0 
6555, 0 
6556, 0 
6557, 0 
6558, 0 
6559, 0 
6560, 0 
6561, 1 
6562, 0 
6563, 1 
6564, 0 
6565, 1 
6566, 0 
6567, 0 
6568, 0 
6569, 0 
6570, 0 
6571, 0 
6572, 0 
6573, 0 
6574, 0 
6575, 0 
6576, 0 
6577, 0 
6578, 0 
6579, 0 
6580, 0 
6581, 0 
6582, 0 
6583, 0 
6584, 0 
6585, 0 
6586, 1 
6587, 1 
6588, 0 
6589, 0 
6590, 0 
6591, 0 
6592, 0 
6593, 0 
6594, 0 
6595, 0 
6596, 0 
6597, 0 
6598, 0 
6599, 0 
6600, 0 
6601, 0 
6602, 1 
6603, 0 
6604, 1 
6605, 1 
6606, 0 
6607, 0 
6608, 0 
6609, 0 
6610, 0 
6611, 0 
6612, 0 
6613, 0 
6614, 0 
6615, 0 
6616, 0 
6617, 0 
6618, 0 
6619, 0 
6620, 0 
6621, 0 
6622, 0 
6623, 0 
6624, 1 
6625, 0 
6626, 0 
6627, 1 
6628, 0 
6629, 0 
6630, 0 
6631, 1 
6632, 0 
6633, 0 
6634, 0 
6635, 0 
6636, 0 
6637, 0 
6638, 0 
6639, 0 
6640, 0 
6641, 1 
6642, 0 
6643, 0 
6644, 0 
6645, 0 
6646, 0 
6647, 0 
6648, 0 
6649, 0 
6650, 1 
6651, 0 
6652, 0 
6653, 0 
6654, 0 
6655, 1 
6656, 0 
6657, 0 
6658, 0 
6659, 0 
6660, 1 
6661, 0 
6662, 1 
6663, 1 
6664, 1 
6665, 1 
6666, 0 
6667, 0 
6668, 0 
6669, 0 
6670, 0 
6671, 1 
6672, 1 
6673, 0 
6674, 0 
6675, 0 
6676, 0 
6677, 1 
6678, 0 
6679, 0 
6680, 0 
6681, 1 
6682, 0 
6683, 0 
6684, 0 
6685, 0 
6686, 0 
6687, 0 
6688, 0 
6689, 1 
6690, 0 
6691, 0 
6692, 0 
6693, 1 
6694, 0 
6695, 1 
6696, 0 
6697, 0 
6698, 0 
6699, 0 
6700, 0 
6701, 0 
6702, 0 
6703, 0 
6704, 0 
6705, 0 
6706, 0 
6707, 0 
6708, 0 
6709, 0 
6710, 0 
6711, 0 
6712, 0 
6713, 0 
6714, 0 
6715, 0 
6716, 0 
6717, 0 
6718, 0 
6719, 1 
6720, 1 
6721, 0 
6722, 0 
6723, 0 
6724, 2 
6725, 0 
6726, 0 
6727, 0 
6728, 0 
6729, 0 
6730, 0 
6731, 0 
6732, 0 
6733, 0 
6734, 0 
6735, 0 
6736, 0 
6737, 1 
6738, 0 
6739, 0 
6740, 0 
6741, 1 
6742, 0 
6743, 0 
6744, 1 
6745, 0 
6746, 0 
6747, 0 
6748, 0 
6749, 0 
6750, 0 
6751, 1 
6752, 0 
6753, 1 
6754, 0 
6755, 0 
6756, 0 
6757, 0 
6758, 0 
6759, 0 
6760, 0 
6761, 0 
6762, 0 
6763, 0 
6764, 1 
6765, 0 
6766, 0 
6767, 0 
6768, 1 
6769, 0 
6770, 0 
6771, 0 
6772, 0 
6773, 0 
6774, 0 
6775, 0 
6776, 0 
6777, 0 
6778, 1 
6779, 0 
6780, 2 
6781, 0 
6782, 0 
6783, 1 
6784, 1 
6785, 1 
6786, 0 
6787, 0 
6788, 0 
6789, 0 
6790, 1 
6791, 0 
6792, 0 
6793, 0 
6794, 1 
6795, 2 
6796, 0 
6797, 0 
6798, 0 
6799, 0 
6800, 0 
6801, 0 
6802, 0 
6803, 0 
6804, 0 
6805, 0 
6806, 0 
6807, 0 
6808, 0 
6809, 0 
6810, 0 
6811, 0 
6812, 0 
6813, 0 
6814, 0 
6815, 0 
6816, 1 
6817, 0 
6818, 0 
6819, 0 
6820, 1 
6821, 0 
6822, 0 
6823, 0 
6824, 0 
6825, 0 
6826, 0 
6827, 0 
6828, 2 
6829, 0 
6830, 0 
6831, 0 
6832, 0 
6833, 0 
6834, 0 
6835, 0 
6836, 1 
6837, 0 
6838, 0 
6839, 0 
6840, 0 
6841, 0 
6842, 0 
6843, 0 
6844, 0 
6845, 1 
6846, 0 
6847, 1 
6848, 0 
6849, 1 
6850, 0 
6851, 0 
6852, 0 
6853, 1 
6854, 0 
6855, 0 
6856, 1 
6857, 0 
6858, 1 
6859, 0 
6860, 0 
6861, 1 
6862, 0 
6863, 0 
6864, 0 
6865, 0 
6866, 0 
6867, 0 
6868, 1 
6869, 0 
6870, 0 
6871, 0 
6872, 0 
6873, 0 
6874, 0 
6875, 0 
6876, 0 
6877, 0 
6878, 1 
6879, 1 
6880, 0 
6881, 0 
6882, 0 
6883, 1 
6884, 0 
6885, 0 
6886, 0 
6887, 1 
6888, 0 
6889, 0 
6890, 0 
6891, 0 
6892, 0 
6893, 0 
6894, 0 
6895, 0 
6896, 0 
6897, 0 
6898, 1 
6899, 0 
6900, 0 
6901, 0 
6902, 0 
6903, 0 
6904, 0 
6905, 0 
6906, 0 
6907, 0 
6908, 1 
6909, 0 
6910, 0 
6911, 0 
6912, 0 
6913, 0 
6914, 0 
6915, 0 
6916, 0 
6917, 2 
6918, 0 
6919, 0 
6920, 0 
6921, 0 
6922, 0 
6923, 0 
6924, 0 
6925, 1 
6926, 0 
6927, 0 
6928, 0 
6929, 0 
6930, 1 
6931, 0 
6932, 1 
6933, 0 
6934, 0 
6935, 2 
6936, 0 
6937, 0 
6938, 0 
6939, 1 
6940, 0 
6941, 0 
6942, 0 
6943, 0 
6944, 0 
6945, 1 
6946, 0 
6947, 0 
6948, 0 
6949, 1 
6950, 1 
6951, 0 
6952, 0 
6953, 0 
6954, 0 
6955, 2 
6956, 0 
6957, 0 
6958, 0 
6959, 0 
6960, 0 
6961, 0 
6962, 1 
6963, 0 
6964, 0 
6965, 0 
6966, 0 
6967, 1 
6968, 0 
6969, 0 
6970, 0 
6971, 0 
6972, 0 
6973, 0 
6974, 0 
6975, 0 
6976, 0 
6977, 1 
6978, 0 
6979, 0 
6980, 0 
6981, 0 
6982, 0 
6983, 1 
6984, 0 
6985, 0 
6986, 0 
6987, 0 
6988, 0 
6989, 0 
6990, 0 
6991, 1 
6992, 1 
6993, 0 
6994, 0 
6995, 0 
6996, 1 
6997, 0 
6998, 1 
6999, 0 
7000, 0 
7001, 0 
7002, 0 
7003, 0 
7004, 0 
7005, 1 
7006, 0 
7007, 0 
7008, 0 
7009, 0 
7010, 0 
7011, 1 
7012, 0 
7013, 0 
7014, 1 
7015, 0 
7016, 0 
7017, 1 
7018, 2 
7019, 0 
7020, 0 
7021, 0 
7022, 0 
7023, 1 
7024, 0 
7025, 1 
7026, 0 
7027, 0 
7028, 0 
7029, 0 
7030, 0 
7031, 0 
7032, 0 
7033, 0 
7034, 1 
7035, 0 
7036, 0 
7037, 0 
7038, 1 
7039, 0 
7040, 0 
7041, 0 
7042, 0 
7043, 0 
7044, 0 
7045, 0 
7046, 0 
7047, 0 
7048, 0 
7049, 0 
7050, 1 
7051, 0 
7052, 0 
7053, 0 
7054, 0 
7055, 1 
7056, 0 
7057, 0 
7058, 0 
7059, 0 
7060, 0 
7061, 0 
7062, 3 
7063, 0 
7064, 0 
7065, 0 
7066, 0 
7067, 1 
7068, 1 
7069, 0 
7070, 0 
7071, 0 
7072, 0 
7073, 0 
7074, 0 
7075, 0 
7076, 0 
7077, 0 
7078, 0 
7079, 0 
7080, 0 
7081, 0 
7082, 0 
7083, 2 
7084, 0 
7085, 0 
7086, 0 
7087, 1 
7088, 0 
7089, 0 
7090, 1 
7091, 0 
7092, 0 
7093, 0 
7094, 1 
7095, 0 
7096, 0 
7097, 1 
7098, 0 
7099, 0 
7100, 0 
7101, 0 
7102, 0 
7103, 0 
7104, 0 
7105, 0 
7106, 0 
7107, 0 
7108, 0 
7109, 1 
7110, 0 
7111, 1 
7112, 1 
7113, 1 
7114, 0 
7115, 0 
7116, 0 
7117, 0 
7118, 1 
7119, 0 
7120, 0 
7121, 0 
7122, 0 
7123, 0 
7124, 0 
7125, 0 
7126, 0 
7127, 0 
7128, 0 
7129, 0 
7130, 0 
7131, 0 
7132, 1 
7133, 0 
7134, 1 
7135, 0 
7136, 0 
7137, 0 
7138, 2 
7139, 0 
7140, 0 
7141, 0 
7142, 0 
7143, 1 
7144, 0 
7145, 1 
7146, 0 
7147, 0 
7148, 0 
7149, 0 
7150, 0 
7151, 1 
7152, 0 
7153, 0 
7154, 1 
7155, 1 
7156, 0 
7157, 0 
7158, 1 
7159, 1 
7160, 0 
7161, 0 
7162, 0 
7163, 0 
7164, 1 
7165, 0 
7166, 0 
7167, 0 
7168, 0 
7169, 0 
7170, 0 
7171, 0 
7172, 0 
7173, 0 
7174, 0 
7175, 0 
7176, 0 
7177, 0 
7178, 0 
7179, 0 
7180, 1 
7181, 0 
7182, 0 
7183, 0 
7184, 0 
7185, 1 
7186, 0 
7187, 0 
7188, 0 
7189, 0 
7190, 0 
7191, 0 
7192, 0 
7193, 0 
7194, 0 
7195, 0 
7196, 0 
7197, 0 
7198, 0 
7199, 3 
7200, 0 
7201, 0 
7202, 1 
7203, 0 
7204, 0 
7205, 0 
7206, 0 
7207, 0 
7208, 0 
7209, 0 
7210, 0 
7211, 0 
7212, 0 
7213, 0 
7214, 0 
7215, 0 
7216, 0 
7217, 0 
7218, 1 
7219, 0 
7220, 1 
7221, 0 
7222, 0 
7223, 0 
7224, 0 
7225, 0 
7226, 1 
7227, 1 
7228, 0 
7229, 1 
7230, 0 
7231, 0 
7232, 0 
7233, 0 
7234, 0 
7235, 0 
7236, 0 
7237, 0 
7238, 0 
7239, 0 
7240, 1 
7241, 0 
7242, 0 
7243, 1 
7244, 1 
7245, 0 
7246, 0 
7247, 0 
7248, 0 
7249, 1 
7250, 0 
7251, 0 
7252, 0 
7253, 0 
7254, 0 
7255, 0 
7256, 0 
7257, 0 
7258, 0 
7259, 1 
7260, 1 
7261, 0 
7262, 0 
7263, 0 
7264, 0 
7265, 0 
7266, 0 
7267, 0 
7268, 0 
7269, 0 
7270, 0 
7271, 0 
7272, 0 
7273, 0 
7274, 1 
7275, 0 
7276, 0 
7277, 0 
7278, 0 
7279, 0 
7280, 0 
7281, 0 
7282, 0 
7283, 1 
7284, 0 
7285, 0 
7286, 0 
7287, 0 
7288, 0 
7289, 0 
7290, 0 
7291, 1 
7292, 1 
7293, 0 
7294, 0 
7295, 0 
7296, 1 
7297, 1 
7298, 1 
7299, 0 
7300, 0 
7301, 0 
7302, 0 
7303, 0 
7304, 1 
7305, 0 
7306, 0 
7307, 0 
7308, 0 
7309, 0 
7310, 0 
7311, 1 
7312, 0 
7313, 0 
7314, 0 
7315, 0 
7316, 0 
7317, 0 
7318, 0 
7319, 0 
7320, 0 
7321, 0 
7322, 0 
7323, 1 
7324, 0 
7325, 0 
7326, 0 
7327, 0 
7328, 0 
7329, 0 
7330, 1 
7331, 1 
7332, 0 
7333, 0 
7334, 0 
7335, 1 
7336, 0 
7337, 0 
7338, 0 
7339, 0 
7340, 0 
7341, 0 
7342, 0 
7343, 0 
7344, 0 
7345, 0 
7346, 0 
7347, 1 
7348, 0 
7349, 0 
7350, 0 
7351, 0 
7352, 0 
7353, 0 
7354, 0 
7355, 0 
7356, 0 
7357, 0 
7358, 0 
7359, 0 
7360, 1 
7361, 0 
7362, 0 
7363, 0 
7364, 0 
7365, 0 
7366, 0 
7367, 0 
7368, 0 
7369, 0 
7370, 0 
7371, 0 
7372, 0 
7373, 0 
7374, 1 
7375, 0 
7376, 0 
7377, 0 
7378, 0 
7379, 0 
7380, 1 
7381, 0 
7382, 0 
7383, 0 
7384, 0 
7385, 0 
7386, 0 
7387, 0 
7388, 0 
7389, 0 
7390, 0 
7391, 0 
7392, 0 
7393, 1 
7394, 0 
7395, 0 
7396, 1 
7397, 1 
7398, 0 
7399, 0 
7400, 0 
7401, 0 
7402, 1 
7403, 0 
7404, 0 
7405, 0 
7406, 0 
7407, 1 
7408, 1 
7409, 1 
7410, 0 
7411, 0 
7412, 0 
7413, 0 
7414, 0 
7415, 0 
7416, 0 
7417, 1 
7418, 0 
7419, 0 
7420, 0 
7421, 0 
7422, 0 
7423, 0 
7424, 1 
7425, 0 
7426, 0 
7427, 0 
7428, 0 
7429, 0 
7430, 0 
7431, 2 
7432, 1 
7433, 0 
7434, 0 
7435, 0 
7436, 0 
7437, 1 
7438, 0 
7439, 0 
7440, 1 
7441, 1 
7442, 1 
7443, 0 
7444, 0 
7445, 0 
7446, 0 
7447, 0 
7448, 0 
7449, 0 
7450, 0 
7451, 0 
7452, 0 
7453, 2 
7454, 1 
7455, 0 
7456, 0 
7457, 0 
7458, 0 
7459, 1 
7460, 0 
7461, 1 
7462, 0 
7463, 0 
7464, 0 
7465, 0 
7466, 0 
7467, 0 
7468, 0 
7469, 1 
7470, 0 
7471, 0 
7472, 0 
7473, 0 
7474, 0 
7475, 0 
7476, 0 
7477, 0 
7478, 0 
7479, 0 
7480, 0 
7481, 0 
7482, 0 
7483, 0 
7484, 0 
7485, 0 
7486, 1 
7487, 0 
7488, 1 
7489, 0 
7490, 1 
7491, 0 
7492, 0 
7493, 1 
7494, 0 
7495, 0 
7496, 0 
7497, 0 
7498, 1 
7499, 0 
7500, 0 
7501, 0 
7502, 0 
7503, 1 
7504, 1 
7505, 0 
7506, 0 
7507, 2 
7508, 0 
7509, 0 
7510, 0 
7511, 0 
7512, 0 
7513, 0 
7514, 1 
7515, 0 
7516, 1 
7517, 0 
7518, 0 
7519, 0 
7520, 0 
7521, 1 
7522, 0 
7523, 0 
7524, 0 
7525, 0 
7526, 0 
7527, 0 
7528, 0 
7529, 0 
7530, 0 
7531, 0 
7532, 0 
7533, 0 
7534, 0 
7535, 0 
7536, 2 
7537, 0 
7538, 0 
7539, 0 
7540, 0 
7541, 1 
7542, 0 
7543, 0 
7544, 0 
7545, 0 
7546, 0 
7547, 0 
7548, 0 
7549, 1 
7550, 1 
7551, 0 
7552, 1 
7553, 0 
7554, 0 
7555, 0 
7556, 0 
7557, 0 
7558, 0 
7559, 0 
7560, 0 
7561, 0 
7562, 0 
7563, 0 
7564, 1 
7565, 0 
7566, 0 
7567, 0 
7568, 1 
7569, 0 
7570, 0 
7571, 1 
7572, 1 
7573, 0 
7574, 0 
7575, 1 
7576, 0 
7577, 0 
7578, 1 
7579, 0 
7580, 2 
7581, 0 
7582, 0 
7583, 0 
7584, 0 
7585, 0 
7586, 0 
7587, 0 
7588, 0 
7589, 0 
7590, 0 
7591, 0 
7592, 0 
7593, 0 
7594, 0 
7595, 0 
7596, 0 
7597, 0 
7598, 0 
7599, 0 
7600, 0 
7601, 0 
7602, 0 
7603, 0 
7604, 1 
7605, 0 
7606, 0 
7607, 0 
7608, 0 
7609, 0 
7610, 0 
7611, 0 
7612, 0 
7613, 0 
7614, 0 
7615, 0 
7616, 0 
7617, 0 
7618, 0 
7619, 0 
7620, 0 
7621, 1 
7622, 0 
7623, 0 
7624, 0 
7625, 0 
7626, 0 
7627, 0 
7628, 0 
7629, 0 
7630, 0 
7631, 0 
7632, 1 
7633, 1 
7634, 0 
7635, 0 
7636, 0 
7637, 0 
7638, 0 
7639, 0 
7640, 0 
7641, 0 
7642, 1 
7643, 0 
7644, 0 
7645, 0 
7646, 0 
7647, 1 
7648, 0 
7649, 0 
7650, 0 
7651, 0 
7652, 1 
7653, 0 
7654, 0 
7655, 1 
7656, 1 
7657, 0 
7658, 0 
7659, 0 
7660, 1 
7661, 0 
7662, 0 
7663, 0 
7664, 0 
7665, 2 
7666, 0 
7667, 0 
7668, 0 
7669, 0 
7670, 0 
7671, 0 
7672, 0 
7673, 0 
7674, 0 
7675, 0 
7676, 0 
7677, 0 
7678, 0 
7679, 0 
7680, 1 
7681, 0 
7682, 0 
7683, 0 
7684, 0 
7685, 0 
7686, 0 
7687, 0 
7688, 0 
7689, 0 
7690, 0 
7691, 0 
7692, 0 
7693, 0 
7694, 0 
7695, 0 
7696, 1 
7697, 0 
7698, 0 
7699, 0 
7700, 0 
7701, 0 
7702, 1 
7703, 0 
7704, 0 
7705, 1 
7706, 1 
7707, 0 
7708, 0 
7709, 0 
7710, 0 
7711, 0 
7712, 0 
7713, 0 
7714, 1 
7715, 0 
7716, 0 
7717, 0 
7718, 0 
7719, 1 
7720, 1 
7721, 0 
7722, 1 
7723, 1 
7724, 0 
7725, 0 
7726, 0 
7727, 0 
7728, 0 
7729, 0 
7730, 0 
7731, 1 
7732, 0 
7733, 0 
7734, 1 
7735, 0 
7736, 0 
7737, 0 
7738, 0 
7739, 0 
7740, 0 
7741, 0 
7742, 0 
7743, 0 
7744, 1 
7745, 1 
7746, 0 
7747, 0 
7748, 0 
7749, 0 
7750, 1 
7751, 0 
7752, 0 
7753, 0 
7754, 0 
7755, 0 
7756, 0 
7757, 1 
7758, 0 
7759, 0 
7760, 0 
7761, 0 
7762, 0 
7763, 0 
7764, 0 
7765, 1 
7766, 0 
7767, 0 
7768, 1 
7769, 0 
7770, 0 
7771, 1 
7772, 0 
7773, 0 
7774, 0 
7775, 0 
7776, 0 
7777, 0 
7778, 0 
7779, 0 
7780, 0 
7781, 0 
7782, 0 
7783, 0 
7784, 0 
7785, 1 
7786, 0 
7787, 0 
7788, 0 
7789, 0 
7790, 0 
7791, 0 
7792, 0 
7793, 1 
7794, 0 
7795, 0 
7796, 0 
7797, 0 
7798, 0 
7799, 0 
7800, 0 
7801, 0 
7802, 0 
7803, 0 
7804, 0 
7805, 1 
7806, 0 
7807, 0 
7808, 0 
7809, 0 
7810, 1 
7811, 0 
7812, 0 
7813, 0 
7814, 0 
7815, 0 
7816, 0 
7817, 2 
7818, 1 
7819, 0 
7820, 0 
7821, 0 
7822, 0 
7823, 0 
7824, 0 
7825, 0 
7826, 0 
7827, 0 
7828, 0 
7829, 0 
7830, 0 
7831, 0 
7832, 0 
7833, 0 
7834, 0 
7835, 0 
7836, 0 
7837, 0 
7838, 1 
7839, 0 
7840, 0 
7841, 0 
7842, 0 
7843, 0 
7844, 0 
7845, 0 
7846, 0 
7847, 0 
7848, 0 
7849, 0 
7850, 0 
7851, 0 
7852, 0 
7853, 0 
7854, 0 
7855, 2 
7856, 1 
7857, 0 
7858, 1 
7859, 0 
7860, 0 
7861, 1 
7862, 0 
7863, 0 
7864, 0 
7865, 0 
7866, 0 
7867, 1 
7868, 0 
7869, 0 
7870, 0 
7871, 1 
7872, 0 
7873, 1 
7874, 0 
7875, 0 
7876, 0 
7877, 0 
7878, 0 
7879, 0 
7880, 0 
7881, 0 
7882, 0 
7883, 0 
7884, 2 
7885, 0 
7886, 0 
7887, 1 
7888, 0 
7889, 1 
7890, 0 
7891, 0 
7892, 0 
7893, 0 
7894, 0 
7895, 0 
7896, 0 
7897, 0 
7898, 1 
7899, 0 
7900, 0 
7901, 0 
7902, 0 
7903, 0 
7904, 0 
7905, 0 
7906, 0 
7907, 0 
7908, 0 
7909, 0 
7910, 0 
7911, 0 
7912, 0 
7913, 1 
7914, 0 
7915, 0 
7916, 0 
7917, 0 
7918, 0 
7919, 0 
7920, 0 
7921, 0 
7922, 0 
7923, 0 
7924, 0 
7925, 0 
7926, 0 
7927, 0 
7928, 0 
7929, 0 
7930, 0 
7931, 1 
7932, 0 
7933, 0 
7934, 0 
7935, 0 
7936, 0 
7937, 0 
7938, 0 
7939, 0 
7940, 0 
7941, 0 
7942, 0 
7943, 0 
7944, 0 
7945, 0 
7946, 0 
7947, 0 
7948, 0 
7949, 0 
7950, 0 
7951, 1 
7952, 1 
7953, 0 
7954, 0 
7955, 0 
7956, 0 
7957, 0 
7958, 0 
7959, 1 
7960, 1 
7961, 0 
7962, 2 
7963, 0 
7964, 0 
7965, 0 
7966, 0 
7967, 0 
7968, 0 
7969, 0 
7970, 1 
7971, 2 
7972, 0 
7973, 0 
7974, 0 
7975, 1 
7976, 0 
7977, 0 
7978, 0 
7979, 0 
7980, 0 
7981, 0 
7982, 0 
7983, 1 
7984, 0 
7985, 0 
7986, 0 
7987, 0 
7988, 0 
7989, 0 
7990, 0 
7991, 0 
7992, 0 
7993, 1 
7994, 0 
7995, 0 
7996, 0 
7997, 0 
7998, 0 
7999, 0 
8000, 1 
8001, 0 
8002, 0 
8003, 0 
8004, 0 
8005, 1 
8006, 0 
8007, 0 
8008, 0 
8009, 0 
8010, 0 
8011, 0 
8012, 0 
8013, 1 
8014, 1 
8015, 0 
8016, 1 
8017, 0 
8018, 0 
8019, 0 
8020, 0 
8021, 0 
8022, 0 
8023, 0 
8024, 0 
8025, 0 
8026, 0 
8027, 0 
8028, 0 
8029, 0 
8030, 0 
8031, 0 
8032, 1 
8033, 0 
8034, 0 
8035, 0 
8036, 0 
8037, 0 
8038, 0 
8039, 0 
8040, 0 
8041, 0 
8042, 0 
8043, 0 
8044, 0 
8045, 1 
8046, 0 
8047, 0 
8048, 0 
8049, 0 
8050, 0 
8051, 0 
8052, 0 
8053, 0 
8054, 0 
8055, 0 
8056, 0 
8057, 1 
8058, 0 
8059, 0 
8060, 0 
8061, 0 
8062, 0 
8063, 0 
8064, 0 
8065, 0 
8066, 0 
8067, 0 
8068, 0 
8069, 0 
8070, 0 
8071, 0 
8072, 0 
8073, 0 
8074, 0 
8075, 0 
8076, 0 
8077, 0 
8078, 0 
8079, 0 
8080, 0 
8081, 1 
8082, 0 
8083, 0 
8084, 0 
8085, 0 
8086, 1 
8087, 0 
8088, 0 
8089, 0 
8090, 0 
8091, 0 
8092, 0 
8093, 0 
8094, 0 
8095, 0 
8096, 0 
8097, 2 
8098, 0 
8099, 0 
8100, 0 
8101, 0 
8102, 0 
8103, 1 
8104, 0 
8105, 0 
8106, 0 
8107, 0 
8108, 0 
8109, 0 
8110, 1 
8111, 1 
8112, 0 
8113, 0 
8114, 0 
8115, 0 
8116, 0 
8117, 0 
8118, 0 
8119, 0 
8120, 0 
8121, 0 
8122, 0 
8123, 0 
8124, 0 
8125, 0 
8126, 0 
8127, 0 
8128, 1 
8129, 0 
8130, 0 
8131, 0 
8132, 0 
8133, 0 
8134, 0 
8135, 0 
8136, 0 
8137, 0 
8138, 0 
8139, 0 
8140, 0 
8141, 0 
8142, 0 
8143, 0 
8144, 0 
8145, 0 
8146, 0 
8147, 0 
8148, 0 
8149, 0 
8150, 0 
8151, 0 
8152, 0 
8153, 0 
8154, 0 
8155, 0 
8156, 0 
8157, 0 
8158, 0 
8159, 0 
8160, 0 
8161, 0 
8162, 0 
8163, 0 
8164, 0 
8165, 0 
8166, 0 
8167, 0 
8168, 0 
8169, 0 
8170, 0 
8171, 0 
8172, 0 
8173, 0 
8174, 0 
8175, 0 
8176, 0 
8177, 0 
8178, 0 
8179, 0 
8180, 0 
8181, 0 
8182, 0 
8183, 0 
8184, 0 
8185, 0 
8186, 0 
8187, 0 
8188, 0 
8189, 0 
8190, 0 
8191, 0 
8192, 0 
