105.000 0.007
110.000 0.374
115.000 0.625
120.000 0.686
125.000 0.746
130.000 0.777
135.000 0.777
140.000 0.802
145.000 0.780
150.000 0.813
155.000 0.809
160.000 0.783
165.000 0.782
170.000 0.752
175.000 0.738
180.000 0.718
185.000 0.749
190.000 0.753
195.000 0.788
200.000 0.827
205.000 0.864
210.000 0.869
215.000 0.917
220.000 0.926
225.000 0.964
230.000 0.931
235.000 0.895
240.000 0.830
245.000 0.812
250.000 0.808
255.000 0.808
260.000 0.829
265.000 0.837
270.000 0.861
275.000 0.843
280.000 0.867
285.000 0.871
290.000 0.884
295.000 0.907
300.000 0.927
305.000 0.943
310.000 0.941
315.000 0.967
320.000 0.995
325.000 1.032
330.000 1.045
335.000 1.077
340.000 1.109
345.000 1.139
350.000 1.201
355.000 1.258
360.000 1.307
365.000 1.389
370.000 1.477
375.000 1.560
380.000 1.682
385.000 1.747
390.000 1.933
395.000 2.014
400.000 2.145
405.000 2.254
410.000 2.340
415.000 2.403
420.000 2.388
425.000 2.316
430.000 2.170
435.000 1.982
440.000 1.755
445.000 1.526
450.000 1.321
455.000 1.227
460.000 1.062
465.000 0.939
470.000 0.842
475.000 0.756
480.000 0.696
485.000 0.644
490.000 0.607
495.000 0.567
500.000 0.537
505.000 0.521
510.000 0.491
515.000 0.451
520.000 0.438
525.000 0.418
530.000 0.396
535.000 0.379
540.000 0.364
545.000 0.343
550.000 0.335
555.000 0.321
560.000 0.312
565.000 0.289
570.000 0.274
575.000 0.267
580.000 0.251
585.000 0.242
590.000 0.234
595.000 0.224
600.000 0.212
605.000 0.205
610.000 0.197
615.000 0.193
620.000 0.186
625.000 0.178
630.000 0.177
635.000 0.172
640.000 0.166
645.000 0.167
650.000 0.157
655.000 0.157
660.000 0.156
665.000 0.148
670.000 0.142
675.000 0.141
680.000 0.138
685.000 0.138
690.000 0.138
695.000 0.134
700.000 0.134
705.000 0.128
710.000 0.128
715.000 0.125
720.000 0.123
725.000 0.118
730.000 0.121
735.000 0.118
740.000 0.117
745.000 0.114
750.000 0.113
755.000 0.110
760.000 0.110
765.000 0.112
770.000 0.109
775.000 0.108
780.000 0.109
785.000 0.106
790.000 0.104
795.000 0.104
800.000 0.103
805.000 0.103
810.000 0.101
815.000 0.100
820.000 0.101
825.000 0.100
830.000 0.100
835.000 0.102
840.000 0.098
845.000 0.099
850.000 0.097
855.000 0.095
860.000 0.096
865.000 0.095
870.000 0.096
875.000 0.094
880.000 0.095
885.000 0.093
890.000 0.092
895.000 0.094
900.000 0.094
905.000 0.097
910.000 0.095
915.000 0.096
920.000 0.093
925.000 0.094
930.000 0.092
935.000 0.094
940.000 0.094
945.000 0.096
950.000 0.096
955.000 0.094
960.000 0.092
965.000 0.094
970.000 0.099
975.000 0.100
980.000 0.098
985.000 0.096
990.000 0.097
995.000 0.101
1000.000 0.101
1005.000 0.098
1010.000 0.098
1015.000 0.102
1020.000 0.099
1025.000 0.106
1030.000 0.100
1035.000 0.104
1040.000 0.104
1045.000 0.103
1050.000 0.102
1055.000 0.101
1060.000 0.105
1065.000 0.102
1070.000 0.106
1075.000 0.105
1080.000 0.105
1085.000 0.105
1090.000 0.104
1095.000 0.103
1100.000 0.104
1105.000 0.105
1110.000 0.105
1115.000 0.108
1120.000 0.105
1125.000 0.106
1130.000 0.107
1135.000 0.104
1140.000 0.108
1145.000 0.106
1150.000 0.107
1155.000 0.106
1160.000 0.107
1165.000 0.107
1170.000 0.108
1175.000 0.107
1180.000 0.108
1185.000 0.109
1190.000 0.107
1195.000 0.109
1200.000 0.109
1205.000 0.109
1210.000 0.107
1215.000 0.110
1220.000 0.109
1225.000 0.109
1230.000 0.107
1235.000 0.112
1240.000 0.113
1245.000 0.111
1250.000 0.112
1255.000 0.111
1260.000 0.112
1265.000 0.112
1270.000 0.114
1275.000 0.111
1280.000 0.112
1285.000 0.115
1290.000 0.115
1295.000 0.113
1300.000 0.114
1305.000 0.115
1310.000 0.117
1315.000 0.117
1320.000 0.117
1325.000 0.119
1330.000 0.119
1335.000 0.121
1340.000 0.120
1345.000 0.119
1350.000 0.122
1355.000 0.123
1360.000 0.122
1365.000 0.122
1370.000 0.124
1375.000 0.124
1380.000 0.126
1385.000 0.126
1390.000 0.127
1395.000 0.128
1400.000 0.126
1405.000 0.131
1410.000 0.130
1415.000 0.130
1420.000 0.133
1425.000 0.133
1430.000 0.132
1435.000 0.133
1440.000 0.133
1445.000 0.134
1450.000 0.135
1455.000 0.133
1460.000 0.132
1465.000 0.131
1470.000 0.130
1475.000 0.128
1480.000 0.128
1485.000 0.128
1490.000 0.127
1495.000 0.128
1500.000 0.131
1505.000 0.134
1510.000 0.131
1515.000 0.138
1520.000 0.140
1525.000 0.145
1530.000 0.147
1535.000 0.148
1540.000 0.154
1545.000 0.154
1550.000 0.163
1555.000 0.164
1560.000 0.167
1565.000 0.170
1570.000 0.174
1575.000 0.178
1580.000 0.180
1585.000 0.185
1590.000 0.188
1595.000 0.191
1600.000 0.195
1605.000 0.200
1610.000 0.201
1615.000 0.205
1620.000 0.209
1625.000 0.215
1630.000 0.219
1635.000 0.222
1640.000 0.228
1645.000 0.233
1650.000 0.240
1655.000 0.240
1660.000 0.249
1665.000 0.256
1670.000 0.258
1675.000 0.267
1680.000 0.272
1685.000 0.279
1690.000 0.287
1695.000 0.293
1700.000 0.299
1705.000 0.307
1710.000 0.312
1715.000 0.320
1720.000 0.326
1725.000 0.333
1730.000 0.342
1735.000 0.352
1740.000 0.358
1745.000 0.367
1750.000 0.375
1755.000 0.386
1760.000 0.394
1765.000 0.403
1770.000 0.412
1775.000 0.421
1780.000 0.427
1785.000 0.437
1790.000 0.445
1795.000 0.449
1800.000 0.458
1805.000 0.466
1810.000 0.476
1815.000 0.485
1820.000 0.492
1825.000 0.501
1830.000 0.508
1835.000 0.508
1840.000 0.516
1845.000 0.525
1850.000 0.524
1855.000 0.531
1860.000 0.533
1865.000 0.536
1870.000 0.541
1875.000 0.544
1880.000 0.544
1885.000 0.545
1890.000 0.548
1895.000 0.549
1900.000 0.548
1905.000 0.548
1910.000 0.547
1915.000 0.547
1920.000 0.547
1925.000 0.547
1930.000 0.546
1935.000 0.545
1940.000 0.543
1945.000 0.545
1950.000 0.545
1955.000 0.544
1960.000 0.535
1965.000 0.540
1970.000 0.537
1975.000 0.540
1980.000 0.541
1985.000 0.536
1990.000 0.534
1995.000 0.536
2000.000 0.530
2005.000 0.539
2010.000 0.542
2015.000 0.535
2020.000 0.544
2025.000 0.536
2030.000 0.537
2035.000 0.540
2040.000 0.541
2045.000 0.541
2050.000 0.531
2055.000 0.535
2060.000 0.539
2065.000 0.542
2070.000 0.543
2075.000 0.546
2080.000 0.555
2085.000 0.555
2090.000 0.556
2095.000 0.559
2100.000 0.561
2105.000 0.567
2110.000 0.573
2115.000 0.581
2120.000 0.584
2125.000 0.591
2130.000 0.600
2135.000 0.607
2140.000 0.614
2145.000 0.625
2150.000 0.639
2155.000 0.644
2160.000 0.659
2165.000 0.674
2170.000 0.689
2175.000 0.708
2180.000 0.729
2185.000 0.749
2190.000 0.773
2195.000 0.802
2200.000 0.832
2205.000 0.867
2210.000 0.913
2215.000 0.958
2220.000 0.985
2225.000 1.044
2230.000 1.113
2235.000 1.193
2240.000 1.299
2245.000 1.443
2250.000 1.656
2255.000 1.971
2260.000 2.458
2265.000 3.250
2270.000 4.606
2275.000 6.903
2280.000 10.224
2285.000 12.094
2290.000 15.048
2295.000 13.646
2300.000 12.466
2305.000 6.041
2310.000 3.813
2315.000 2.569
2320.000 1.885
2325.000 1.447
2330.000 1.156
2335.000 1.036
2340.000 0.853
2345.000 0.713
2350.000 0.608
2355.000 0.525
2360.000 0.458
2365.000 0.405
2370.000 0.361
2375.000 0.326
2380.000 0.295
2385.000 0.270
2390.000 0.246
2395.000 0.237
2400.000 0.218
2405.000 0.204
2410.000 0.189
2415.000 0.178
2420.000 0.165
2425.000 0.155
2430.000 0.146
2435.000 0.136
2440.000 0.128
2445.000 0.121
2450.000 0.115
2455.000 0.112
2460.000 0.103
2465.000 0.102
2470.000 0.096
2475.000 0.092
2480.000 0.089
2485.000 0.086
2490.000 0.082
2495.000 0.078
2500.000 0.076
2505.000 0.074
2510.000 0.070
2515.000 0.070
2520.000 0.069
2525.000 0.068
2530.000 0.067
2535.000 0.066
2540.000 0.066
2545.000 0.065
2550.000 0.065
2555.000 0.066
2560.000 0.065
2565.000 0.068
2570.000 0.068
2575.000 0.068
2580.000 0.069
2585.000 0.070
2590.000 0.072
2595.000 0.073
2600.000 0.074
2605.000 0.075
2610.000 0.078
2615.000 0.079
2620.000 0.081
2625.000 0.082
2630.000 0.086
2635.000 0.086
2640.000 0.088
2645.000 0.090
2650.000 0.091
2655.000 0.093
2660.000 0.096
2665.000 0.098
2670.000 0.100
2675.000 0.102
2680.000 0.105
2685.000 0.106
2690.000 0.110
2695.000 0.113
2700.000 0.115
2705.000 0.117
2710.000 0.120
2715.000 0.122
2720.000 0.123
2725.000 0.127
2730.000 0.130
2735.000 0.132
2740.000 0.137
2745.000 0.139
2750.000 0.140
2755.000 0.145
2760.000 0.148
2765.000 0.151
2770.000 0.153
2775.000 0.156
2780.000 0.159
2785.000 0.163
2790.000 0.166
2795.000 0.169
2800.000 0.172
2805.000 0.177
2810.000 0.179
2815.000 0.184
2820.000 0.187
2825.000 0.189
2830.000 0.192
2835.000 0.195
2840.000 0.199
2845.000 0.203
2850.000 0.207
2855.000 0.208
2860.000 0.211
2865.000 0.213
2870.000 0.215
2875.000 0.216
2880.000 0.220
2885.000 0.222
2890.000 0.223
2895.000 0.225
2900.000 0.226
2905.000 0.227
2910.000 0.230
2915.000 0.232
2920.000 0.235
2925.000 0.233
2930.000 0.236
2935.000 0.241
2940.000 0.239
2945.000 0.239
2950.000 0.240
2955.000 0.247
2960.000 0.245
2965.000 0.247
2970.000 0.244
2975.000 0.247
2980.000 0.245
2985.000 0.248
2990.000 0.246
2995.000 0.253
3000.000 0.254
3005.000 0.251
3010.000 0.251
3015.000 0.256
3020.000 0.251
3025.000 0.254
3030.000 0.252
3035.000 0.260
3040.000 0.260
3045.000 0.260
3050.000 0.255
3055.000 0.255
3060.000 0.256
3065.000 0.259
3070.000 0.260
3075.000 0.259
3080.000 0.258
3085.000 0.260
3090.000 0.259
3095.000 0.260
3100.000 0.262
3105.000 0.262
3110.000 0.262
3115.000 0.262
3120.000 0.262
3125.000 0.264
3130.000 0.264
3135.000 0.265
3140.000 0.264
3145.000 0.263
3150.000 0.265
3155.000 0.267
3160.000 0.267
3165.000 0.267
3170.000 0.267
3175.000 0.269
3180.000 0.271
3185.000 0.270
3190.000 0.271
3195.000 0.272
3200.000 0.274
3205.000 0.276
3210.000 0.275
3215.000 0.277
3220.000 0.278
3225.000 0.280
3230.000 0.280
3235.000 0.284
3240.000 0.285
3245.000 0.286
3250.000 0.288
3255.000 0.289
3260.000 0.290
3265.000 0.293
3270.000 0.294
3275.000 0.296
3280.000 0.300
3285.000 0.302
3290.000 0.305
3295.000 0.307
3300.000 0.309
3305.000 0.311
3310.000 0.314
3315.000 0.317
3320.000 0.320
3325.000 0.323
3330.000 0.326
3335.000 0.333
3340.000 0.334
3345.000 0.337
3350.000 0.343
3355.000 0.346
3360.000 0.354
3365.000 0.358
3370.000 0.363
3375.000 0.365
3380.000 0.370
3385.000 0.378
3390.000 0.385
3395.000 0.392
3400.000 0.398
3405.000 0.407
3410.000 0.417
3415.000 0.423
3420.000 0.435
3425.000 0.445
3430.000 0.456
3435.000 0.462
3440.000 0.474
3445.000 0.489
3450.000 0.499
3455.000 0.507
3460.000 0.518
3465.000 0.531
3470.000 0.540
3475.000 0.553
3480.000 0.567
3485.000 0.573
3490.000 0.594
3495.000 0.612
3500.000 0.618
3505.000 0.636
3510.000 0.654
3515.000 0.672
3520.000 0.696
3525.000 0.716
3530.000 0.739
3535.000 0.768
3540.000 0.797
3545.000 0.811
3550.000 0.861
3555.000 0.879
3560.000 0.920
3565.000 0.965
3570.000 1.014
3575.000 1.062
3580.000 1.122
3585.000 1.180
3590.000 1.252
3595.000 1.291
3600.000 1.380
3605.000 1.482
3610.000 1.694
3615.000 1.780
3620.000 1.998
3625.000 2.296
3630.000 2.700
3635.000 3.287
3640.000 4.189
3645.000 5.591
3650.000 7.770
3655.000 10.983
3660.000 15.172
3665.000 19.845
3670.000 24.009
3675.000 26.961
3680.000 25.275
3685.000 14.998
3690.000 9.550
3695.000 6.479
3700.000 4.680
3705.000 3.586
3710.000 2.864
3715.000 2.361
3720.000 1.987
3725.000 1.702
3730.000 1.482
3735.000 1.309
3740.000 1.234
3745.000 1.108
3750.000 1.005
3755.000 0.919
3760.000 0.848
3765.000 0.787
3770.000 0.734
3775.000 0.688
3780.000 0.648
3785.000 0.615
3790.000 0.585
3795.000 0.571
3800.000 0.545
3805.000 0.520
3810.000 0.500
3815.000 0.481
3820.000 0.464
3825.000 0.448
3830.000 0.432
3835.000 0.419
3840.000 0.407
3845.000 0.395
3850.000 0.384
3855.000 0.378
3860.000 0.368
3865.000 0.359
3870.000 0.350
3875.000 0.341
3880.000 0.334
3885.000 0.326
3890.000 0.319
3895.000 0.313
3900.000 0.307
3905.000 0.299
3910.000 0.294
3915.000 0.289
3920.000 0.284
3925.000 0.281
3930.000 0.276
3935.000 0.271
3940.000 0.267
3945.000 0.264
3950.000 0.259
3955.000 0.258
3960.000 0.253
3965.000 0.249
3970.000 0.244
3975.000 0.242
3980.000 0.236
3985.000 0.236
3990.000 0.233
3995.000 0.231
4000.000 0.226
4005.000 0.226
4010.000 0.225
4015.000 0.220
4020.000 0.221
4025.000 0.219
4030.000 0.213
4035.000 0.215
4040.000 0.214
4045.000 0.211
4050.000 0.205
4055.000 0.207
4060.000 0.204
4065.000 0.202
4070.000 0.200
4075.000 0.197
4080.000 0.198
4085.000 0.194
4090.000 0.193
4095.000 0.193
4100.000 0.191
4105.000 0.190
4110.000 0.189
4115.000 0.187
4120.000 0.186
4125.000 0.185
4130.000 0.182
4135.000 0.182
4140.000 0.182
4145.000 0.180
4150.000 0.178
4155.000 0.177
4160.000 0.176
4165.000 0.175
4170.000 0.174
4175.000 0.172
4180.000 0.170
4185.000 0.168
4190.000 0.168
4195.000 0.166
4200.000 0.165
4205.000 0.164
4210.000 0.162
4215.000 0.161
4220.000 0.158
4225.000 0.158
4230.000 0.157
4235.000 0.156
4240.000 0.153
4245.000 0.153
4250.000 0.151
4255.000 0.151
4260.000 0.150
4265.000 0.147
4270.000 0.144
4275.000 0.143
4280.000 0.141
4285.000 0.141
4290.000 0.140
4295.000 0.138
4300.000 0.137
4305.000 0.137
4310.000 0.136
4315.000 0.136
4320.000 0.136
4325.000 0.136
4330.000 0.137
4335.000 0.138
4340.000 0.138
4345.000 0.140
4350.000 0.140
4355.000 0.141
4360.000 0.142
4365.000 0.144
4370.000 0.144
4375.000 0.145
4380.000 0.146
4385.000 0.147
4390.000 0.148
4395.000 0.148
4400.000 0.150
4405.000 0.150
4410.000 0.149
4415.000 0.151
4420.000 0.151
4425.000 0.153
4430.000 0.152
4435.000 0.153
4440.000 0.154
4445.000 0.153
4450.000 0.155
4455.000 0.155
4460.000 0.157
4465.000 0.157
4470.000 0.158
4475.000 0.158
4480.000 0.159
4485.000 0.160
4490.000 0.161
4495.000 0.161
4500.000 0.162
4505.000 0.163
4510.000 0.163
4515.000 0.165
4520.000 0.166
4525.000 0.167
4530.000 0.168
4535.000 0.168
4540.000 0.169
4545.000 0.170
4550.000 0.171
4555.000 0.172
4560.000 0.174
4565.000 0.175
4570.000 0.177
4575.000 0.177
4580.000 0.179
4585.000 0.181
4590.000 0.182
4595.000 0.182
4600.000 0.185
4605.000 0.187
4610.000 0.188
4615.000 0.190
4620.000 0.192
4625.000 0.194
4630.000 0.195
4635.000 0.197
4640.000 0.201
4645.000 0.203
4650.000 0.204
4655.000 0.207
4660.000 0.209
4665.000 0.212
4670.000 0.215
4675.000 0.218
4680.000 0.222
4685.000 0.225
4690.000 0.228
4695.000 0.230
4700.000 0.237
4705.000 0.241
4710.000 0.246
4715.000 0.249
4720.000 0.253
4725.000 0.259
4730.000 0.265
4735.000 0.272
4740.000 0.278
4745.000 0.287
4750.000 0.294
4755.000 0.300
4760.000 0.313
4765.000 0.318
4770.000 0.335
4775.000 0.344
4780.000 0.358
4785.000 0.373
4790.000 0.403
4795.000 0.419
4800.000 0.441
4805.000 0.465
4810.000 0.481
4815.000 0.500
4820.000 0.516
4825.000 0.537
4830.000 0.558
4835.000 0.569
4840.000 0.592
4845.000 0.621
4850.000 0.654
4855.000 0.726
4860.000 0.755
4865.000 0.793
4870.000 0.838
4875.000 0.891
4880.000 0.964
4885.000 1.053
4890.000 1.169
4895.000 1.238
4900.000 1.410
4905.000 1.641
4910.000 1.942
4915.000 2.312
4920.000 2.768
4925.000 3.221
4930.000 4.535
4935.000 12.215
4940.000 14.390
4945.000 17.617
4950.000 17.508
4955.000 16.262
4960.000 11.340
4965.000 7.097
4970.000 4.828
4975.000 3.434
4980.000 2.608
4985.000 2.071
4990.000 1.702
4995.000 1.442
5000.000 1.242
5005.000 1.090
5010.000 0.969
5015.000 0.917
5020.000 0.819
5025.000 0.744
5030.000 0.689
5035.000 0.639
5040.000 0.597
5045.000 0.561
5050.000 0.529
5055.000 0.500
5060.000 0.477
5065.000 0.457
5070.000 0.439
5075.000 0.431
5080.000 0.413
5085.000 0.400
5090.000 0.387
5095.000 0.376
5100.000 0.366
5105.000 0.356
5110.000 0.349
5115.000 0.343
5120.000 0.336
5125.000 0.329
5130.000 0.324
5135.000 0.319
5140.000 0.318
5145.000 0.313
5150.000 0.310
5155.000 0.306
5160.000 0.302
5165.000 0.299
5170.000 0.297
5175.000 0.294
5180.000 0.292
5185.000 0.290
5190.000 0.288
5195.000 0.288
5200.000 0.287
5205.000 0.286
5210.000 0.285
5215.000 0.284
5220.000 0.283
5225.000 0.283
5230.000 0.282
5235.000 0.282
5240.000 0.280
5245.000 0.280
5250.000 0.280
5255.000 0.279
5260.000 0.280
5265.000 0.281
5270.000 0.281
5275.000 0.280
5280.000 0.280
5285.000 0.280
5290.000 0.281
5295.000 0.281
5300.000 0.280
5305.000 0.281
5310.000 0.280
5315.000 0.280
5320.000 0.281
5325.000 0.281
5330.000 0.281
5335.000 0.280
5340.000 0.281
5345.000 0.281
5350.000 0.281
5355.000 0.280
5360.000 0.281
5365.000 0.281
5370.000 0.280
5375.000 0.281
5380.000 0.280
5385.000 0.280
5390.000 0.281
5395.000 0.280
5400.000 0.279
5405.000 0.280
5410.000 0.280
5415.000 0.280
5420.000 0.279
5425.000 0.280
5430.000 0.280
5435.000 0.280
5440.000 0.280
5445.000 0.280
5450.000 0.280
5455.000 0.281
5460.000 0.281
5465.000 0.280
5470.000 0.280
5475.000 0.280
5480.000 0.280
5485.000 0.279
5490.000 0.279
5495.000 0.280
5500.000 0.280
5505.000 0.281
5510.000 0.280
5515.000 0.281
5520.000 0.281
5525.000 0.284
5530.000 0.281
5535.000 0.281
5540.000 0.282
5545.000 0.282
5550.000 0.282
5555.000 0.282
5560.000 0.282
5565.000 0.283
5570.000 0.283
5575.000 0.282
5580.000 0.283
5585.000 0.284
5590.000 0.285
5595.000 0.284
5600.000 0.285
5605.000 0.286
5610.000 0.287
5615.000 0.288
5620.000 0.287
5625.000 0.289
5630.000 0.290
5635.000 0.290
5640.000 0.291
5645.000 0.300
5650.000 0.301
5655.000 0.302
5660.000 0.302
5665.000 0.303
5670.000 0.303
5675.000 0.304
5680.000 0.305
5685.000 0.304
5690.000 0.307
5695.000 0.308
5700.000 0.309
5705.000 0.311
5710.000 0.314
5715.000 0.317
5720.000 0.317
5725.000 0.320
5730.000 0.324
5735.000 0.327
5740.000 0.329
5745.000 0.331
5750.000 0.335
5755.000 0.337
5760.000 0.339
5765.000 0.344
5770.000 0.348
5775.000 0.354
5780.000 0.357
5785.000 0.360
5790.000 0.366
5795.000 0.371
5800.000 0.374
5805.000 0.380
5810.000 0.385
5815.000 0.392
5820.000 0.400
5825.000 0.407
5830.000 0.414
5835.000 0.420
5840.000 0.429
5845.000 0.440
5850.000 0.449
5855.000 0.459
5860.000 0.468
5865.000 0.480
5870.000 0.487
5875.000 0.499
5880.000 0.512
5885.000 0.519
5890.000 0.525
5895.000 0.530
5900.000 0.540
5905.000 0.547
5910.000 0.552
5915.000 0.569
5920.000 0.574
5925.000 0.587
5930.000 0.589
5935.000 0.602
5940.000 0.614
5945.000 0.625
5950.000 0.634
5955.000 0.652
5960.000 0.663
5965.000 0.678
5970.000 0.690
5975.000 0.709
5980.000 0.725
5985.000 0.740
5990.000 0.755
5995.000 0.772
6000.000 0.786
6005.000 0.819
6010.000 0.840
6015.000 0.859
6020.000 0.887
6025.000 0.909
6030.000 0.945
6035.000 0.967
6040.000 0.996
6045.000 1.035
6050.000 1.054
6055.000 1.086
6060.000 1.129
6065.000 1.174
6070.000 1.223
6075.000 1.277
6080.000 1.339
6085.000 1.406
6090.000 1.479
6095.000 1.564
6100.000 1.657
6105.000 1.765
6110.000 1.826
6115.000 1.963
6120.000 2.132
6125.000 2.347
6130.000 2.630
6135.000 3.010
6140.000 3.530
6145.000 4.279
6150.000 5.373
6155.000 7.015
6160.000 9.444
6165.000 12.782
6170.000 16.857
6175.000 18.964
6180.000 22.514
6185.000 23.092
6190.000 18.122
6195.000 12.537
6200.000 8.545
6205.000 6.108
6210.000 4.636
6215.000 3.700
6220.000 3.077
6225.000 2.644
6230.000 2.350
6235.000 2.257
6240.000 2.115
6245.000 1.962
6250.000 1.793
6255.000 1.645
6260.000 1.492
6265.000 1.371
6270.000 1.262
6275.000 1.216
6280.000 1.092
6285.000 1.023
6290.000 0.993
6295.000 0.937
6300.000 0.888
6305.000 0.846
6310.000 0.803
6315.000 0.771
6320.000 0.740
6325.000 0.713
6330.000 0.689
6335.000 0.666
6340.000 0.648
6345.000 0.628
6350.000 0.612
6355.000 0.603
6360.000 0.589
6365.000 0.574
6370.000 0.565
6375.000 0.552
6380.000 0.544
6385.000 0.534
6390.000 0.526
6395.000 0.520
6400.000 0.513
6405.000 0.513
6410.000 0.505
6415.000 0.504
6420.000 0.500
6425.000 0.500
6430.000 0.500
6435.000 0.502
6440.000 0.505
6445.000 0.510
6450.000 0.517
6455.000 0.528
6460.000 0.542
6465.000 0.563
6470.000 0.588
6475.000 0.625
6480.000 0.648
6485.000 0.714
6490.000 0.816
6495.000 1.002
6500.000 1.403
6505.000 2.577
6510.000 5.669
6515.000 9.435
6520.000 8.316
6525.000 3.657
6530.000 0.689
6535.000 0.681
6540.000 0.422
6545.000 0.232
6550.000 0.159
6555.000 0.128
6560.000 0.108
6565.000 0.103
6570.000 0.106
6575.000 0.111
6580.000 0.113
6585.000 0.117
6590.000 0.120
6595.000 0.122
6600.000 0.125
6605.000 0.128
6610.000 0.131
6615.000 0.134
6620.000 0.135
6625.000 0.138
6630.000 0.138
6635.000 0.140
6640.000 0.143
6645.000 0.143
6650.000 0.144
6655.000 0.146
6660.000 0.146
6665.000 0.147
6670.000 0.147
6675.000 0.149
6680.000 0.150
6685.000 0.151
6690.000 0.152
6695.000 0.151
6700.000 0.154
6705.000 0.153
6710.000 0.154
6715.000 0.154
6720.000 0.156
6725.000 0.156
6730.000 0.157
6735.000 0.156
6740.000 0.157
6745.000 0.157
6750.000 0.157
6755.000 0.158
6760.000 0.160
6765.000 0.159
6770.000 0.161
6775.000 0.161
6780.000 0.161
6785.000 0.161
6790.000 0.161
6795.000 0.162
6800.000 0.163
6805.000 0.163
6810.000 0.164
6815.000 0.164
6820.000 0.166
6825.000 0.166
6830.000 0.166
6835.000 0.168
6840.000 0.168
6845.000 0.169
6850.000 0.170
6855.000 0.170
6860.000 0.172
6865.000 0.172
6870.000 0.173
6875.000 0.175
6880.000 0.176
6885.000 0.177
6890.000 0.178
6895.000 0.179
6900.000 0.181
6905.000 0.181
6910.000 0.182
6915.000 0.184
6920.000 0.185
6925.000 0.187
6930.000 0.189
6935.000 0.190
6940.000 0.192
6945.000 0.193
6950.000 0.193
6955.000 0.196
6960.000 0.200
6965.000 0.199
6970.000 0.204
6975.000 0.204
6980.000 0.206
6985.000 0.212
6990.000 0.212
6995.000 0.214
7000.000 0.219
7005.000 0.221
7010.000 0.225
7015.000 0.229
7020.000 0.226
7025.000 0.231
7030.000 0.232
7035.000 0.240
7040.000 0.243
7045.000 0.248
7050.000 0.250
7055.000 0.258
7060.000 0.260
7065.000 0.266
7070.000 0.270
7075.000 0.273
7080.000 0.281
7085.000 0.282
7090.000 0.288
7095.000 0.291
7100.000 0.298
7105.000 0.303
7110.000 0.308
7115.000 0.314
7120.000 0.321
7125.000 0.328
7130.000 0.335
7135.000 0.342
7140.000 0.352
7145.000 0.356
7150.000 0.365
7155.000 0.374
7160.000 0.385
7165.000 0.396
7170.000 0.407
7175.000 0.421
7180.000 0.434
7185.000 0.450
7190.000 0.466
7195.000 0.484
7200.000 0.504
7205.000 0.514
7210.000 0.538
7215.000 0.564
7220.000 0.593
7225.000 0.626
7230.000 0.661
7235.000 0.704
7240.000 0.749
7245.000 0.782
7250.000 0.815
7255.000 0.835
7260.000 0.895
7265.000 0.915
7270.000 0.964
7275.000 1.015
7280.000 1.069
7285.000 1.126
7290.000 1.193
7295.000 1.271
7300.000 1.373
7305.000 1.422
7310.000 1.591
7315.000 1.656
7320.000 1.897
7325.000 1.973
7330.000 2.209
7335.000 2.521
7340.000 2.941
7345.000 3.508
7350.000 4.290
7355.000 5.430
7360.000 7.075
7365.000 9.189
7370.000 11.965
7375.000 14.853
7380.000 17.320
7385.000 18.155
7390.000 17.538
7395.000 14.005
7400.000 10.153
7405.000 7.448
7410.000 5.656
7415.000 4.467
7420.000 3.642
7425.000 3.054
7430.000 2.619
7435.000 2.326
7440.000 2.138
7445.000 1.987
7450.000 1.920
7455.000 1.800
7460.000 1.695
7465.000 1.597
7470.000 1.481
7475.000 1.377
7480.000 1.285
7485.000 1.191
7490.000 1.112
7495.000 1.077
7500.000 0.980
7505.000 0.953
7510.000 0.904
7515.000 0.863
7520.000 0.826
7525.000 0.794
7530.000 0.764
7535.000 0.738
7540.000 0.715
7545.000 0.692
7550.000 0.673
7555.000 0.662
7560.000 0.637
7565.000 0.620
7570.000 0.613
7575.000 0.600
7580.000 0.587
7585.000 0.576
7590.000 0.564
7595.000 0.553
7600.000 0.543
7605.000 0.534
7610.000 0.526
7615.000 0.522
7620.000 0.509
7625.000 0.503
7630.000 0.496
7635.000 0.492
7640.000 0.488
7645.000 0.480
7650.000 0.476
7655.000 0.471
7660.000 0.465
7665.000 0.461
7670.000 0.457
7675.000 0.454
7680.000 0.449
7685.000 0.446
7690.000 0.442
7695.000 0.440
7700.000 0.439
7705.000 0.435
7710.000 0.432
7715.000 0.431
7720.000 0.428
7725.000 0.426
7730.000 0.423
7735.000 0.423
7740.000 0.422
7745.000 0.421
7750.000 0.420
7755.000 0.419
7760.000 0.419
7765.000 0.418
7770.000 0.419
7775.000 0.418
7780.000 0.419
7785.000 0.419
7790.000 0.419
7795.000 0.420
7800.000 0.420
7805.000 0.424
7810.000 0.425
7815.000 0.426
7820.000 0.428
7825.000 0.432
7830.000 0.434
7835.000 0.438
7840.000 0.442
7845.000 0.446
7850.000 0.450
7855.000 0.454
7860.000 0.462
7865.000 0.465
7870.000 0.476
7875.000 0.479
7880.000 0.488
7885.000 0.500
7890.000 0.512
7895.000 0.525
7900.000 0.541
7905.000 0.561
7910.000 0.578
7915.000 0.596
7920.000 0.618
7925.000 0.644
7930.000 0.678
7935.000 0.717
7940.000 0.740
7945.000 0.800
7950.000 0.891
7955.000 1.010
7960.000 1.182
7965.000 1.420
7970.000 1.768
7975.000 2.543
7980.000 4.169
7985.000 6.871
7990.000 9.125
7995.000 8.354
8000.000 2.704
8005.000 2.425
8010.000 1.039
8015.000 0.616
8020.000 0.367
8025.000 0.240
8030.000 0.162
8035.000 0.137
8040.000 0.097
8045.000 0.097
8050.000 0.100
8055.000 0.107
8060.000 0.117
8065.000 0.126
8070.000 0.137
8075.000 0.146
8080.000 0.154
8085.000 0.162
8090.000 0.169
8095.000 0.177
8100.000 0.185
8105.000 0.191
8110.000 0.198
8115.000 0.205
8120.000 0.208
8125.000 0.212
8130.000 0.220
8135.000 0.226
8140.000 0.232
8145.000 0.238
8150.000 0.244
8155.000 0.249
8160.000 0.256
8165.000 0.262
8170.000 0.268
8175.000 0.274
8180.000 0.276
8185.000 0.283
8190.000 0.290
8195.000 0.296
8200.000 0.302
8205.000 0.309
8210.000 0.317
8215.000 0.324
8220.000 0.331
8225.000 0.340
8230.000 0.348
8235.000 0.357
8240.000 0.362
8245.000 0.372
8250.000 0.382
8255.000 0.391
8260.000 0.401
8265.000 0.409
8270.000 0.417
8275.000 0.426
8280.000 0.436
8285.000 0.444
8290.000 0.453
8295.000 0.460
8300.000 0.469
8305.000 0.481
8310.000 0.492
8315.000 0.504
8320.000 0.519
8325.000 0.534
8330.000 0.549
8335.000 0.565
8340.000 0.583
8345.000 0.602
8350.000 0.622
8355.000 0.644
8360.000 0.657
8365.000 0.681
8370.000 0.708
8375.000 0.731
8380.000 0.748
8385.000 0.770
8390.000 0.792
8395.000 0.818
8400.000 0.842
8405.000 0.867
8410.000 0.901
8415.000 0.937
8420.000 0.974
8425.000 0.994
8430.000 1.038
8435.000 1.089
8440.000 1.150
8445.000 1.230
8450.000 1.336
8455.000 1.508
8460.000 1.826
8465.000 2.444
8470.000 3.076
8475.000 1.571
8480.000 1.355
8485.000 1.229
8490.000 1.345
8495.000 1.633
8500.000 1.892
8505.000 2.178
8510.000 2.480
8515.000 2.816
8520.000 3.224
8525.000 3.737
8530.000 4.382
8535.000 5.191
8540.000 6.200
8545.000 6.782
8550.000 8.119
8555.000 9.642
8560.000 11.218
8565.000 12.558
8570.000 13.165
8575.000 12.509
8580.000 10.482
8585.000 8.128
8590.000 6.210
8595.000 4.677
8600.000 3.735
8605.000 3.373
8610.000 2.824
8615.000 2.432
8620.000 2.163
8625.000 1.957
8630.000 1.802
8635.000 1.672
8640.000 1.557
8645.000 1.459
8650.000 1.371
8655.000 1.329
8660.000 1.220
8665.000 1.154
8670.000 1.115
8675.000 1.042
8680.000 0.978
8685.000 0.915
8690.000 0.856
8695.000 0.804
8700.000 0.755
8705.000 0.713
8710.000 0.676
8715.000 0.644
8720.000 0.614
8725.000 0.588
8730.000 0.577
8735.000 0.551
8740.000 0.532
8745.000 0.513
8750.000 0.496
8755.000 0.480
8760.000 0.465
8765.000 0.451
8770.000 0.439
8775.000 0.427
8780.000 0.416
8785.000 0.411
8790.000 0.401
8795.000 0.391
8800.000 0.383
8805.000 0.375
8810.000 0.366
8815.000 0.358
8820.000 0.349
8825.000 0.344
8830.000 0.336
8835.000 0.332
8840.000 0.326
8845.000 0.322
8850.000 0.320
8855.000 0.315
8860.000 0.310
8865.000 0.305
8870.000 0.301
8875.000 0.297
8880.000 0.293
8885.000 0.289
8890.000 0.286
8895.000 0.282
8900.000 0.279
8905.000 0.277
8910.000 0.274
8915.000 0.271
8920.000 0.268
8925.000 0.266
8930.000 0.263
8935.000 0.260
8940.000 0.259
8945.000 0.257
8950.000 0.255
8955.000 0.252
8960.000 0.249
8965.000 0.249
8970.000 0.246
8975.000 0.245
8980.000 0.245
8985.000 0.241
8990.000 0.241
8995.000 0.240
9000.000 0.237
9005.000 0.236
9010.000 0.236
9015.000 0.234
9020.000 0.234
9025.000 0.233
9030.000 0.233
9035.000 0.231
9040.000 0.231
9045.000 0.230
9050.000 0.229
9055.000 0.228
9060.000 0.228
9065.000 0.231
9070.000 0.229
9075.000 0.230
9080.000 0.230
9085.000 0.230
9090.000 0.230
9095.000 0.230
9100.000 0.232
9105.000 0.232
9110.000 0.233
9115.000 0.233
9120.000 0.235
9125.000 0.237
9130.000 0.237
9135.000 0.238
9140.000 0.240
9145.000 0.242
9150.000 0.243
9155.000 0.245
9160.000 0.245
9165.000 0.248
9170.000 0.252
9175.000 0.253
9180.000 0.256
9185.000 0.259
9190.000 0.263
9195.000 0.266
9200.000 0.270
9205.000 0.274
9210.000 0.279
9215.000 0.281
9220.000 0.286
9225.000 0.293
9230.000 0.298
9235.000 0.305
9240.000 0.313
9245.000 0.322
9250.000 0.330
9255.000 0.341
9260.000 0.352
9265.000 0.365
9270.000 0.375
9275.000 0.378
9280.000 0.388
9285.000 0.399
9290.000 0.412
9295.000 0.426
9300.000 0.444
9305.000 0.461
9310.000 0.481
9315.000 0.502
9320.000 0.530
9325.000 0.565
9330.000 0.604
9335.000 0.626
9340.000 0.676
9345.000 0.725
9350.000 0.777
9355.000 0.851
9360.000 0.944
9365.000 1.083
9370.000 1.289
9375.000 1.620
9380.000 2.198
9385.000 2.638
9390.000 4.892
9395.000 7.170
9400.000 8.371
9405.000 9.352
9410.000 5.089
9415.000 3.244
9420.000 1.684
9425.000 1.136
9430.000 0.799
9435.000 0.579
9440.000 0.428
9445.000 0.320
9450.000 0.242
9455.000 0.210
9460.000 0.157
9465.000 0.114
9470.000 0.080
9475.000 0.050
9480.000 0.025
9485.000 0.012
9490.000 0.025
9495.000 0.034
9500.000 0.059
9505.000 0.075
9510.000 0.091
9515.000 0.099
9520.000 0.114
9525.000 0.129
9530.000 0.143
9535.000 0.158
9540.000 0.174
9545.000 0.189
9550.000 0.203
9555.000 0.220
9560.000 0.237
9565.000 0.255
9570.000 0.274
9575.000 0.294
9580.000 0.305
9585.000 0.327
9590.000 0.353
9595.000 0.381
9600.000 0.414
9605.000 0.450
9610.000 0.491
9615.000 0.543
9620.000 0.604
9625.000 0.676
9630.000 0.767
9635.000 0.863
9640.000 0.907
9645.000 1.003
9650.000 1.116
9655.000 1.251
9660.000 1.407
9665.000 1.589
9670.000 1.794
9675.000 2.030
9680.000 2.302
9685.000 2.606
9690.000 2.963
9695.000 3.171
9700.000 3.940
9705.000 4.254
9710.000 4.978
9715.000 5.845
9720.000 6.843
9725.000 8.002
9730.000 9.058
9735.000 9.827
9740.000 10.033
9745.000 9.442
9750.000 8.200
9755.000 6.805
9760.000 6.147
9765.000 4.959
9770.000 4.016
9775.000 3.307
9780.000 2.773
9785.000 2.378
9790.000 2.091
9795.000 1.905
9800.000 1.768
9805.000 1.672
9810.000 1.582
9815.000 1.497
9820.000 1.455
9825.000 1.380
9830.000 1.314
9835.000 1.252
9840.000 1.199
9845.000 1.150
9850.000 1.107
9855.000 1.066
9860.000 1.029
9865.000 1.013
9870.000 0.963
9875.000 0.948
9880.000 0.907
9885.000 0.895
9890.000 0.869
9895.000 0.843
9900.000 0.818
9905.000 0.793
9910.000 0.771
9915.000 0.746
9920.000 0.726
9925.000 0.715
9930.000 0.682
9935.000 0.671
9940.000 0.644
9945.000 0.637
9950.000 0.619
9955.000 0.601
9960.000 0.587
9965.000 0.572
9970.000 0.561
9975.000 0.543
9980.000 0.531
9985.000 0.528
9990.000 0.510
9995.000 0.501
10000.000 0.491
10005.000 0.483
10010.000 0.472
10015.000 0.458
10020.000 0.449
10025.000 0.435
10030.000 0.426
10035.000 0.410
10040.000 0.395
10045.000 0.387
10050.000 0.365
10055.000 0.352
10060.000 0.316
10065.000 0.300
10070.000 0.261
10075.000 0.210
10080.000 0.159
10085.000 0.294
10090.000 1.238
10095.000 2.516
10100.000 1.250
10105.000 1.534
10110.000 0.992
10115.000 0.921
10120.000 0.762
10125.000 0.723
10130.000 0.658
10135.000 0.617
10140.000 0.586
10145.000 0.567
10150.000 0.548
10155.000 0.533
10160.000 0.520
10165.000 0.514
10170.000 0.508
10175.000 0.502
10180.000 0.500
10185.000 0.498
10190.000 0.496
10195.000 0.492
10200.000 0.490
10205.000 0.485
10210.000 0.483
10215.000 0.482
10220.000 0.479
10225.000 0.479
10230.000 0.479
10235.000 0.477
10240.000 0.476
10245.000 0.476
10250.000 0.476
10255.000 0.474
10260.000 0.475
10265.000 0.474
10270.000 0.474
10275.000 0.473
10280.000 0.472
10285.000 0.475
10290.000 0.473
10295.000 0.474
10300.000 0.475
10305.000 0.475
10310.000 0.473
10315.000 0.474
10320.000 0.476
10325.000 0.474
10330.000 0.475
10335.000 0.474
10340.000 0.475
10345.000 0.477
10350.000 0.478
10355.000 0.478
10360.000 0.481
10365.000 0.482
10370.000 0.483
10375.000 0.482
10380.000 0.488
10385.000 0.489
10390.000 0.491
10395.000 0.492
10400.000 0.493
10405.000 0.495
10410.000 0.497
10415.000 0.498
10420.000 0.501
10425.000 0.503
10430.000 0.506
10435.000 0.508
10440.000 0.510
10445.000 0.515
10450.000 0.519
10455.000 0.522
10460.000 0.525
10465.000 0.529
10470.000 0.533
10475.000 0.536
10480.000 0.541
10485.000 0.543
10490.000 0.546
10495.000 0.548
10500.000 0.555
10505.000 0.557
10510.000 0.563
10515.000 0.566
10520.000 0.574
10525.000 0.579
10530.000 0.584
10535.000 0.592
10540.000 0.600
10545.000 0.605
10550.000 0.607
10555.000 0.612
10560.000 0.616
10565.000 0.627
10570.000 0.631
10575.000 0.642
10580.000 0.650
10585.000 0.660
10590.000 0.668
10595.000 0.678
10600.000 0.691
10605.000 0.699
10610.000 0.714
10615.000 0.719
10620.000 0.729
10625.000 0.746
10630.000 0.761
10635.000 0.777
10640.000 0.797
10645.000 0.814
10650.000 0.834
10655.000 0.847
10660.000 0.885
10665.000 0.911
10670.000 0.939
10675.000 0.954
10680.000 0.988
10685.000 1.024
10690.000 1.069
10695.000 1.122
10700.000 1.175
10705.000 1.244
10710.000 1.313
10715.000 1.401
10720.000 1.527
10725.000 1.683
10730.000 1.785
10735.000 2.048
10740.000 2.425
10745.000 2.989
10750.000 3.825
10755.000 4.908
10760.000 5.863
10765.000 5.735
10770.000 4.207
10775.000 2.568
10780.000 1.594
10785.000 1.073
10790.000 0.750
10795.000 0.588
10800.000 0.365
10805.000 0.203
10810.000 0.108
10815.000 0.120
10820.000 0.190
10825.000 0.267
10830.000 0.345
10835.000 0.445
10840.000 0.595
10845.000 0.813
10850.000 1.120
10855.000 1.308
10860.000 1.735
10865.000 2.200
10870.000 2.664
10875.000 3.145
10880.000 3.654
10885.000 4.194
10890.000 4.748
10895.000 5.236
10900.000 5.531
10905.000 5.527
10910.000 5.204
10915.000 4.962
10920.000 4.431
10925.000 3.914
10930.000 3.448
10935.000 3.026
10940.000 2.633
10945.000 2.259
10950.000 1.920
10955.000 1.620
10960.000 1.386
10965.000 1.189
10970.000 1.046
10975.000 0.983
10980.000 0.877
10985.000 0.789
10990.000 0.725
10995.000 0.678
11000.000 0.638
11005.000 0.604
11010.000 0.577
11015.000 0.548
11020.000 0.515
11025.000 0.477
11030.000 0.445
11035.000 0.428
11040.000 0.401
11045.000 0.375
11050.000 0.354
11055.000 0.336
11060.000 0.318
11065.000 0.301
11070.000 0.288
11075.000 0.275
11080.000 0.261
11085.000 0.251
11090.000 0.241
11095.000 0.232
11100.000 0.227
11105.000 0.219
11110.000 0.211
11115.000 0.204
11120.000 0.197
11125.000 0.190
11130.000 0.184
11135.000 0.179
11140.000 0.173
11145.000 0.168
11150.000 0.164
11155.000 0.159
11160.000 0.154
11165.000 0.152
11170.000 0.148
11175.000 0.144
11180.000 0.141
11185.000 0.137
11190.000 0.134
11195.000 0.130
11200.000 0.127
11205.000 0.126
11210.000 0.121
11215.000 0.119
11220.000 0.117
11225.000 0.114
11230.000 0.112
11235.000 0.110
11240.000 0.107
11245.000 0.105
11250.000 0.104
11255.000 0.102
11260.000 0.099
11265.000 0.098
11270.000 0.095
11275.000 0.095
11280.000 0.093
11285.000 0.092
11290.000 0.091
11295.000 0.089
11300.000 0.089
11305.000 0.087
11310.000 0.086
11315.000 0.085
11320.000 0.083
11325.000 0.082
11330.000 0.081
11335.000 0.080
11340.000 0.081
11345.000 0.079
11350.000 0.078
11355.000 0.077
11360.000 0.077
11365.000 0.076
11370.000 0.076
11375.000 0.075
11380.000 0.074
11385.000 0.075
11390.000 0.073
11395.000 0.072
11400.000 0.072
11405.000 0.072
11410.000 0.072
11415.000 0.071
11420.000 0.070
11425.000 0.070
11430.000 0.069
11435.000 0.069
11440.000 0.068
11445.000 0.068
11450.000 0.068
11455.000 0.068
11460.000 0.067
11465.000 0.067
11470.000 0.066
11475.000 0.066
11480.000 0.066
11485.000 0.065
11490.000 0.064
11495.000 0.064
11500.000 0.062
11505.000 0.063
11510.000 0.061
11515.000 0.061
11520.000 0.060
11525.000 0.059
11530.000 0.058
11535.000 0.058
11540.000 0.054
11545.000 0.054
11550.000 0.051
11555.000 0.047
11560.000 0.045
11565.000 0.043
11570.000 0.035
11575.000 0.030
11580.000 0.023
11585.000 0.018
11590.000 0.009
11595.000 0.014
11600.000 0.034
11605.000 0.066
11610.000 0.123
11615.000 0.261
11620.000 0.701
11625.000 1.351
11630.000 1.508
11635.000 1.180
11640.000 0.776
11645.000 0.643
11650.000 0.568
11655.000 0.478
11660.000 0.417
11665.000 0.373
11670.000 0.343
11675.000 0.326
11680.000 0.312
11685.000 0.301
11690.000 0.297
11695.000 0.294
11700.000 0.294
11705.000 0.291
11710.000 0.298
11715.000 0.299
11720.000 0.304
11725.000 0.307
11730.000 0.314
11735.000 0.323
11740.000 0.330
11745.000 0.324
11750.000 0.318
11755.000 0.313
11760.000 0.309
11765.000 0.306
11770.000 0.300
11775.000 0.301
11780.000 0.305
11785.000 0.311
11790.000 0.317
11795.000 0.325
11800.000 0.334
11805.000 0.341
11810.000 0.349
11815.000 0.357
11820.000 0.367
11825.000 0.377
11830.000 0.385
11835.000 0.396
11840.000 0.408
11845.000 0.421
11850.000 0.436
11855.000 0.451
11860.000 0.466
11865.000 0.483
11870.000 0.503
11875.000 0.513
11880.000 0.545
11885.000 0.568
11890.000 0.579
11895.000 0.607
11900.000 0.636
11905.000 0.669
11910.000 0.705
11915.000 0.744
11920.000 0.787
11925.000 0.841
11930.000 0.898
11935.000 0.961
11940.000 1.021
11945.000 1.028
11950.000 0.682
11955.000 0.488
11960.000 1.154
11965.000 1.606
11970.000 1.894
11975.000 2.159
11980.000 2.449
11985.000 2.751
11990.000 3.080
11995.000 3.420
12000.000 3.781
