105.000 0.015
110.000 0.017
115.000 2.307
120.000 2.645
125.000 3.235
130.000 3.512
135.000 4.002
140.000 4.480
145.000 4.631
150.000 5.150
155.000 5.300
160.000 5.470
165.000 5.679
170.000 5.687
175.000 5.845
180.000 5.939
185.000 6.080
190.000 6.266
195.000 6.433
200.000 6.696
205.000 6.963
210.000 7.087
215.000 7.263
220.000 7.469
225.000 7.762
230.000 7.980
235.000 8.026
240.000 8.263
245.000 8.282
250.000 8.508
255.000 8.728
260.000 8.791
265.000 9.075
270.000 9.152
275.000 9.374
280.000 9.477
285.000 9.659
290.000 9.899
295.000 9.952
300.000 10.212
305.000 10.287
310.000 10.506
315.000 10.739
320.000 10.881
325.000 11.114
330.000 11.257
335.000 11.613
340.000 11.906
345.000 12.091
350.000 12.499
355.000 12.713
360.000 13.224
365.000 13.786
370.000 14.127
375.000 14.824
380.000 15.223
385.000 16.089
390.000 17.083
395.000 17.628
400.000 18.743
405.000 19.261
410.000 20.417
415.000 21.500
420.000 22.015
425.000 23.002
430.000 23.363
435.000 23.924
440.000 24.220
445.000 24.244
450.000 24.043
455.000 23.720
460.000 22.995
465.000 22.016
470.000 21.466
475.000 20.273
480.000 19.587
485.000 18.303
490.000 17.113
495.000 16.499
500.000 15.402
505.000 14.888
510.000 13.921
515.000 13.031
520.000 12.570
525.000 11.712
530.000 11.304
535.000 10.463
540.000 9.631
545.000 9.208
550.000 8.346
555.000 7.936
560.000 7.163
565.000 6.821
570.000 6.197
575.000 5.675
580.000 5.432
585.000 4.967
590.000 4.743
595.000 4.305
600.000 3.860
605.000 3.646
610.000 3.262
615.000 3.091
620.000 2.772
625.000 2.497
630.000 2.377
635.000 2.171
640.000 2.081
645.000 1.931
650.000 1.796
655.000 1.752
660.000 1.682
665.000 1.647
670.000 1.585
675.000 1.523
680.000 1.491
685.000 1.441
690.000 1.420
695.000 1.369
700.000 1.315
705.000 1.289
710.000 1.248
715.000 1.221
720.000 1.178
725.000 1.133
730.000 1.116
735.000 1.077
740.000 1.064
745.000 1.030
750.000 0.991
755.000 0.975
760.000 0.950
765.000 0.935
770.000 0.906
775.000 0.877
780.000 0.862
785.000 0.836
790.000 0.822
795.000 0.784
800.000 0.745
805.000 0.730
810.000 0.715
815.000 0.712
820.000 0.703
825.000 0.686
830.000 0.676
835.000 0.651
840.000 0.643
845.000 0.617
850.000 0.595
855.000 0.587
860.000 0.569
865.000 0.557
870.000 0.538
875.000 0.522
880.000 0.516
885.000 0.501
890.000 0.496
895.000 0.483
900.000 0.469
905.000 0.467
910.000 0.455
915.000 0.454
920.000 0.444
925.000 0.435
930.000 0.430
935.000 0.423
940.000 0.423
945.000 0.418
950.000 0.413
955.000 0.414
960.000 0.407
965.000 0.404
970.000 0.397
975.000 0.398
980.000 0.397
985.000 0.393
990.000 0.397
995.000 0.394
1000.000 0.399
1005.000 0.396
1010.000 0.392
1015.000 0.391
1020.000 0.400
1025.000 0.401
1030.000 0.401
1035.000 0.404
1040.000 0.403
1045.000 0.410
1050.000 0.420
1055.000 0.419
1060.000 0.425
1065.000 0.428
1070.000 0.435
1075.000 0.445
1080.000 0.446
1085.000 0.457
1090.000 0.458
1095.000 0.471
1100.000 0.482
1105.000 0.487
1110.000 0.499
1115.000 0.505
1120.000 0.522
1125.000 0.537
1130.000 0.543
1135.000 0.563
1140.000 0.573
1145.000 0.588
1150.000 0.612
1155.000 0.623
1160.000 0.643
1165.000 0.657
1170.000 0.678
1175.000 0.690
1180.000 0.713
1185.000 0.738
1190.000 0.752
1195.000 0.767
1200.000 0.778
1205.000 0.796
1210.000 0.821
1215.000 0.830
1220.000 0.853
1225.000 0.864
1230.000 0.889
1235.000 0.914
1240.000 0.929
1245.000 0.953
1250.000 0.969
1255.000 0.998
1260.000 1.028
1265.000 1.045
1270.000 1.075
1275.000 1.097
1280.000 1.128
1285.000 1.163
1290.000 1.180
1295.000 1.220
1300.000 1.249
1305.000 1.295
1310.000 1.343
1315.000 1.369
1320.000 1.430
1325.000 1.461
1330.000 1.522
1335.000 1.587
1340.000 1.623
1345.000 1.697
1350.000 1.740
1355.000 1.816
1360.000 1.905
1365.000 1.953
1370.000 2.045
1375.000 2.090
1380.000 2.206
1385.000 2.315
1390.000 2.383
1395.000 2.523
1400.000 2.598
1405.000 2.760
1410.000 2.936
1415.000 3.028
1420.000 3.235
1425.000 3.336
1430.000 3.561
1435.000 3.796
1440.000 3.912
1445.000 4.140
1450.000 4.265
1455.000 4.445
1460.000 4.573
1465.000 4.605
1470.000 4.646
1475.000 4.661
1480.000 4.665
1485.000 4.624
1490.000 4.580
1495.000 4.461
1500.000 4.392
1505.000 4.221
1510.000 4.025
1515.000 3.932
1520.000 3.743
1525.000 3.656
1530.000 3.478
1535.000 3.311
1540.000 3.235
1545.000 3.086
1550.000 3.014
1555.000 2.882
1560.000 2.753
1565.000 2.699
1570.000 2.587
1575.000 2.533
1580.000 2.434
1585.000 2.338
1590.000 2.291
1595.000 2.200
1600.000 2.157
1605.000 2.072
1610.000 1.991
1615.000 1.949
1620.000 1.874
1625.000 1.840
1630.000 1.762
1635.000 1.695
1640.000 1.653
1645.000 1.578
1650.000 1.541
1655.000 1.486
1660.000 1.419
1665.000 1.398
1670.000 1.358
1675.000 1.341
1680.000 1.322
1685.000 1.321
1690.000 1.329
1695.000 1.359
1700.000 1.381
1705.000 1.434
1710.000 1.497
1715.000 1.530
1720.000 1.596
1725.000 1.628
1730.000 1.686
1735.000 1.735
1740.000 1.757
1745.000 1.802
1750.000 1.814
1755.000 1.842
1760.000 1.853
1765.000 1.869
1770.000 1.883
1775.000 1.875
1780.000 1.877
1785.000 1.875
1790.000 1.879
1795.000 1.880
1800.000 1.882
1805.000 1.884
1810.000 1.884
1815.000 1.882
1820.000 1.877
1825.000 1.877
1830.000 1.880
1835.000 1.876
1840.000 1.881
1845.000 1.882
1850.000 1.876
1855.000 1.881
1860.000 1.879
1865.000 1.880
1870.000 1.879
1875.000 1.882
1880.000 1.883
1885.000 1.882
1890.000 1.882
1895.000 1.883
1900.000 1.879
1905.000 1.877
1910.000 1.877
1915.000 1.874
1920.000 1.875
1925.000 1.875
1930.000 1.869
1935.000 1.874
1940.000 1.868
1945.000 1.863
1950.000 1.862
1955.000 1.862
1960.000 1.863
1965.000 1.860
1970.000 1.849
1975.000 1.851
1980.000 1.839
1985.000 1.832
1990.000 1.831
1995.000 1.821
2000.000 1.817
2005.000 1.816
2010.000 1.809
2015.000 1.806
2020.000 1.796
2025.000 1.791
2030.000 1.777
2035.000 1.769
2040.000 1.765
2045.000 1.748
2050.000 1.740
2055.000 1.734
2060.000 1.717
2065.000 1.705
2070.000 1.689
2075.000 1.681
2080.000 1.661
2085.000 1.654
2090.000 1.634
2095.000 1.615
2100.000 1.608
2105.000 1.590
2110.000 1.580
2115.000 1.557
2120.000 1.536
2125.000 1.523
2130.000 1.505
2135.000 1.496
2140.000 1.478
2145.000 1.459
2150.000 1.449
2155.000 1.425
2160.000 1.416
2165.000 1.395
2170.000 1.375
2175.000 1.364
2180.000 1.340
2185.000 1.331
2190.000 1.309
2195.000 1.284
2200.000 1.272
2205.000 1.249
2210.000 1.238
2215.000 1.213
2220.000 1.189
2225.000 1.178
2230.000 1.155
2235.000 1.146
2240.000 1.122
2245.000 1.100
2250.000 1.090
2255.000 1.071
2260.000 1.060
2265.000 1.040
2270.000 1.021
2275.000 1.014
2280.000 0.997
2285.000 0.985
2290.000 0.968
2295.000 0.955
2300.000 0.947
2305.000 0.932
2310.000 0.925
2315.000 0.912
2320.000 0.900
2325.000 0.893
2330.000 0.884
2335.000 0.875
2340.000 0.860
2345.000 0.853
2350.000 0.843
2355.000 0.829
2360.000 0.822
2365.000 0.808
2370.000 0.802
2375.000 0.791
2380.000 0.779
2385.000 0.772
2390.000 0.763
2395.000 0.758
2400.000 0.747
2405.000 0.737
2410.000 0.733
2415.000 0.724
2420.000 0.720
2425.000 0.710
2430.000 0.703
2435.000 0.696
2440.000 0.690
2445.000 0.685
2450.000 0.677
2455.000 0.670
2460.000 0.667
2465.000 0.660
2470.000 0.656
2475.000 0.648
2480.000 0.644
2485.000 0.639
2490.000 0.633
2495.000 0.631
2500.000 0.625
2505.000 0.618
2510.000 0.615
2515.000 0.608
2520.000 0.607
2525.000 0.602
2530.000 0.595
2535.000 0.592
2540.000 0.588
2545.000 0.589
2550.000 0.580
2555.000 0.577
2560.000 0.574
2565.000 0.568
2570.000 0.567
2575.000 0.563
2580.000 0.558
2585.000 0.554
2590.000 0.554
2595.000 0.551
2600.000 0.548
2605.000 0.548
2610.000 0.546
2615.000 0.540
2620.000 0.539
2625.000 0.538
2630.000 0.532
2635.000 0.534
2640.000 0.532
2645.000 0.530
2650.000 0.526
2655.000 0.523
2660.000 0.522
2665.000 0.521
2670.000 0.523
2675.000 0.519
2680.000 0.516
2685.000 0.517
2690.000 0.514
2695.000 0.514
2700.000 0.513
2705.000 0.511
2710.000 0.509
2715.000 0.508
2720.000 0.506
2725.000 0.508
2730.000 0.505
2735.000 0.505
2740.000 0.503
2745.000 0.503
2750.000 0.505
2755.000 0.503
2760.000 0.502
2765.000 0.502
2770.000 0.501
2775.000 0.503
2780.000 0.500
2785.000 0.499
2790.000 0.502
2795.000 0.502
2800.000 0.501
2805.000 0.501
2810.000 0.501
2815.000 0.502
2820.000 0.503
2825.000 0.502
2830.000 0.505
2835.000 0.504
2840.000 0.503
2845.000 0.506
2850.000 0.508
2855.000 0.509
2860.000 0.510
2865.000 0.512
2870.000 0.513
2875.000 0.515
2880.000 0.517
2885.000 0.519
2890.000 0.521
2895.000 0.522
2900.000 0.524
2905.000 0.528
2910.000 0.530
2915.000 0.538
2920.000 0.539
2925.000 0.543
2930.000 0.546
2935.000 0.547
2940.000 0.550
2945.000 0.555
2950.000 0.558
2955.000 0.558
2960.000 0.567
2965.000 0.571
2970.000 0.573
2975.000 0.573
2980.000 0.575
2985.000 0.580
2990.000 0.589
2995.000 0.590
3000.000 0.600
3005.000 0.598
3010.000 0.603
3015.000 0.607
3020.000 0.618
3025.000 0.620
3030.000 0.633
3035.000 0.632
3040.000 0.647
3045.000 0.652
3050.000 0.654
3055.000 0.661
3060.000 0.668
3065.000 0.680
3070.000 0.683
3075.000 0.690
3080.000 0.700
3085.000 0.708
3090.000 0.723
3095.000 0.724
3100.000 0.738
3105.000 0.744
3110.000 0.755
3115.000 0.767
3120.000 0.775
3125.000 0.787
3130.000 0.794
3135.000 0.809
3140.000 0.825
3145.000 0.833
3150.000 0.851
3155.000 0.860
3160.000 0.882
3165.000 0.907
3170.000 0.919
3175.000 0.932
3180.000 0.943
3185.000 0.965
3190.000 0.988
3195.000 0.998
3200.000 1.020
3205.000 1.033
3210.000 1.062
3215.000 1.091
3220.000 1.107
3225.000 1.141
3230.000 1.160
3235.000 1.197
3240.000 1.218
3245.000 1.262
3250.000 1.303
3255.000 1.329
3260.000 1.381
3265.000 1.408
3270.000 1.460
3275.000 1.522
3280.000 1.557
3285.000 1.621
3290.000 1.655
3295.000 1.735
3300.000 1.819
3305.000 1.861
3310.000 1.953
3315.000 2.003
3320.000 2.108
3325.000 2.220
3330.000 2.284
3335.000 2.415
3340.000 2.481
3345.000 2.633
3350.000 2.803
3355.000 2.902
3360.000 3.123
3365.000 3.252
3370.000 3.555
3375.000 3.937
3380.000 4.161
3385.000 4.666
3390.000 4.952
3395.000 5.559
3400.000 6.160
3405.000 6.396
3410.000 6.713
3415.000 6.630
3420.000 6.436
3425.000 5.903
3430.000 5.634
3435.000 5.137
3440.000 4.696
3445.000 4.485
3450.000 4.083
3455.000 3.903
3460.000 3.564
3465.000 3.270
3470.000 3.136
3475.000 2.897
3480.000 2.782
3485.000 2.584
3490.000 2.409
3495.000 2.329
3500.000 2.187
3505.000 2.121
3510.000 1.998
3515.000 1.887
3520.000 1.841
3525.000 1.746
3530.000 1.697
3535.000 1.613
3540.000 1.579
3545.000 1.512
3550.000 1.449
3555.000 1.417
3560.000 1.358
3565.000 1.334
3570.000 1.285
3575.000 1.236
3580.000 1.215
3585.000 1.178
3590.000 1.156
3595.000 1.118
3600.000 1.080
3605.000 1.063
3610.000 1.034
3615.000 1.012
3620.000 0.972
3625.000 0.934
3630.000 0.919
3635.000 0.892
3640.000 0.878
3645.000 0.849
3650.000 0.822
3655.000 0.808
3660.000 0.786
3665.000 0.776
3670.000 0.753
3675.000 0.733
3680.000 0.727
3685.000 0.713
3690.000 0.702
3695.000 0.689
3700.000 0.672
3705.000 0.662
3710.000 0.651
3715.000 0.644
3720.000 0.632
3725.000 0.618
3730.000 0.610
3735.000 0.599
3740.000 0.593
3745.000 0.581
3750.000 0.571
3755.000 0.568
3760.000 0.559
3765.000 0.555
3770.000 0.563
3775.000 0.553
3780.000 0.544
3785.000 0.531
3790.000 0.527
3795.000 0.517
3800.000 0.507
3805.000 0.503
3810.000 0.496
3815.000 0.495
3820.000 0.488
3825.000 0.481
3830.000 0.479
3835.000 0.471
3840.000 0.470
3845.000 0.466
3850.000 0.463
3855.000 0.459
3860.000 0.456
3865.000 0.454
3870.000 0.454
3875.000 0.452
3880.000 0.449
3885.000 0.446
3890.000 0.443
3895.000 0.441
3900.000 0.441
3905.000 0.437
3910.000 0.451
3915.000 0.449
3920.000 0.443
3925.000 0.441
3930.000 0.438
3935.000 0.442
3940.000 0.440
3945.000 0.441
3950.000 0.440
3955.000 0.436
3960.000 0.439
3965.000 0.436
3970.000 0.438
3975.000 0.438
3980.000 0.436
3985.000 0.440
3990.000 0.435
3995.000 0.438
4000.000 0.438
4005.000 0.440
4010.000 0.441
4015.000 0.441
4020.000 0.435
4025.000 0.447
4030.000 0.448
4035.000 0.438
4040.000 0.442
4045.000 0.443
4050.000 0.441
4055.000 0.446
4060.000 0.443
4065.000 0.442
4070.000 0.447
4075.000 0.449
4080.000 0.450
4085.000 0.450
4090.000 0.450
4095.000 0.452
4100.000 0.453
4105.000 0.456
4110.000 0.461
4115.000 0.462
4120.000 0.463
4125.000 0.466
4130.000 0.471
4135.000 0.475
4140.000 0.477
4145.000 0.480
4150.000 0.482
4155.000 0.488
4160.000 0.499
4165.000 0.504
4170.000 0.509
4175.000 0.511
4180.000 0.519
4185.000 0.526
4190.000 0.528
4195.000 0.536
4200.000 0.539
4205.000 0.549
4210.000 0.557
4215.000 0.563
4220.000 0.576
4225.000 0.582
4230.000 0.593
4235.000 0.607
4240.000 0.614
4245.000 0.629
4250.000 0.640
4255.000 0.656
4260.000 0.674
4265.000 0.681
4270.000 0.712
4275.000 0.738
4280.000 0.756
4285.000 0.770
4290.000 0.781
4295.000 0.808
4300.000 0.821
4305.000 0.841
4310.000 0.858
4315.000 0.868
4320.000 0.896
4325.000 0.913
4330.000 0.948
4335.000 0.995
4340.000 1.023
4345.000 1.091
4350.000 1.125
4355.000 1.195
4360.000 1.274
4365.000 1.334
4370.000 1.452
4375.000 1.519
4380.000 1.699
4385.000 1.915
4390.000 2.034
4395.000 2.314
4400.000 2.470
4405.000 2.818
4410.000 3.163
4415.000 3.338
4420.000 3.459
4425.000 3.389
4430.000 3.103
4435.000 2.912
4440.000 2.509
4445.000 2.159
4450.000 2.040
4455.000 1.793
4460.000 1.689
4465.000 1.491
4470.000 1.340
4475.000 1.270
4480.000 1.175
4485.000 1.118
4490.000 1.014
4495.000 0.926
4500.000 0.885
4505.000 0.822
4510.000 0.792
4515.000 0.733
4520.000 0.676
4525.000 0.647
4530.000 0.604
4535.000 0.585
4540.000 0.546
4545.000 0.515
4550.000 0.501
4555.000 0.474
4560.000 0.462
4565.000 0.439
4570.000 0.420
4575.000 0.411
4580.000 0.394
4585.000 0.385
4590.000 0.369
4595.000 0.350
4600.000 0.342
4605.000 0.327
4610.000 0.320
4615.000 0.306
4620.000 0.296
4625.000 0.292
4630.000 0.282
4635.000 0.277
4640.000 0.269
4645.000 0.261
4650.000 0.258
4655.000 0.252
4660.000 0.250
4665.000 0.245
4670.000 0.240
4675.000 0.236
4680.000 0.233
4685.000 0.230
4690.000 0.227
4695.000 0.223
4700.000 0.219
4705.000 0.212
4710.000 0.209
4715.000 0.207
4720.000 0.201
4725.000 0.199
4730.000 0.194
4735.000 0.190
4740.000 0.185
4745.000 0.179
4750.000 0.176
4755.000 0.168
4760.000 0.165
4765.000 0.157
4770.000 0.150
4775.000 0.146
4780.000 0.139
4785.000 0.134
4790.000 0.125
4795.000 0.118
4800.000 0.114
4805.000 0.105
4810.000 0.102
4815.000 0.093
4820.000 0.087
4825.000 0.083
4830.000 0.075
4835.000 0.073
4840.000 0.067
4845.000 0.061
4850.000 0.058
4855.000 0.052
4860.000 0.050
4865.000 0.046
4870.000 0.041
4875.000 0.039
4880.000 0.036
4885.000 0.035
4890.000 0.032
4895.000 0.032
4900.000 0.031
4905.000 0.030
4910.000 0.033
4915.000 0.035
4920.000 0.036
4925.000 0.037
4930.000 0.039
4935.000 0.043
4940.000 0.045
4945.000 0.049
4950.000 0.051
4955.000 0.054
4960.000 0.058
4965.000 0.063
4970.000 0.065
4975.000 0.069
4980.000 0.074
4985.000 0.075
4990.000 0.083
4995.000 0.087
5000.000 0.088
5005.000 0.098
5010.000 0.100
5015.000 0.107
5020.000 0.109
5025.000 0.115
5030.000 0.122
5035.000 0.121
5040.000 0.130
5045.000 0.133
5050.000 0.140
5055.000 0.151
5060.000 0.155
5065.000 0.165
5070.000 0.168
5075.000 0.175
5080.000 0.188
5085.000 0.192
5090.000 0.201
5095.000 0.205
5100.000 0.217
5105.000 0.225
5110.000 0.229
5115.000 0.234
5120.000 0.238
5125.000 0.243
5130.000 0.248
5135.000 0.249
5140.000 0.253
5145.000 0.255
5150.000 0.258
5155.000 0.261
5160.000 0.261
5165.000 0.263
5170.000 0.264
5175.000 0.266
5180.000 0.266
5185.000 0.268
5190.000 0.268
5195.000 0.270
5200.000 0.273
5205.000 0.274
5210.000 0.272
5215.000 0.270
5220.000 0.271
5225.000 0.272
5230.000 0.268
5235.000 0.270
5240.000 0.270
5245.000 0.271
5250.000 0.267
5255.000 0.266
5260.000 0.264
5265.000 0.264
5270.000 0.263
5275.000 0.259
5280.000 0.259
5285.000 0.260
5290.000 0.260
5295.000 0.259
5300.000 0.256
5305.000 0.255
5310.000 0.252
5315.000 0.253
5320.000 0.251
5325.000 0.250
5330.000 0.247
5335.000 0.246
5340.000 0.247
5345.000 0.245
5350.000 0.246
5355.000 0.244
5360.000 0.243
5365.000 0.241
5370.000 0.241
5375.000 0.240
5380.000 0.236
5385.000 0.237
5390.000 0.234
5395.000 0.235
5400.000 0.233
5405.000 0.234
5410.000 0.232
5415.000 0.229
5420.000 0.229
5425.000 0.228
5430.000 0.227
5435.000 0.226
5440.000 0.226
5445.000 0.227
5450.000 0.224
5455.000 0.223
5460.000 0.222
5465.000 0.222
5470.000 0.222
5475.000 0.220
5480.000 0.220
5485.000 0.222
5490.000 0.220
5495.000 0.219
5500.000 0.218
5505.000 0.218
5510.000 0.218
5515.000 0.216
5520.000 0.216
5525.000 0.217
5530.000 0.216
5535.000 0.216
5540.000 0.213
5545.000 0.213
5550.000 0.212
5555.000 0.212
5560.000 0.211
5565.000 0.209
5570.000 0.209
5575.000 0.210
5580.000 0.207
5585.000 0.207
5590.000 0.210
5595.000 0.210
5600.000 0.208
5605.000 0.206
5610.000 0.206
5615.000 0.206
5620.000 0.205
5625.000 0.206
5630.000 0.208
5635.000 0.207
5640.000 0.206
5645.000 0.207
5650.000 0.208
5655.000 0.206
5660.000 0.208
5665.000 0.206
5670.000 0.205
5675.000 0.205
5680.000 0.205
5685.000 0.207
5690.000 0.206
5695.000 0.208
5700.000 0.209
5705.000 0.207
5710.000 0.206
5715.000 0.209
5720.000 0.213
5725.000 0.219
5730.000 0.239
5735.000 0.234
5740.000 0.233
5745.000 0.230
5750.000 0.228
5755.000 0.227
5760.000 0.223
5765.000 0.218
5770.000 0.219
5775.000 0.218
5780.000 0.219
5785.000 0.218
5790.000 0.218
5795.000 0.215
5800.000 0.213
5805.000 0.215
5810.000 0.213
5815.000 0.214
5820.000 0.213
5825.000 0.212
5830.000 0.214
5835.000 0.213
5840.000 0.213
5845.000 0.214
5850.000 0.213
5855.000 0.214
5860.000 0.215
5865.000 0.217
5870.000 0.216
5875.000 0.216
5880.000 0.216
5885.000 0.219
5890.000 0.218
5895.000 0.219
5900.000 0.219
5905.000 0.218
5910.000 0.218
5915.000 0.217
5920.000 0.219
5925.000 0.216
5930.000 0.221
5935.000 0.222
5940.000 0.221
5945.000 0.222
5950.000 0.220
5955.000 0.220
5960.000 0.223
5965.000 0.223
5970.000 0.226
5975.000 0.227
5980.000 0.226
5985.000 0.231
5990.000 0.224
5995.000 0.231
6000.000 0.230
6005.000 0.229
6010.000 0.226
6015.000 0.232
6020.000 0.234
6025.000 0.234
6030.000 0.230
6035.000 0.233
6040.000 0.230
6045.000 0.231
6050.000 0.236
6055.000 0.235
6060.000 0.238
6065.000 0.235
6070.000 0.236
6075.000 0.236
6080.000 0.239
6085.000 0.240
6090.000 0.241
6095.000 0.242
6100.000 0.243
6105.000 0.244
6110.000 0.246
6115.000 0.247
6120.000 0.247
6125.000 0.250
6130.000 0.248
6135.000 0.250
6140.000 0.251
6145.000 0.252
6150.000 0.256
6155.000 0.259
6160.000 0.260
6165.000 0.262
6170.000 0.266
6175.000 0.273
6180.000 0.297
6185.000 0.303
6190.000 0.296
6195.000 0.294
6200.000 0.291
6205.000 0.288
6210.000 0.302
6215.000 0.300
6220.000 0.298
6225.000 0.297
6230.000 0.294
6235.000 0.294
6240.000 0.294
6245.000 0.294
6250.000 0.296
6255.000 0.297
6260.000 0.299
6265.000 0.299
6270.000 0.301
6275.000 0.304
6280.000 0.306
6285.000 0.311
6290.000 0.312
6295.000 0.313
6300.000 0.326
6305.000 0.330
6310.000 0.332
6315.000 0.336
6320.000 0.349
6325.000 0.349
6330.000 0.347
6335.000 0.346
6340.000 0.348
6345.000 0.353
6350.000 0.359
6355.000 0.362
6360.000 0.371
6365.000 0.373
6370.000 0.377
6375.000 0.385
6380.000 0.386
6385.000 0.391
6390.000 0.394
6395.000 0.401
6400.000 0.405
6405.000 0.409
6410.000 0.416
6415.000 0.422
6420.000 0.427
6425.000 0.436
6430.000 0.441
6435.000 0.447
6440.000 0.452
6445.000 0.459
6450.000 0.469
6455.000 0.476
6460.000 0.486
6465.000 0.491
6470.000 0.501
6475.000 0.513
6480.000 0.519
6485.000 0.534
6490.000 0.538
6495.000 0.553
6500.000 0.564
6505.000 0.575
6510.000 0.589
6515.000 0.598
6520.000 0.615
6525.000 0.627
6530.000 0.645
6535.000 0.667
6540.000 0.676
6545.000 0.699
6550.000 0.709
6555.000 0.731
6560.000 1.166
6565.000 1.244
6570.000 1.280
6575.000 1.280
6580.000 1.170
6585.000 1.098
6590.000 1.070
6595.000 1.036
6600.000 1.027
6605.000 1.026
6610.000 1.062
6615.000 1.091
6620.000 1.154
6625.000 1.231
6630.000 1.265
6635.000 1.352
6640.000 1.394
6645.000 1.477
6650.000 1.593
6655.000 1.661
6660.000 1.811
6665.000 1.898
6670.000 2.105
6675.000 2.367
6680.000 2.525
6685.000 2.919
6690.000 3.160
6695.000 3.756
6700.000 4.535
6705.000 5.009
6710.000 6.095
6715.000 6.700
6720.000 7.903
6725.000 8.827
6730.000 9.062
6735.000 8.797
6740.000 8.282
6745.000 6.945
6750.000 5.611
6755.000 5.023
6760.000 4.074
6765.000 3.698
6770.000 3.095
6775.000 2.672
6780.000 2.514
6785.000 2.281
6790.000 2.182
6795.000 2.010
6800.000 1.927
6805.000 1.788
6810.000 1.668
6815.000 1.613
6820.000 1.514
6825.000 1.471
6830.000 1.390
6835.000 1.320
6840.000 1.286
6845.000 1.243
6850.000 1.213
6855.000 1.158
6860.000 1.116
6865.000 1.091
6870.000 1.045
6875.000 1.023
6880.000 0.987
6885.000 0.951
6890.000 0.938
6895.000 0.908
6900.000 0.886
6905.000 0.849
6910.000 0.809
6915.000 0.790
6920.000 0.758
6925.000 0.745
6930.000 0.716
6935.000 0.693
6940.000 0.679
6945.000 0.659
6950.000 0.648
6955.000 0.632
6960.000 0.619
6965.000 0.613
6970.000 0.596
6975.000 0.591
6980.000 0.580
6985.000 0.563
6990.000 0.557
6995.000 0.542
7000.000 0.542
7005.000 0.527
7010.000 0.519
7015.000 0.514
7020.000 0.512
7025.000 0.505
7030.000 0.499
7035.000 0.492
7040.000 0.487
7045.000 0.482
7050.000 0.481
7055.000 0.475
7060.000 0.470
7065.000 0.470
7070.000 0.464
7075.000 0.462
7080.000 0.461
7085.000 0.459
7090.000 0.458
7095.000 0.454
7100.000 0.454
7105.000 0.450
7110.000 0.450
7115.000 0.449
7120.000 0.447
7125.000 0.447
7130.000 0.446
7135.000 0.446
7140.000 0.444
7145.000 0.446
7150.000 0.446
7155.000 0.446
7160.000 0.446
7165.000 0.448
7170.000 0.449
7175.000 0.449
7180.000 0.452
7185.000 0.451
7190.000 0.454
7195.000 0.457
7200.000 0.458
7205.000 0.462
7210.000 0.463
7215.000 0.468
7220.000 0.473
7225.000 0.476
7230.000 0.480
7235.000 0.482
7240.000 0.489
7245.000 0.498
7250.000 0.501
7255.000 0.511
7260.000 0.512
7265.000 0.524
7270.000 0.535
7275.000 0.540
7280.000 0.550
7285.000 0.559
7290.000 0.572
7295.000 0.589
7300.000 0.597
7305.000 0.613
7310.000 0.623
7315.000 0.640
7320.000 0.660
7325.000 0.667
7330.000 0.680
7335.000 0.688
7340.000 0.706
7345.000 0.729
7350.000 0.740
7355.000 0.779
7360.000 0.794
7365.000 0.826
7370.000 0.866
7375.000 0.866
7380.000 0.869
7385.000 0.875
7390.000 0.898
7395.000 0.931
7400.000 0.953
7405.000 0.986
7410.000 1.010
7415.000 1.060
7420.000 1.109
7425.000 1.139
7430.000 1.202
7435.000 1.235
7440.000 1.311
7445.000 1.394
7450.000 1.444
7455.000 1.554
7460.000 1.621
7465.000 1.768
7470.000 1.957
7475.000 2.069
7480.000 2.338
7485.000 2.496
7490.000 2.878
7495.000 3.353
7500.000 3.620
7505.000 4.175
7510.000 4.443
7515.000 4.847
7520.000 4.907
7525.000 4.766
7530.000 4.247
7535.000 3.939
7540.000 3.333
7545.000 2.815
7550.000 2.605
7555.000 2.283
7560.000 2.154
7565.000 1.935
7570.000 1.749
7575.000 1.667
7580.000 1.520
7585.000 1.452
7590.000 1.335
7595.000 1.235
7600.000 1.188
7605.000 1.108
7610.000 1.077
7615.000 1.006
7620.000 0.945
7625.000 0.917
7630.000 0.867
7635.000 0.844
7640.000 0.802
7645.000 0.763
7650.000 0.743
7655.000 0.710
7660.000 0.695
7665.000 0.666
7670.000 0.672
7675.000 0.665
7680.000 0.621
7685.000 0.603
7690.000 0.564
7695.000 0.547
7700.000 0.518
7705.000 0.490
7710.000 0.480
7715.000 0.458
7720.000 0.449
7725.000 0.432
7730.000 0.415
7735.000 0.409
7740.000 0.395
7745.000 0.388
7750.000 0.374
7755.000 0.365
7760.000 0.360
7765.000 0.349
7770.000 0.346
7775.000 0.337
7780.000 0.330
7785.000 0.325
7790.000 0.317
7795.000 0.311
7800.000 0.305
7805.000 0.300
7810.000 0.296
7815.000 0.290
7820.000 0.288
7825.000 0.281
7830.000 0.276
7835.000 0.272
7840.000 0.268
7845.000 0.266
7850.000 0.261
7855.000 0.257
7860.000 0.255
7865.000 0.250
7870.000 0.248
7875.000 0.244
7880.000 0.241
7885.000 0.239
7890.000 0.235
7895.000 0.233
7900.000 0.231
7905.000 0.227
7910.000 0.225
7915.000 0.223
7920.000 0.221
7925.000 0.219
7930.000 0.215
7935.000 0.215
7940.000 0.210
7945.000 0.210
7950.000 0.207
7955.000 0.206
7960.000 0.205
7965.000 0.204
7970.000 0.205
7975.000 0.203
7980.000 0.205
7985.000 0.205
7990.000 0.209
7995.000 0.205
8000.000 0.204
8005.000 0.203
8010.000 0.205
8015.000 0.201
8020.000 0.198
8025.000 0.199
8030.000 0.196
8035.000 0.199
8040.000 0.194
8045.000 0.192
8050.000 0.192
8055.000 0.186
8060.000 0.185
8065.000 0.181
8070.000 0.181
8075.000 0.181
8080.000 0.179
8085.000 0.178
8090.000 0.180
8095.000 0.180
8100.000 0.181
8105.000 0.179
8110.000 0.179
8115.000 0.178
8120.000 0.178
8125.000 0.177
8130.000 0.177
8135.000 0.176
8140.000 0.175
8145.000 0.175
8150.000 0.176
8155.000 0.174
8160.000 0.175
8165.000 0.174
8170.000 0.173
8175.000 0.173
8180.000 0.173
8185.000 0.174
8190.000 0.171
8195.000 0.172
8200.000 0.171
8205.000 0.170
8210.000 0.170
8215.000 0.170
8220.000 0.170
8225.000 0.171
8230.000 0.170
8235.000 0.169
8240.000 0.169
8245.000 0.169
8250.000 0.169
8255.000 0.168
8260.000 0.169
8265.000 0.168
8270.000 0.168
8275.000 0.167
8280.000 0.167
8285.000 0.167
8290.000 0.167
8295.000 0.167
8300.000 0.167
8305.000 0.166
8310.000 0.166
8315.000 0.166
8320.000 0.166
8325.000 0.164
8330.000 0.165
8335.000 0.166
8340.000 0.165
8345.000 0.165
8350.000 0.165
8355.000 0.165
8360.000 0.165
8365.000 0.165
8370.000 0.164
8375.000 0.165
8380.000 0.165
8385.000 0.163
8390.000 0.163
8395.000 0.164
8400.000 0.165
8405.000 0.164
8410.000 0.163
8415.000 0.162
8420.000 0.163
8425.000 0.163
8430.000 0.163
8435.000 0.162
8440.000 0.162
8445.000 0.163
8450.000 0.162
8455.000 0.163
8460.000 0.163
8465.000 0.163
8470.000 0.164
8475.000 0.163
8480.000 0.162
8485.000 0.162
8490.000 0.162
8495.000 0.162
8500.000 0.164
8505.000 0.163
8510.000 0.162
8515.000 0.162
8520.000 0.161
8525.000 0.163
8530.000 0.161
8535.000 0.162
8540.000 0.163
8545.000 0.163
8550.000 0.162
8555.000 0.161
8560.000 0.163
8565.000 0.164
8570.000 0.162
8575.000 0.163
8580.000 0.163
8585.000 0.162
8590.000 0.163
8595.000 0.163
8600.000 0.163
8605.000 0.163
8610.000 0.163
8615.000 0.163
8620.000 0.162
8625.000 0.163
8630.000 0.164
8635.000 0.164
8640.000 0.163
8645.000 0.165
8650.000 0.164
8655.000 0.163
8660.000 0.164
8665.000 0.165
8670.000 0.164
8675.000 0.165
8680.000 0.165
8685.000 0.165
8690.000 0.166
8695.000 0.165
8700.000 0.164
8705.000 0.166
8710.000 0.165
8715.000 0.166
8720.000 0.166
8725.000 0.167
8730.000 0.168
8735.000 0.168
8740.000 0.170
8745.000 0.169
8750.000 0.170
8755.000 0.170
8760.000 0.171
8765.000 0.171
8770.000 0.171
8775.000 0.170
8780.000 0.171
8785.000 0.171
8790.000 0.170
8795.000 0.171
8800.000 0.171
8805.000 0.171
8810.000 0.172
8815.000 0.172
8820.000 0.173
8825.000 0.171
8830.000 0.179
8835.000 0.174
8840.000 0.181
8845.000 0.179
8850.000 0.175
8855.000 0.175
8860.000 0.176
8865.000 0.174
8870.000 0.173
8875.000 0.174
8880.000 0.173
8885.000 0.174
8890.000 0.174
8895.000 0.175
8900.000 0.175
8905.000 0.175
8910.000 0.176
8915.000 0.177
8920.000 0.177
8925.000 0.177
8930.000 0.178
8935.000 0.177
8940.000 0.178
8945.000 0.177
8950.000 0.179
8955.000 0.179
8960.000 0.177
8965.000 0.177
8970.000 0.174
8975.000 0.177
8980.000 0.177
8985.000 0.175
8990.000 0.174
8995.000 0.174
9000.000 0.174
9005.000 0.177
9010.000 0.179
9015.000 0.177
9020.000 0.179
9025.000 0.180
9030.000 0.186
9035.000 0.183
9040.000 0.185
9045.000 0.186
9050.000 0.183
9055.000 0.186
9060.000 0.186
9065.000 0.187
9070.000 0.189
9075.000 0.188
9080.000 0.188
9085.000 0.187
9090.000 0.188
9095.000 0.188
9100.000 0.189
9105.000 0.189
9110.000 0.190
9115.000 0.190
9120.000 0.193
9125.000 0.192
9130.000 0.193
9135.000 0.192
9140.000 0.193
9145.000 0.194
9150.000 0.196
9155.000 0.197
9160.000 0.197
9165.000 0.198
9170.000 0.196
9175.000 0.197
9180.000 0.198
9185.000 0.199
9190.000 0.200
9195.000 0.200
9200.000 0.199
9205.000 0.199
9210.000 0.197
9215.000 0.200
9220.000 0.201
9225.000 0.202
9230.000 0.201
9235.000 0.201
9240.000 0.202
9245.000 0.205
9250.000 0.204
9255.000 0.204
9260.000 0.205
9265.000 0.204
9270.000 0.205
9275.000 0.206
9280.000 0.205
9285.000 0.205
9290.000 0.207
9295.000 0.206
9300.000 0.207
9305.000 0.206
9310.000 0.208
9315.000 0.208
9320.000 0.208
9325.000 0.209
9330.000 0.209
9335.000 0.210
9340.000 0.210
9345.000 0.211
9350.000 0.213
9355.000 0.213
9360.000 0.214
9365.000 0.213
9370.000 0.213
9375.000 0.213
9380.000 0.215
9385.000 0.216
9390.000 0.215
9395.000 0.216
9400.000 0.217
9405.000 0.218
9410.000 0.220
9415.000 0.220
9420.000 0.221
9425.000 0.223
9430.000 0.223
9435.000 0.226
9440.000 0.226
9445.000 0.224
9450.000 0.227
9455.000 0.225
9460.000 0.227
9465.000 0.228
9470.000 0.229
9475.000 0.230
9480.000 0.230
9485.000 0.232
9490.000 0.234
9495.000 0.232
9500.000 0.235
9505.000 0.236
9510.000 0.235
9515.000 0.238
9520.000 0.238
9525.000 0.238
9530.000 0.241
9535.000 0.244
9540.000 0.243
9545.000 0.244
9550.000 0.246
9555.000 0.245
9560.000 0.249
9565.000 0.249
9570.000 0.251
9575.000 0.250
9580.000 0.253
9585.000 0.257
9590.000 0.258
9595.000 0.258
9600.000 0.258
9605.000 0.260
9610.000 0.262
9615.000 0.266
9620.000 0.268
9625.000 0.273
9630.000 0.272
9635.000 0.274
9640.000 0.273
9645.000 0.276
9650.000 0.278
9655.000 0.279
9660.000 0.280
9665.000 0.282
9670.000 0.285
9675.000 0.285
9680.000 0.289
9685.000 0.291
9690.000 0.292
9695.000 0.298
9700.000 0.299
9705.000 0.302
9710.000 0.306
9715.000 0.308
9720.000 0.309
9725.000 0.311
9730.000 0.316
9735.000 0.319
9740.000 0.323
9745.000 0.325
9750.000 0.329
9755.000 0.333
9760.000 0.338
9765.000 0.342
9770.000 0.350
9775.000 0.351
9780.000 0.357
9785.000 0.359
9790.000 0.364
9795.000 0.371
9800.000 0.376
9805.000 0.385
9810.000 0.392
9815.000 0.401
9820.000 0.410
9825.000 0.415
9830.000 0.420
9835.000 0.430
9840.000 0.433
9845.000 0.439
9850.000 0.445
9855.000 0.455
9860.000 0.469
9865.000 0.474
9870.000 0.488
9875.000 0.496
9880.000 0.512
9885.000 0.526
9890.000 0.539
9895.000 0.556
9900.000 0.567
9905.000 0.589
9910.000 0.608
9915.000 0.621
9920.000 0.649
9925.000 0.666
9930.000 0.701
9935.000 0.734
9940.000 0.756
9945.000 0.795
9950.000 0.819
9955.000 0.877
9960.000 0.933
9965.000 0.969
9970.000 1.043
9975.000 1.090
9980.000 1.199
9985.000 1.329
9990.000 1.412
9995.000 1.602
10000.000 1.717
10005.000 1.972
10010.000 2.287
10015.000 2.449
10020.000 2.755
10025.000 2.867
10030.000 2.946
10035.000 2.789
10040.000 2.637
10045.000 2.341
10050.000 2.168
10055.000 1.850
10060.000 1.590
10065.000 1.491
10070.000 1.311
10075.000 1.236
10080.000 1.110
10085.000 1.052
10090.000 0.956
10095.000 0.870
10100.000 0.832
10105.000 0.764
10110.000 0.734
10115.000 0.683
10120.000 0.633
10125.000 0.612
10130.000 0.571
10135.000 0.554
10140.000 0.520
10145.000 0.493
10150.000 0.479
10155.000 0.455
10160.000 0.440
10165.000 0.421
10170.000 0.401
10175.000 0.392
10180.000 0.375
10185.000 0.365
10190.000 0.351
10195.000 0.336
10200.000 0.329
10205.000 0.315
10210.000 0.307
10215.000 0.293
10220.000 0.277
10225.000 0.272
10230.000 0.258
10235.000 0.253
10240.000 0.242
10245.000 0.233
10250.000 0.228
10255.000 0.220
10260.000 0.216
10265.000 0.210
10270.000 0.202
10275.000 0.199
10280.000 0.194
10285.000 0.192
10290.000 0.186
10295.000 0.183
10300.000 0.180
10305.000 0.178
10310.000 0.175
10315.000 0.172
10320.000 0.168
10325.000 0.166
10330.000 0.165
10335.000 0.163
10340.000 0.161
10345.000 0.159
10350.000 0.159
10355.000 0.157
10360.000 0.156
10365.000 0.154
10370.000 0.154
10375.000 0.153
10380.000 0.152
10385.000 0.154
10390.000 0.152
10395.000 0.151
10400.000 0.151
10405.000 0.151
10410.000 0.152
10415.000 0.152
10420.000 0.151
10425.000 0.152
10430.000 0.153
10435.000 0.154
10440.000 0.155
10445.000 0.156
10450.000 0.158
10455.000 0.160
10460.000 0.162
10465.000 0.164
10470.000 0.166
10475.000 0.170
10480.000 0.172
10485.000 0.175
10490.000 0.179
10495.000 0.182
10500.000 0.186
10505.000 0.194
10510.000 0.197
10515.000 0.205
10520.000 0.207
10525.000 0.216
10530.000 0.221
10535.000 0.222
10540.000 0.226
10545.000 0.228
10550.000 0.233
10555.000 0.241
10560.000 0.245
10565.000 0.256
10570.000 0.261
10575.000 0.271
10580.000 0.282
10585.000 0.291
10590.000 0.306
10595.000 0.314
10600.000 0.329
10605.000 0.351
10610.000 0.362
10615.000 0.386
10620.000 0.399
10625.000 0.425
10630.000 0.451
10635.000 0.467
10640.000 0.496
10645.000 0.515
10650.000 0.554
10655.000 0.601
10660.000 0.626
10665.000 0.686
10670.000 0.720
10675.000 0.794
10680.000 0.890
10685.000 0.937
10690.000 1.071
10695.000 1.146
10700.000 1.309
10705.000 1.494
10710.000 1.598
10715.000 1.785
10720.000 1.867
10725.000 1.978
10730.000 1.983
10735.000 1.938
10740.000 1.790
10745.000 1.699
10750.000 1.518
10755.000 1.345
10760.000 1.271
10765.000 1.139
10770.000 1.088
10775.000 0.997
10780.000 0.926
10785.000 0.891
10790.000 0.831
10795.000 0.800
10800.000 0.751
10805.000 0.704
10810.000 0.684
10815.000 0.644
10820.000 0.628
10825.000 0.594
10830.000 0.562
10835.000 0.551
10840.000 0.525
10845.000 0.514
10850.000 0.492
10855.000 0.472
10860.000 0.461
10865.000 0.443
10870.000 0.435
10875.000 0.421
10880.000 0.408
10885.000 0.403
10890.000 0.389
10895.000 0.385
10900.000 0.375
10905.000 0.363
10910.000 0.361
10915.000 0.352
10920.000 0.348
10925.000 0.338
10930.000 0.329
10935.000 0.326
10940.000 0.320
10945.000 0.317
10950.000 0.310
10955.000 0.302
10960.000 0.299
10965.000 0.294
10970.000 0.290
10975.000 0.290
10980.000 0.285
10985.000 0.284
10990.000 0.276
10995.000 0.275
11000.000 0.269
11005.000 0.270
11010.000 0.265
11015.000 0.264
11020.000 0.264
11025.000 0.262
11030.000 0.258
11035.000 0.255
11040.000 0.274
11045.000 0.272
11050.000 0.263
11055.000 0.256
11060.000 0.246
11065.000 0.238
11070.000 0.238
11075.000 0.235
11080.000 0.232
11085.000 0.225
11090.000 0.223
11095.000 0.223
11100.000 0.223
11105.000 0.221
11110.000 0.219
11115.000 0.217
11120.000 0.215
11125.000 0.213
11130.000 0.213
11135.000 0.211
11140.000 0.211
11145.000 0.209
11150.000 0.209
11155.000 0.208
11160.000 0.206
11165.000 0.205
11170.000 0.204
11175.000 0.204
11180.000 0.204
11185.000 0.202
11190.000 0.201
11195.000 0.199
11200.000 0.198
11205.000 0.197
11210.000 0.197
11215.000 0.195
11220.000 0.194
11225.000 0.193
11230.000 0.193
11235.000 0.192
11240.000 0.191
11245.000 0.189
11250.000 0.188
11255.000 0.188
11260.000 0.187
11265.000 0.188
11270.000 0.187
11275.000 0.184
11280.000 0.183
11285.000 0.184
11290.000 0.182
11295.000 0.184
11300.000 0.182
11305.000 0.181
11310.000 0.181
11315.000 0.180
11320.000 0.180
11325.000 0.179
11330.000 0.179
11335.000 0.178
11340.000 0.177
11345.000 0.177
11350.000 0.178
11355.000 0.176
11360.000 0.176
11365.000 0.175
11370.000 0.174
11375.000 0.173
11380.000 0.172
11385.000 0.174
11390.000 0.173
11395.000 0.172
11400.000 0.173
11405.000 0.173
11410.000 0.171
11415.000 0.172
11420.000 0.170
11425.000 0.171
11430.000 0.169
11435.000 0.168
11440.000 0.168
11445.000 0.168
11450.000 0.167
11455.000 0.167
11460.000 0.166
11465.000 0.164
11470.000 0.165
11475.000 0.165
11480.000 0.166
11485.000 0.166
11490.000 0.165
11495.000 0.165
11500.000 0.164
11505.000 0.164
11510.000 0.164
11515.000 0.162
11520.000 0.163
11525.000 0.163
11530.000 0.163
11535.000 0.160
11540.000 0.161
11545.000 0.161
11550.000 0.159
11555.000 0.161
11560.000 0.160
11565.000 0.159
11570.000 0.160
11575.000 0.161
11580.000 0.159
11585.000 0.158
11590.000 0.159
11595.000 0.158
11600.000 0.158
11605.000 0.158
11610.000 0.158
11615.000 0.159
11620.000 0.158
11625.000 0.158
11630.000 0.157
11635.000 0.156
11640.000 0.157
11645.000 0.156
11650.000 0.156
11655.000 0.157
11660.000 0.157
11665.000 0.157
11670.000 0.155
11675.000 0.156
11680.000 0.156
11685.000 0.157
11690.000 0.157
11695.000 0.156
11700.000 0.155
11705.000 0.155
11710.000 0.155
11715.000 0.155
11720.000 0.155
11725.000 0.153
11730.000 0.155
11735.000 0.153
11740.000 0.154
11745.000 0.154
11750.000 0.154
11755.000 0.153
11760.000 0.154
11765.000 0.154
11770.000 0.154
11775.000 0.152
11780.000 0.153
11785.000 0.152
11790.000 0.154
11795.000 0.153
11800.000 0.152
11805.000 0.151
11810.000 0.150
11815.000 0.152
11820.000 0.152
11825.000 0.150
11830.000 0.152
11835.000 0.150
11840.000 0.151
11845.000 0.151
11850.000 0.150
11855.000 0.150
11860.000 0.151
11865.000 0.151
11870.000 0.149
11875.000 0.148
11880.000 0.149
11885.000 0.150
11890.000 0.149
11895.000 0.150
11900.000 0.149
11905.000 0.150
11910.000 0.149
11915.000 0.147
11920.000 0.147
11925.000 0.147
11930.000 0.150
11935.000 0.147
11940.000 0.147
11945.000 0.150
11950.000 0.147
11955.000 0.149
11960.000 0.147
11965.000 0.148
11970.000 0.147
11975.000 0.147
11980.000 0.147
11985.000 0.147
11990.000 0.146
11995.000 0.147
12000.000 0.149
