105.000 0.014
110.000 0.011
115.000 1.455
120.000 1.942
125.000 2.160
130.000 2.679
135.000 2.938
140.000 3.366
145.000 3.746
150.000 4.007
155.000 4.346
160.000 4.476
165.000 4.735
170.000 4.911
175.000 5.047
180.000 5.158
185.000 5.275
190.000 5.512
195.000 5.710
200.000 5.817
205.000 6.148
210.000 6.290
215.000 6.874
220.000 7.333
225.000 7.594
230.000 7.976
235.000 8.081
240.000 8.338
245.000 8.456
250.000 8.598
255.000 8.767
260.000 8.784
265.000 8.988
270.000 9.092
275.000 9.107
280.000 9.205
285.000 9.177
290.000 9.179
295.000 9.210
300.000 9.118
305.000 8.887
310.000 8.793
315.000 8.722
320.000 8.698
325.000 8.691
330.000 8.735
335.000 8.807
340.000 8.893
345.000 9.069
350.000 9.162
355.000 9.393
360.000 9.546
365.000 9.905
370.000 10.373
375.000 10.657
380.000 11.342
385.000 11.734
390.000 12.663
395.000 13.773
400.000 14.430
405.000 15.658
410.000 16.244
415.000 17.348
420.000 18.309
425.000 18.710
430.000 19.359
435.000 19.605
440.000 19.937
445.000 20.023
450.000 19.967
455.000 19.616
460.000 19.332
465.000 18.663
470.000 17.821
475.000 17.397
480.000 16.446
485.000 15.956
490.000 14.963
495.000 13.998
500.000 13.466
505.000 12.601
510.000 12.151
515.000 11.315
520.000 10.493
525.000 10.085
530.000 9.322
535.000 8.938
540.000 8.199
545.000 7.788
550.000 6.980
555.000 6.273
560.000 5.929
565.000 5.325
570.000 5.061
575.000 4.581
580.000 4.169
585.000 3.999
590.000 3.672
595.000 3.511
600.000 3.141
605.000 2.823
610.000 2.678
615.000 2.421
620.000 2.312
625.000 2.120
630.000 1.978
635.000 1.934
640.000 1.841
645.000 1.799
650.000 1.717
655.000 1.640
660.000 1.592
665.000 1.505
670.000 1.467
675.000 1.390
680.000 1.327
685.000 1.297
690.000 1.248
695.000 1.214
700.000 1.168
705.000 1.132
710.000 1.112
715.000 1.076
720.000 1.059
725.000 1.024
730.000 0.998
735.000 0.983
740.000 0.958
745.000 0.947
750.000 0.922
755.000 0.902
760.000 0.893
765.000 0.872
770.000 0.865
775.000 0.843
780.000 0.821
785.000 0.813
790.000 0.795
795.000 0.786
800.000 0.778
805.000 0.772
810.000 0.781
815.000 0.790
820.000 0.796
825.000 0.803
830.000 0.803
835.000 0.804
840.000 0.804
845.000 0.802
850.000 0.799
855.000 0.800
860.000 0.803
865.000 0.807
870.000 0.808
875.000 0.817
880.000 0.825
885.000 0.831
890.000 0.845
895.000 0.850
900.000 0.868
905.000 0.893
910.000 0.903
915.000 0.933
920.000 0.951
925.000 0.993
930.000 1.044
935.000 1.070
940.000 1.137
945.000 1.178
950.000 1.235
955.000 1.307
960.000 1.341
965.000 1.410
970.000 1.458
975.000 1.541
980.000 1.642
985.000 1.701
990.000 1.827
995.000 1.889
1000.000 2.011
1005.000 2.125
1010.000 2.186
1015.000 2.271
1020.000 2.300
1025.000 2.332
1030.000 2.291
1035.000 2.222
1040.000 2.096
1045.000 2.002
1050.000 1.854
1055.000 1.700
1060.000 1.628
1065.000 1.493
1070.000 1.429
1075.000 1.321
1080.000 1.218
1085.000 1.175
1090.000 1.087
1095.000 1.042
1100.000 0.955
1105.000 0.885
1110.000 0.853
1115.000 0.794
1120.000 0.769
1125.000 0.726
1130.000 0.705
1135.000 0.668
1140.000 0.636
1145.000 0.620
1150.000 0.598
1155.000 0.586
1160.000 0.564
1165.000 0.542
1170.000 0.534
1175.000 0.517
1180.000 0.510
1185.000 0.495
1190.000 0.483
1195.000 0.478
1200.000 0.466
1205.000 0.461
1210.000 0.450
1215.000 0.440
1220.000 0.438
1225.000 0.430
1230.000 0.426
1235.000 0.419
1240.000 0.412
1245.000 0.410
1250.000 0.404
1255.000 0.400
1260.000 0.395
1265.000 0.390
1270.000 0.387
1275.000 0.383
1280.000 0.382
1285.000 0.377
1290.000 0.374
1295.000 0.371
1300.000 0.369
1305.000 0.368
1310.000 0.364
1315.000 0.362
1320.000 0.360
1325.000 0.358
1330.000 0.358
1335.000 0.354
1340.000 0.353
1345.000 0.353
1350.000 0.351
1355.000 0.349
1360.000 0.349
1365.000 0.349
1370.000 0.347
1375.000 0.347
1380.000 0.348
1385.000 0.346
1390.000 0.347
1395.000 0.347
1400.000 0.347
1405.000 0.347
1410.000 0.347
1415.000 0.349
1420.000 0.349
1425.000 0.351
1430.000 0.351
1435.000 0.352
1440.000 0.353
1445.000 0.355
1450.000 0.357
1455.000 0.358
1460.000 0.362
1465.000 0.362
1470.000 0.365
1475.000 0.368
1480.000 0.371
1485.000 0.373
1490.000 0.374
1495.000 0.380
1500.000 0.383
1505.000 0.386
1510.000 0.389
1515.000 0.392
1520.000 0.400
1525.000 0.402
1530.000 0.405
1535.000 0.412
1540.000 0.415
1545.000 0.422
1550.000 0.425
1555.000 0.430
1560.000 0.438
1565.000 0.442
1570.000 0.448
1575.000 0.456
1580.000 0.460
1585.000 0.467
1590.000 0.472
1595.000 0.479
1600.000 0.487
1605.000 0.494
1610.000 0.498
1615.000 0.502
1620.000 0.508
1625.000 0.515
1630.000 0.516
1635.000 0.521
1640.000 0.524
1645.000 0.528
1650.000 0.533
1655.000 0.534
1660.000 0.540
1665.000 0.547
1670.000 0.557
1675.000 0.580
1680.000 0.597
1685.000 0.631
1690.000 0.648
1695.000 0.697
1700.000 0.767
1705.000 0.812
1710.000 0.924
1715.000 0.984
1720.000 1.122
1725.000 1.275
1730.000 1.358
1735.000 1.531
1740.000 1.626
1745.000 1.826
1750.000 2.041
1755.000 2.155
1760.000 2.407
1765.000 2.537
1770.000 2.760
1775.000 3.011
1780.000 3.138
1785.000 3.424
1790.000 3.586
1795.000 3.938
1800.000 4.352
1805.000 4.576
1810.000 5.036
1815.000 5.284
1820.000 5.833
1825.000 6.405
1830.000 6.744
1835.000 7.528
1840.000 7.963
1845.000 8.926
1850.000 10.014
1855.000 10.592
1860.000 11.792
1865.000 12.411
1870.000 13.640
1875.000 14.699
1880.000 15.118
1885.000 15.632
1890.000 15.671
1895.000 15.225
1900.000 14.115
1905.000 13.354
1910.000 11.774
1915.000 10.986
1920.000 9.561
1925.000 8.354
1930.000 7.830
1935.000 6.947
1940.000 6.572
1945.000 5.947
1950.000 5.550
1955.000 5.399
1960.000 5.119
1965.000 4.992
1970.000 4.747
1975.000 4.531
1980.000 4.429
1985.000 4.228
1990.000 4.135
1995.000 3.961
2000.000 3.806
2005.000 3.728
2010.000 3.579
2015.000 3.512
2020.000 3.381
2025.000 3.324
2030.000 3.206
2035.000 3.085
2040.000 3.034
2045.000 2.930
2050.000 2.880
2055.000 2.789
2060.000 2.702
2065.000 2.653
2070.000 2.572
2075.000 2.531
2080.000 2.453
2085.000 2.376
2090.000 2.340
2095.000 2.267
2100.000 2.232
2105.000 2.165
2110.000 2.097
2115.000 2.070
2120.000 1.997
2125.000 1.962
2130.000 1.890
2135.000 1.824
2140.000 1.794
2145.000 1.732
2150.000 1.702
2155.000 1.645
2160.000 1.595
2165.000 1.568
2170.000 1.518
2175.000 1.495
2180.000 1.448
2185.000 1.402
2190.000 1.380
2195.000 1.340
2200.000 1.317
2205.000 1.279
2210.000 1.234
2215.000 1.209
2220.000 1.155
2225.000 1.126
2230.000 1.079
2235.000 1.031
2240.000 1.010
2245.000 0.970
2250.000 0.951
2255.000 0.917
2260.000 0.881
2265.000 0.863
2270.000 0.834
2275.000 0.820
2280.000 0.795
2285.000 0.769
2290.000 0.758
2295.000 0.733
2300.000 0.722
2305.000 0.701
2310.000 0.681
2315.000 0.674
2320.000 0.655
2325.000 0.646
2330.000 0.630
2335.000 0.613
2340.000 0.606
2345.000 0.592
2350.000 0.584
2355.000 0.571
2360.000 0.560
2365.000 0.553
2370.000 0.543
2375.000 0.536
2380.000 0.525
2385.000 0.516
2390.000 0.509
2395.000 0.501
2400.000 0.496
2405.000 0.486
2410.000 0.478
2415.000 0.474
2420.000 0.466
2425.000 0.464
2430.000 0.456
2435.000 0.448
2440.000 0.445
2445.000 0.439
2450.000 0.435
2455.000 0.430
2460.000 0.425
2465.000 0.421
2470.000 0.414
2475.000 0.412
2480.000 0.408
2485.000 0.403
2490.000 0.400
2495.000 0.396
2500.000 0.393
2505.000 0.389
2510.000 0.384
2515.000 0.381
2520.000 0.378
2525.000 0.376
2530.000 0.371
2535.000 0.367
2540.000 0.366
2545.000 0.361
2550.000 0.360
2555.000 0.356
2560.000 0.354
2565.000 0.351
2570.000 0.347
2575.000 0.345
2580.000 0.343
2585.000 0.338
2590.000 0.338
2595.000 0.335
2600.000 0.333
2605.000 0.331
2610.000 0.329
2615.000 0.327
2620.000 0.324
2625.000 0.322
2630.000 0.321
2635.000 0.319
2640.000 0.318
2645.000 0.315
2650.000 0.314
2655.000 0.313
2660.000 0.312
2665.000 0.310
2670.000 0.308
2675.000 0.307
2680.000 0.305
2685.000 0.305
2690.000 0.303
2695.000 0.301
2700.000 0.301
2705.000 0.300
2710.000 0.300
2715.000 0.299
2720.000 0.298
2725.000 0.296
2730.000 0.296
2735.000 0.295
2740.000 0.295
2745.000 0.293
2750.000 0.294
2755.000 0.293
2760.000 0.293
2765.000 0.293
2770.000 0.293
2775.000 0.293
2780.000 0.291
2785.000 0.291
2790.000 0.291
2795.000 0.289
2800.000 0.290
2805.000 0.290
2810.000 0.290
2815.000 0.290
2820.000 0.292
2825.000 0.293
2830.000 0.292
2835.000 0.291
2840.000 0.293
2845.000 0.294
2850.000 0.293
2855.000 0.295
2860.000 0.295
2865.000 0.297
2870.000 0.298
2875.000 0.297
2880.000 0.301
2885.000 0.302
2890.000 0.302
2895.000 0.304
2900.000 0.304
2905.000 0.306
2910.000 0.306
2915.000 0.306
2920.000 0.307
2925.000 0.309
2930.000 0.310
2935.000 0.314
2940.000 0.315
2945.000 0.317
2950.000 0.319
2955.000 0.325
2960.000 0.321
2965.000 0.325
2970.000 0.326
2975.000 0.327
2980.000 0.330
2985.000 0.331
2990.000 0.340
2995.000 0.344
3000.000 0.340
3005.000 0.357
3010.000 0.360
3015.000 0.361
3020.000 0.358
3025.000 0.366
3030.000 0.372
3035.000 0.370
3040.000 0.371
3045.000 0.377
3050.000 0.380
3055.000 0.387
3060.000 0.388
3065.000 0.398
3070.000 0.402
3075.000 0.404
3080.000 0.413
3085.000 0.418
3090.000 0.426
3095.000 0.434
3100.000 0.439
3105.000 0.447
3110.000 0.453
3115.000 0.464
3120.000 0.476
3125.000 0.481
3130.000 0.497
3135.000 0.503
3140.000 0.517
3145.000 0.534
3150.000 0.542
3155.000 0.562
3160.000 0.573
3165.000 0.594
3170.000 0.616
3175.000 0.628
3180.000 0.657
3185.000 0.669
3190.000 0.690
3195.000 0.710
3200.000 0.723
3205.000 0.746
3210.000 0.757
3215.000 0.781
3220.000 0.794
3225.000 0.823
3230.000 0.857
3235.000 0.872
3240.000 0.911
3245.000 0.929
3250.000 0.970
3255.000 1.015
3260.000 1.040
3265.000 1.095
3270.000 1.123
3275.000 1.188
3280.000 1.260
3285.000 1.296
3290.000 1.378
3295.000 1.427
3300.000 1.535
3305.000 1.672
3310.000 1.752
3315.000 1.946
3320.000 2.066
3325.000 2.348
3330.000 2.728
3335.000 2.960
3340.000 3.572
3345.000 3.954
3350.000 4.927
3355.000 6.265
3360.000 7.079
3365.000 8.947
3370.000 9.922
3375.000 11.629
3380.000 12.409
3385.000 12.232
3390.000 10.540
3395.000 9.390
3400.000 7.229
3405.000 5.498
3410.000 4.833
3415.000 3.833
3420.000 3.452
3425.000 2.866
3430.000 2.444
3435.000 2.292
3440.000 2.075
3445.000 1.982
3450.000 1.828
3455.000 1.696
3460.000 1.637
3465.000 1.529
3470.000 1.480
3475.000 1.392
3480.000 1.318
3485.000 1.282
3490.000 1.218
3495.000 1.185
3500.000 1.127
3505.000 1.072
3510.000 1.042
3515.000 0.983
3520.000 0.956
3525.000 0.908
3530.000 0.867
3535.000 0.846
3540.000 0.808
3545.000 0.791
3550.000 0.756
3555.000 0.726
3560.000 0.712
3565.000 0.687
3570.000 0.676
3575.000 0.657
3580.000 0.637
3585.000 0.630
3590.000 0.613
3595.000 0.607
3600.000 0.594
3605.000 0.584
3610.000 0.579
3615.000 0.568
3620.000 0.565
3625.000 0.559
3630.000 0.551
3635.000 0.548
3640.000 0.542
3645.000 0.542
3650.000 0.541
3655.000 0.542
3660.000 0.541
3665.000 0.538
3670.000 0.544
3675.000 0.548
3680.000 0.549
3685.000 0.547
3690.000 0.546
3695.000 0.544
3700.000 0.547
3705.000 0.547
3710.000 0.547
3715.000 0.548
3720.000 0.551
3725.000 0.555
3730.000 0.563
3735.000 0.566
3740.000 0.575
3745.000 0.578
3750.000 0.593
3755.000 0.597
3760.000 0.596
3765.000 0.609
3770.000 0.611
3775.000 0.618
3780.000 0.624
3785.000 0.629
3790.000 0.647
3795.000 0.652
3800.000 0.667
3805.000 0.671
3810.000 0.683
3815.000 0.699
3820.000 0.727
3825.000 0.742
3830.000 0.761
3835.000 0.774
3840.000 0.809
3845.000 0.820
3850.000 0.844
3855.000 0.858
3860.000 0.894
3865.000 0.934
3870.000 0.959
3875.000 1.007
3880.000 1.027
3885.000 1.073
3890.000 1.118
3895.000 1.146
3900.000 1.201
3905.000 1.229
3910.000 1.296
3915.000 1.376
3920.000 1.420
3925.000 1.515
3930.000 1.575
3935.000 1.716
3940.000 1.890
3945.000 2.001
3950.000 2.269
3955.000 2.433
3960.000 2.855
3965.000 3.417
3970.000 3.778
3975.000 4.662
3980.000 5.195
3985.000 6.377
3990.000 7.450
3995.000 7.796
4000.000 7.792
4005.000 7.364
4010.000 6.131
4015.000 4.840
4020.000 4.279
4025.000 3.399
4030.000 3.054
4035.000 2.516
4040.000 2.132
4045.000 2.001
4050.000 1.792
4055.000 1.698
4060.000 1.551
4065.000 1.426
4070.000 1.366
4075.000 1.264
4080.000 1.216
4085.000 1.134
4090.000 1.058
4095.000 1.021
4100.000 0.962
4105.000 0.936
4110.000 0.881
4115.000 0.827
4120.000 0.803
4125.000 0.754
4130.000 0.735
4135.000 0.689
4140.000 0.642
4145.000 0.622
4150.000 0.584
4155.000 0.567
4160.000 0.547
4165.000 0.521
4170.000 0.508
4175.000 0.486
4180.000 0.473
4185.000 0.455
4190.000 0.434
4195.000 0.425
4200.000 0.407
4205.000 0.401
4210.000 0.386
4215.000 0.373
4220.000 0.367
4225.000 0.357
4230.000 0.352
4235.000 0.343
4240.000 0.336
4245.000 0.331
4250.000 0.325
4255.000 0.321
4260.000 0.314
4265.000 0.314
4270.000 0.313
4275.000 0.303
4280.000 0.297
4285.000 0.288
4290.000 0.280
4295.000 0.276
4300.000 0.268
4305.000 0.260
4310.000 0.265
4315.000 0.259
4320.000 0.255
4325.000 0.251
4330.000 0.246
4335.000 0.245
4340.000 0.241
4345.000 0.241
4350.000 0.238
4355.000 0.236
4360.000 0.235
4365.000 0.238
4370.000 0.237
4375.000 0.239
4380.000 0.238
4385.000 0.236
4390.000 0.236
4395.000 0.241
4400.000 0.240
4405.000 0.238
4410.000 0.238
4415.000 0.237
4420.000 0.240
4425.000 0.239
4430.000 0.238
4435.000 0.242
4440.000 0.243
4445.000 0.242
4450.000 0.242
4455.000 0.243
4460.000 0.242
4465.000 0.244
4470.000 0.245
4475.000 0.246
4480.000 0.249
4485.000 0.251
4490.000 0.253
4495.000 0.254
4500.000 0.258
4505.000 0.262
4510.000 0.263
4515.000 0.269
4520.000 0.274
4525.000 0.280
4530.000 0.288
4535.000 0.293
4540.000 0.298
4545.000 0.303
4550.000 0.309
4555.000 0.317
4560.000 0.323
4565.000 0.337
4570.000 0.347
4575.000 0.363
4580.000 0.376
4585.000 0.384
4590.000 0.400
4595.000 0.409
4600.000 0.423
4605.000 0.439
4610.000 0.446
4615.000 0.464
4620.000 0.469
4625.000 0.487
4630.000 0.505
4635.000 0.525
4640.000 0.545
4645.000 0.561
4650.000 0.591
4655.000 0.623
4660.000 0.645
4665.000 0.683
4670.000 0.704
4675.000 0.755
4680.000 0.818
4685.000 0.854
4690.000 0.909
4695.000 0.940
4700.000 1.027
4705.000 1.068
4710.000 1.175
4715.000 1.315
4720.000 1.399
4725.000 1.596
4730.000 1.717
4735.000 1.970
4740.000 2.377
4745.000 2.615
4750.000 3.173
4755.000 3.497
4760.000 4.033
4765.000 4.135
4770.000 3.921
4775.000 3.191
4780.000 2.759
4785.000 2.026
4790.000 1.500
4795.000 1.300
4800.000 1.008
4805.000 0.891
4810.000 0.725
4815.000 0.603
4820.000 0.548
4825.000 0.462
4830.000 0.422
4835.000 0.344
4840.000 0.285
4845.000 0.260
4850.000 0.223
4855.000 0.205
4860.000 0.177
4865.000 0.155
4870.000 0.145
4875.000 0.130
4880.000 0.124
4885.000 0.112
4890.000 0.105
4895.000 0.101
4900.000 0.097
4905.000 0.096
4910.000 0.092
4915.000 0.090
4920.000 0.090
4925.000 0.089
4930.000 0.088
4935.000 0.087
4940.000 0.089
4945.000 0.089
4950.000 0.090
4955.000 0.090
4960.000 0.092
4965.000 0.092
4970.000 0.094
4975.000 0.092
4980.000 0.092
4985.000 0.097
4990.000 0.095
4995.000 0.099
5000.000 0.098
5005.000 0.102
5010.000 0.102
5015.000 0.103
5020.000 0.099
5025.000 0.104
5030.000 0.106
5035.000 0.106
5040.000 0.111
5045.000 0.109
5050.000 0.108
5055.000 0.112
5060.000 0.112
5065.000 0.114
5070.000 0.115
5075.000 0.117
5080.000 0.118
5085.000 0.118
5090.000 0.121
5095.000 0.125
5100.000 0.124
5105.000 0.124
5110.000 0.126
5115.000 0.127
5120.000 0.128
5125.000 0.129
5130.000 0.129
5135.000 0.130
5140.000 0.132
5145.000 0.133
5150.000 0.136
5155.000 0.136
5160.000 0.139
5165.000 0.137
5170.000 0.138
5175.000 0.140
5180.000 0.139
5185.000 0.139
5190.000 0.140
5195.000 0.139
5200.000 0.139
5205.000 0.140
5210.000 0.139
5215.000 0.139
5220.000 0.138
5225.000 0.138
5230.000 0.138
5235.000 0.137
5240.000 0.135
5245.000 0.134
5250.000 0.135
5255.000 0.136
5260.000 0.133
5265.000 0.134
5270.000 0.133
5275.000 0.131
5280.000 0.132
5285.000 0.133
5290.000 0.133
5295.000 0.131
5300.000 0.130
5305.000 0.129
5310.000 0.130
5315.000 0.129
5320.000 0.127
5325.000 0.126
5330.000 0.126
5335.000 0.126
5340.000 0.126
5345.000 0.125
5350.000 0.126
5355.000 0.125
5360.000 0.124
5365.000 0.125
5370.000 0.124
5375.000 0.123
5380.000 0.124
5385.000 0.126
5390.000 0.125
5395.000 0.125
5400.000 0.125
5405.000 0.124
5410.000 0.124
5415.000 0.124
5420.000 0.124
5425.000 0.124
5430.000 0.123
5435.000 0.125
5440.000 0.125
5445.000 0.124
5450.000 0.124
5455.000 0.125
5460.000 0.123
5465.000 0.123
5470.000 0.124
5475.000 0.123
5480.000 0.123
5485.000 0.122
5490.000 0.123
5495.000 0.123
5500.000 0.124
5505.000 0.124
5510.000 0.123
5515.000 0.124
5520.000 0.124
5525.000 0.125
5530.000 0.125
5535.000 0.126
5540.000 0.125
5545.000 0.126
5550.000 0.125
5555.000 0.125
5560.000 0.124
5565.000 0.125
5570.000 0.126
5575.000 0.125
5580.000 0.126
5585.000 0.127
5590.000 0.127
5595.000 0.130
5600.000 0.130
5605.000 0.129
5610.000 0.130
5615.000 0.129
5620.000 0.130
5625.000 0.131
5630.000 0.130
5635.000 0.131
5640.000 0.131
5645.000 0.131
5650.000 0.133
5655.000 0.132
5660.000 0.132
5665.000 0.133
5670.000 0.134
5675.000 0.135
5680.000 0.133
5685.000 0.133
5690.000 0.135
5695.000 0.136
5700.000 0.136
5705.000 0.136
5710.000 0.136
5715.000 0.138
5720.000 0.137
5725.000 0.137
5730.000 0.139
5735.000 0.140
5740.000 0.140
5745.000 0.142
5750.000 0.141
5755.000 0.140
5760.000 0.143
5765.000 0.143
5770.000 0.143
5775.000 0.144
5780.000 0.146
5785.000 0.147
5790.000 0.146
5795.000 0.148
5800.000 0.148
5805.000 0.150
5810.000 0.147
5815.000 0.146
5820.000 0.149
5825.000 0.149
5830.000 0.147
5835.000 0.150
5840.000 0.149
5845.000 0.150
5850.000 0.150
5855.000 0.150
5860.000 0.150
5865.000 0.150
5870.000 0.150
5875.000 0.150
5880.000 0.152
5885.000 0.151
5890.000 0.151
5895.000 0.153
5900.000 0.152
5905.000 0.153
5910.000 0.155
5915.000 0.154
5920.000 0.155
5925.000 0.152
5930.000 0.152
5935.000 0.155
5940.000 0.157
5945.000 0.156
5950.000 0.159
5955.000 0.156
5960.000 0.155
5965.000 0.158
5970.000 0.158
5975.000 0.161
5980.000 0.163
5985.000 0.157
5990.000 0.159
5995.000 0.157
6000.000 0.163
6005.000 0.160
6010.000 0.158
6015.000 0.162
6020.000 0.165
6025.000 0.163
6030.000 0.164
6035.000 0.166
6040.000 0.169
6045.000 0.167
6050.000 0.163
6055.000 0.168
6060.000 0.166
6065.000 0.165
6070.000 0.166
6075.000 0.166
6080.000 0.165
6085.000 0.166
6090.000 0.166
6095.000 0.169
6100.000 0.167
6105.000 0.168
6110.000 0.168
6115.000 0.168
6120.000 0.169
6125.000 0.171
6130.000 0.172
6135.000 0.172
6140.000 0.173
6145.000 0.174
6150.000 0.175
6155.000 0.177
6160.000 0.175
6165.000 0.176
6170.000 0.178
6175.000 0.180
6180.000 0.180
6185.000 0.180
6190.000 0.181
6195.000 0.183
6200.000 0.184
6205.000 0.185
6210.000 0.187
6215.000 0.188
6220.000 0.188
6225.000 0.188
6230.000 0.191
6235.000 0.191
6240.000 0.193
6245.000 0.194
6250.000 0.194
6255.000 0.196
6260.000 0.199
6265.000 0.201
6270.000 0.203
6275.000 0.203
6280.000 0.206
6285.000 0.207
6290.000 0.209
6295.000 0.211
6300.000 0.212
6305.000 0.217
6310.000 0.225
6315.000 0.226
6320.000 0.230
6325.000 0.228
6330.000 0.229
6335.000 0.229
6340.000 0.232
6345.000 0.236
6350.000 0.238
6355.000 0.244
6360.000 0.244
6365.000 0.249
6370.000 0.253
6375.000 0.254
6380.000 0.259
6385.000 0.260
6390.000 0.267
6395.000 0.273
6400.000 0.273
6405.000 0.279
6410.000 0.283
6415.000 0.289
6420.000 0.296
6425.000 0.300
6430.000 0.305
6435.000 0.312
6440.000 0.318
6445.000 0.325
6450.000 0.329
6455.000 0.337
6460.000 0.341
6465.000 0.353
6470.000 0.363
6475.000 0.368
6480.000 0.379
6485.000 0.383
6490.000 0.398
6495.000 0.410
6500.000 0.417
6505.000 0.432
6510.000 0.438
6515.000 0.458
6520.000 0.474
6525.000 0.485
6530.000 0.507
6535.000 0.519
6540.000 0.542
6545.000 0.566
6550.000 0.579
6555.000 0.610
6560.000 0.627
6565.000 0.658
6570.000 0.697
6575.000 0.718
6580.000 0.767
6585.000 0.790
6590.000 0.847
6595.000 0.911
6600.000 0.946
6605.000 1.034
6610.000 1.087
6615.000 1.204
6620.000 1.360
6625.000 1.451
6630.000 1.681
6635.000 1.827
6640.000 2.191
6645.000 2.705
6650.000 3.033
6655.000 3.885
6660.000 4.415
6665.000 5.708
6670.000 7.206
6675.000 7.961
6680.000 9.225
6685.000 9.599
6690.000 9.416
6695.000 7.901
6700.000 6.950
6705.000 5.272
6710.000 4.582
6715.000 3.523
6720.000 2.806
6725.000 2.535
6730.000 2.117
6735.000 1.955
6740.000 1.709
6745.000 1.543
6750.000 1.482
6755.000 1.383
6760.000 1.341
6765.000 1.260
6770.000 1.224
6775.000 1.158
6780.000 1.107
6785.000 1.085
6790.000 1.041
6795.000 1.024
6800.000 0.986
6805.000 0.952
6810.000 0.939
6815.000 0.908
6820.000 0.897
6825.000 0.872
6830.000 0.852
6835.000 0.841
6840.000 0.830
6845.000 0.822
6850.000 0.809
6855.000 0.794
6860.000 0.790
6865.000 0.779
6870.000 0.774
6875.000 0.765
6880.000 0.757
6885.000 0.754
6890.000 0.749
6895.000 0.747
6900.000 0.746
6905.000 0.743
6910.000 0.743
6915.000 0.747
6920.000 0.750
6925.000 0.753
6930.000 0.755
6935.000 0.758
6940.000 0.761
6945.000 0.766
6950.000 0.771
6955.000 0.781
6960.000 0.788
6965.000 0.800
6970.000 0.806
6975.000 0.813
6980.000 0.830
6985.000 0.838
6990.000 0.853
6995.000 0.860
7000.000 0.885
7005.000 0.902
7010.000 0.915
7015.000 0.940
7020.000 0.961
7025.000 0.987
7030.000 1.031
7035.000 1.049
7040.000 1.094
7045.000 1.122
7050.000 1.168
7055.000 1.229
7060.000 1.266
7065.000 1.332
7070.000 1.373
7075.000 1.460
7080.000 1.565
7085.000 1.623
7090.000 1.769
7095.000 1.855
7100.000 2.069
7105.000 2.343
7110.000 2.516
7115.000 2.939
7120.000 3.210
7125.000 3.871
7130.000 4.778
7135.000 5.269
7140.000 6.311
7145.000 6.805
7150.000 7.590
7155.000 7.417
7160.000 6.965
7165.000 5.783
7170.000 5.176
7175.000 4.165
7180.000 3.351
7185.000 3.033
7190.000 2.528
7195.000 2.337
7200.000 2.061
7205.000 1.866
7210.000 1.781
7215.000 1.634
7220.000 1.566
7225.000 1.443
7230.000 1.338
7235.000 1.292
7240.000 1.206
7245.000 1.169
7250.000 1.101
7255.000 1.041
7260.000 1.013
7265.000 0.965
7270.000 0.940
7275.000 0.894
7280.000 0.859
7285.000 0.841
7290.000 0.808
7295.000 0.792
7300.000 0.751
7305.000 0.715
7310.000 0.696
7315.000 0.663
7320.000 0.649
7325.000 0.622
7330.000 0.600
7335.000 0.591
7340.000 0.569
7345.000 0.559
7350.000 0.545
7355.000 0.538
7360.000 0.524
7365.000 0.519
7370.000 0.515
7375.000 0.496
7380.000 0.486
7385.000 0.473
7390.000 0.462
7395.000 0.459
7400.000 0.449
7405.000 0.445
7410.000 0.437
7415.000 0.432
7420.000 0.428
7425.000 0.424
7430.000 0.421
7435.000 0.416
7440.000 0.411
7445.000 0.409
7450.000 0.406
7455.000 0.402
7460.000 0.400
7465.000 0.397
7470.000 0.397
7475.000 0.394
7480.000 0.393
7485.000 0.392
7490.000 0.391
7495.000 0.391
7500.000 0.391
7505.000 0.389
7510.000 0.392
7515.000 0.390
7520.000 0.390
7525.000 0.392
7530.000 0.392
7535.000 0.393
7540.000 0.395
7545.000 0.396
7550.000 0.399
7555.000 0.400
7560.000 0.404
7565.000 0.407
7570.000 0.409
7575.000 0.414
7580.000 0.417
7585.000 0.423
7590.000 0.430
7595.000 0.432
7600.000 0.439
7605.000 0.446
7610.000 0.454
7615.000 0.464
7620.000 0.472
7625.000 0.485
7630.000 0.491
7635.000 0.504
7640.000 0.520
7645.000 0.532
7650.000 0.552
7655.000 0.568
7660.000 0.594
7665.000 0.619
7670.000 0.630
7675.000 0.654
7680.000 0.665
7685.000 0.690
7690.000 0.720
7695.000 0.740
7700.000 0.774
7705.000 0.794
7710.000 0.840
7715.000 0.895
7720.000 0.923
7725.000 0.992
7730.000 1.034
7735.000 1.137
7740.000 1.273
7745.000 1.356
7750.000 1.567
7755.000 1.698
7760.000 2.008
7765.000 2.377
7770.000 2.572
7775.000 2.890
7780.000 2.966
7785.000 2.823
7790.000 2.394
7795.000 2.148
7800.000 1.713
7805.000 1.527
7810.000 1.239
7815.000 1.036
7820.000 0.959
7825.000 0.831
7830.000 0.780
7835.000 0.687
7840.000 0.607
7845.000 0.575
7850.000 0.518
7855.000 0.490
7860.000 0.433
7865.000 0.388
7870.000 0.367
7875.000 0.331
7880.000 0.317
7885.000 0.286
7890.000 0.262
7895.000 0.250
7900.000 0.232
7905.000 0.222
7910.000 0.208
7915.000 0.195
7920.000 0.186
7925.000 0.175
7930.000 0.169
7935.000 0.158
7940.000 0.151
7945.000 0.147
7950.000 0.140
7955.000 0.137
7960.000 0.133
7965.000 0.130
7970.000 0.129
7975.000 0.128
7980.000 0.129
7985.000 0.129
7990.000 0.130
7995.000 0.126
8000.000 0.120
8005.000 0.121
8010.000 0.120
8015.000 0.119
8020.000 0.115
8025.000 0.114
8030.000 0.115
8035.000 0.108
8040.000 0.107
8045.000 0.102
8050.000 0.098
8055.000 0.099
8060.000 0.096
8065.000 0.093
8070.000 0.093
8075.000 0.093
8080.000 0.092
8085.000 0.091
8090.000 0.091
8095.000 0.088
8100.000 0.090
8105.000 0.089
8110.000 0.088
8115.000 0.088
8120.000 0.088
8125.000 0.089
8130.000 0.089
8135.000 0.091
8140.000 0.090
8145.000 0.090
8150.000 0.091
8155.000 0.090
8160.000 0.091
8165.000 0.090
8170.000 0.090
8175.000 0.091
8180.000 0.090
8185.000 0.090
8190.000 0.090
8195.000 0.090
8200.000 0.090
8205.000 0.090
8210.000 0.091
8215.000 0.090
8220.000 0.091
8225.000 0.091
8230.000 0.090
8235.000 0.091
8240.000 0.091
8245.000 0.091
8250.000 0.091
8255.000 0.092
8260.000 0.091
8265.000 0.092
8270.000 0.092
8275.000 0.092
8280.000 0.092
8285.000 0.092
8290.000 0.093
8295.000 0.092
8300.000 0.093
8305.000 0.093
8310.000 0.092
8315.000 0.093
8320.000 0.093
8325.000 0.094
8330.000 0.094
8335.000 0.094
8340.000 0.094
8345.000 0.094
8350.000 0.093
8355.000 0.095
8360.000 0.094
8365.000 0.095
8370.000 0.096
8375.000 0.096
8380.000 0.095
8385.000 0.096
8390.000 0.095
8395.000 0.096
8400.000 0.095
8405.000 0.096
8410.000 0.097
8415.000 0.094
8420.000 0.097
8425.000 0.096
8430.000 0.097
8435.000 0.097
8440.000 0.096
8445.000 0.097
8450.000 0.097
8455.000 0.097
8460.000 0.099
8465.000 0.097
8470.000 0.097
8475.000 0.097
8480.000 0.098
8485.000 0.097
8490.000 0.097
8495.000 0.099
8500.000 0.099
8505.000 0.099
8510.000 0.098
8515.000 0.098
8520.000 0.099
8525.000 0.098
8530.000 0.100
8535.000 0.098
8540.000 0.099
8545.000 0.100
8550.000 0.098
8555.000 0.100
8560.000 0.099
8565.000 0.101
8570.000 0.101
8575.000 0.100
8580.000 0.100
8585.000 0.099
8590.000 0.100
8595.000 0.101
8600.000 0.100
8605.000 0.100
8610.000 0.101
8615.000 0.100
8620.000 0.101
8625.000 0.101
8630.000 0.101
8635.000 0.101
8640.000 0.101
8645.000 0.101
8650.000 0.101
8655.000 0.103
8660.000 0.102
8665.000 0.102
8670.000 0.102
8675.000 0.102
8680.000 0.101
8685.000 0.101
8690.000 0.102
8695.000 0.101
8700.000 0.100
8705.000 0.101
8710.000 0.101
8715.000 0.100
8720.000 0.100
8725.000 0.099
8730.000 0.100
8735.000 0.098
8740.000 0.099
8745.000 0.096
8750.000 0.095
8755.000 0.097
8760.000 0.098
8765.000 0.100
8770.000 0.101
8775.000 0.102
8780.000 0.103
8785.000 0.104
8790.000 0.105
8795.000 0.105
8800.000 0.106
8805.000 0.107
8810.000 0.109
8815.000 0.107
8820.000 0.106
8825.000 0.108
8830.000 0.106
8835.000 0.110
8840.000 0.116
8845.000 0.118
8850.000 0.115
8855.000 0.111
8860.000 0.112
8865.000 0.108
8870.000 0.108
8875.000 0.107
8880.000 0.109
8885.000 0.108
8890.000 0.106
8895.000 0.106
8900.000 0.105
8905.000 0.103
8910.000 0.105
8915.000 0.104
8920.000 0.106
8925.000 0.108
8935.000 0.114
8945.000 0.107
8955.000 0.114
8960.000 0.115
8965.000 0.111
8970.000 0.112
8975.000 0.107
8980.000 0.105
8985.000 0.106
8990.000 0.105
8995.000 0.105
9005.000 0.115
9015.000 0.118
9020.000 0.119
9025.000 0.112
9030.000 0.112
9035.000 0.109
9040.000 0.107
9045.000 0.107
9050.000 0.105
9055.000 0.104
9060.000 0.106
9065.000 0.105
9070.000 0.106
9075.000 0.104
9080.000 0.103
9085.000 0.102
9090.000 0.103
9095.000 0.105
9100.000 0.105
9105.000 0.108
9110.000 0.108
9115.000 0.109
9120.000 0.111
9125.000 0.112
9130.000 0.112
9135.000 0.111
9140.000 0.111
9145.000 0.111
9150.000 0.112
9155.000 0.111
9160.000 0.112
9165.000 0.112
9170.000 0.112
9175.000 0.112
9180.000 0.111
9185.000 0.113
9190.000 0.112
9195.000 0.112
9200.000 0.112
9205.000 0.111
9210.000 0.113
9215.000 0.112
9220.000 0.112
9225.000 0.111
9230.000 0.112
9235.000 0.111
9240.000 0.110
9245.000 0.110
9250.000 0.112
9255.000 0.110
9260.000 0.112
9265.000 0.111
9270.000 0.110
9275.000 0.111
9280.000 0.111
9285.000 0.110
9290.000 0.109
9295.000 0.108
9300.000 0.108
9305.000 0.108
9310.000 0.108
9315.000 0.109
9320.000 0.110
9325.000 0.108
9330.000 0.107
9335.000 0.106
9340.000 0.108
9345.000 0.107
9350.000 0.107
9355.000 0.106
9360.000 0.107
9365.000 0.106
9370.000 0.106
9375.000 0.105
9380.000 0.105
9385.000 0.106
9390.000 0.104
9395.000 0.105
9400.000 0.103
9405.000 0.104
9410.000 0.104
9415.000 0.103
9420.000 0.102
9425.000 0.102
9430.000 0.101
9435.000 0.102
9440.000 0.101
9445.000 0.100
9450.000 0.101
9455.000 0.100
9460.000 0.099
9465.000 0.100
9470.000 0.099
9475.000 0.099
9480.000 0.098
9485.000 0.096
9490.000 0.096
9495.000 0.096
9500.000 0.095
9505.000 0.096
9510.000 0.095
9515.000 0.094
9520.000 0.092
9525.000 0.091
9530.000 0.091
9535.000 0.090
9540.000 0.089
9545.000 0.089
9550.000 0.090
9555.000 0.088
9560.000 0.088
9565.000 0.087
9570.000 0.086
9575.000 0.084
9580.000 0.083
9585.000 0.082
9590.000 0.080
9595.000 0.080
9600.000 0.079
9605.000 0.079
9610.000 0.078
9615.000 0.077
9620.000 0.075
9625.000 0.072
9630.000 0.073
9635.000 0.071
9640.000 0.069
9645.000 0.068
9650.000 0.066
9655.000 0.065
9660.000 0.062
9665.000 0.062
9670.000 0.060
9675.000 0.058
9680.000 0.057
9685.000 0.055
9690.000 0.052
9695.000 0.050
9700.000 0.046
9705.000 0.044
9710.000 0.042
9715.000 0.039
9720.000 0.039
9725.000 0.035
9730.000 0.032
9735.000 0.028
9740.000 0.027
9745.000 0.024
9750.000 0.020
9755.000 0.018
9760.000 0.016
9765.000 0.014
9770.000 0.013
9775.000 0.014
9780.000 0.015
9785.000 0.018
9790.000 0.021
9795.000 0.028
9800.000 0.034
9805.000 0.038
9810.000 0.048
9815.000 0.053
9820.000 0.066
9825.000 0.079
9830.000 0.086
9835.000 0.102
9840.000 0.111
9845.000 0.129
9850.000 0.148
9855.000 0.162
9860.000 0.194
9865.000 0.205
9870.000 0.244
9875.000 0.288
9880.000 0.317
9885.000 0.375
9890.000 0.415
9895.000 0.505
9900.000 0.618
9905.000 0.690
9910.000 0.864
9915.000 0.955
9920.000 1.178
9925.000 1.439
9930.000 1.581
9935.000 1.915
9940.000 2.102
9945.000 2.526
9950.000 2.970
9955.000 3.135
9960.000 3.407
9965.000 3.445
9970.000 3.328
9975.000 3.032
9980.000 2.852
9985.000 2.478
9990.000 2.307
9995.000 1.968
10000.000 1.638
10005.000 1.494
10010.000 1.259
10015.000 1.148
10020.000 1.002
10025.000 0.882
10030.000 0.831
10035.000 0.762
10040.000 0.731
10045.000 0.692
10050.000 0.662
10055.000 0.649
10060.000 0.629
10065.000 0.622
10070.000 0.607
10075.000 0.594
10080.000 0.589
10085.000 0.578
10090.000 0.573
10095.000 0.571
10100.000 0.558
10105.000 0.555
10110.000 0.546
10115.000 0.546
10120.000 0.539
10125.000 0.538
10130.000 0.533
10135.000 0.529
10140.000 0.532
10145.000 0.527
10150.000 0.530
10155.000 0.529
10160.000 0.528
10165.000 0.530
10170.000 0.530
10175.000 0.533
10180.000 0.534
10185.000 0.539
10190.000 0.540
10195.000 0.544
10200.000 0.547
10205.000 0.551
10210.000 0.556
10215.000 0.560
10220.000 0.569
10225.000 0.581
10230.000 0.588
10235.000 0.601
10240.000 0.605
10245.000 0.613
10250.000 0.627
10255.000 0.635
10260.000 0.654
10265.000 0.661
10270.000 0.682
10275.000 0.720
10280.000 0.735
10285.000 0.759
10290.000 0.769
10295.000 0.798
10300.000 0.830
10305.000 0.846
10310.000 0.894
10315.000 0.915
10320.000 0.969
10325.000 0.996
10330.000 1.064
10335.000 1.610
10340.000 1.732
10345.000 1.775
10350.000 1.759
10355.000 1.759
10360.000 1.790
10365.000 1.822
10370.000 1.965
10375.000 2.045
10380.000 2.160
10385.000 2.145
10390.000 2.091
10395.000 1.906
10400.000 1.799
10405.000 1.598
10410.000 1.399
10415.000 1.307
10420.000 1.140
10425.000 1.065
10430.000 0.937
10435.000 0.826
10440.000 0.779
10445.000 0.695
10450.000 0.656
10455.000 0.590
10460.000 0.533
10465.000 0.508
10470.000 0.464
10475.000 0.442
10480.000 0.402
10485.000 0.370
10490.000 0.355
10495.000 0.326
10500.000 0.314
10505.000 0.284
10510.000 0.257
10515.000 0.246
10520.000 0.223
10525.000 0.213
10530.000 0.195
10535.000 0.181
10540.000 0.174
10545.000 0.163
10550.000 0.159
10555.000 0.148
10560.000 0.139
10565.000 0.135
10570.000 0.129
10575.000 0.125
10580.000 0.121
10585.000 0.116
10590.000 0.114
10595.000 0.111
10600.000 0.108
10605.000 0.104
10610.000 0.101
10615.000 0.099
10620.000 0.097
10625.000 0.095
10630.000 0.092
10635.000 0.089
10640.000 0.089
10645.000 0.087
10650.000 0.085
10655.000 0.082
10660.000 0.080
10665.000 0.078
10670.000 0.076
10675.000 0.075
10680.000 0.073
10685.000 0.070
10690.000 0.069
10695.000 0.067
10700.000 0.067
10705.000 0.067
10710.000 0.066
10715.000 0.065
10720.000 0.066
10725.000 0.065
10730.000 0.066
10735.000 0.066
10740.000 0.067
10745.000 0.075
10750.000 0.076
10755.000 0.077
10760.000 0.078
10765.000 0.080
10770.000 0.081
10775.000 0.081
10780.000 0.083
10785.000 0.087
10790.000 0.089
10795.000 0.094
10800.000 0.095
10805.000 0.102
10810.000 0.108
10815.000 0.113
10820.000 0.123
10825.000 0.127
10830.000 0.139
10835.000 0.154
10840.000 0.164
10845.000 0.187
10850.000 0.201
10855.000 0.233
10860.000 0.275
10865.000 0.295
10870.000 0.339
10875.000 0.366
10880.000 0.427
10885.000 0.502
10890.000 0.550
10895.000 0.651
10900.000 0.704
10905.000 0.830
10910.000 0.887
10915.000 0.999
10920.000 1.092
10925.000 1.134
10930.000 1.175
10935.000 1.170
10940.000 1.119
10945.000 0.989
10950.000 0.915
10955.000 0.777
10960.000 0.721
10965.000 0.621
10970.000 0.543
10975.000 0.511
10980.000 0.461
10985.000 0.439
10990.000 0.409
10995.000 0.386
11000.000 0.369
11005.000 0.351
11015.000 0.364
11020.000 0.347
11025.000 0.317
11030.000 0.311
11035.000 0.291
11040.000 0.303
11045.000 0.302
11050.000 0.281
11055.000 0.275
11060.000 0.260
11065.000 0.249
11070.000 0.245
11075.000 0.238
11080.000 0.236
11085.000 0.231
11090.000 0.224
11095.000 0.222
11100.000 0.217
11105.000 0.216
11110.000 0.212
11115.000 0.211
11120.000 0.210
11125.000 0.205
11130.000 0.203
11135.000 0.201
11140.000 0.199
11145.000 0.196
11150.000 0.194
11155.000 0.194
11160.000 0.192
11165.000 0.188
11170.000 0.251
11175.000 0.252
11180.000 0.240
11185.000 0.219
11190.000 0.210
11195.000 0.197
11200.000 0.187
11215.000 0.193
11220.000 0.182
11225.000 0.179
11230.000 0.177
11235.000 0.174
11240.000 0.173
11245.000 0.171
11250.000 0.168
11255.000 0.169
11260.000 0.168
11265.000 0.167
11270.000 0.166
11275.000 0.165
11280.000 0.165
11285.000 0.164
11290.000 0.163
11295.000 0.162
11300.000 0.161
11305.000 0.163
11310.000 0.160
11315.000 0.163
11320.000 0.161
11325.000 0.160
11330.000 0.159
11335.000 0.156
11340.000 0.157
11345.000 0.157
11350.000 0.156
11355.000 0.156
11360.000 0.155
11365.000 0.157
11370.000 0.157
11375.000 0.155
11380.000 0.155
11385.000 0.155
11390.000 0.155
11395.000 0.153
11400.000 0.152
11405.000 0.153
11410.000 0.152
11415.000 0.151
11420.000 0.153
11425.000 0.150
11430.000 0.151
11435.000 0.151
11440.000 0.150
11445.000 0.152
11450.000 0.152
11455.000 0.151
11460.000 0.150
11465.000 0.150
11470.000 0.149
11475.000 0.147
11480.000 0.147
11485.000 0.151
11490.000 0.152
11495.000 0.150
11500.000 0.149
11505.000 0.147
11510.000 0.148
11515.000 0.146
11520.000 0.147
11525.000 0.147
11530.000 0.148
11535.000 0.148
11540.000 0.149
11545.000 0.146
11550.000 0.147
11555.000 0.147
11560.000 0.146
11565.000 0.145
11570.000 0.144
11575.000 0.145
11580.000 0.145
11585.000 0.144
11590.000 0.142
11595.000 0.143
11600.000 0.143
11605.000 0.143
11610.000 0.144
11615.000 0.144
11620.000 0.144
11625.000 0.143
11630.000 0.142
11635.000 0.142
11640.000 0.142
11645.000 0.142
11650.000 0.143
11655.000 0.141
11660.000 0.141
11665.000 0.140
11670.000 0.142
11675.000 0.142
11680.000 0.142
11685.000 0.144
11690.000 0.143
11695.000 0.142
11700.000 0.140
11705.000 0.142
11710.000 0.140
11715.000 0.139
11720.000 0.138
11725.000 0.139
11730.000 0.142
11735.000 0.144
11740.000 0.142
11745.000 0.141
11750.000 0.139
11755.000 0.139
11760.000 0.142
11765.000 0.139
11770.000 0.140
11775.000 0.139
11780.000 0.139
11785.000 0.141
11790.000 0.140
11795.000 0.139
11800.000 0.139
11805.000 0.140
11810.000 0.140
11815.000 0.141
11820.000 0.139
11825.000 0.137
11830.000 0.139
11835.000 0.136
11840.000 0.137
11845.000 0.138
11850.000 0.137
11855.000 0.136
11860.000 0.136
11865.000 0.137
11870.000 0.136
11875.000 0.135
11880.000 0.136
11885.000 0.135
11890.000 0.135
11895.000 0.135
11900.000 0.135
11905.000 0.136
11910.000 0.135
11915.000 0.136
11920.000 0.137
11925.000 0.137
11930.000 0.136
11935.000 0.136
11940.000 0.137
11945.000 0.137
11950.000 0.135
11955.000 0.136
11960.000 0.135
11965.000 0.136
11970.000 0.134
11975.000 0.135
11980.000 0.136
11985.000 0.135
11990.000 0.136
11995.000 0.136
12000.000 0.132
