105.000 0.016
110.000 0.281
115.000 1.209
120.000 1.870
125.000 2.367
130.000 2.614
135.000 3.048
140.000 3.195
145.000 3.558
150.000 3.932
155.000 4.104
160.000 4.415
165.000 4.420
170.000 4.525
175.000 4.583
180.000 4.699
185.000 4.698
190.000 4.720
195.000 4.740
200.000 4.808
205.000 4.875
210.000 4.527
215.000 4.305
220.000 3.850
225.000 3.460
230.000 3.283
235.000 3.038
240.000 2.916
245.000 2.710
250.000 2.543
255.000 2.494
260.000 2.400
265.000 2.382
270.000 2.328
275.000 2.340
280.000 2.365
285.000 2.441
290.000 2.502
295.000 2.585
300.000 2.699
305.000 2.761
310.000 2.911
315.000 2.969
320.000 3.158
325.000 3.378
330.000 3.485
335.000 3.752
340.000 3.891
345.000 4.263
350.000 4.583
355.000 4.793
360.000 5.228
365.000 5.472
370.000 5.976
375.000 6.506
380.000 6.794
385.000 7.374
390.000 7.698
395.000 8.338
400.000 9.030
405.000 9.368
410.000 10.181
415.000 10.596
420.000 11.536
425.000 12.460
430.000 13.076
435.000 14.010
440.000 14.469
445.000 15.222
450.000 15.889
455.000 16.071
460.000 16.259
465.000 16.269
470.000 16.138
475.000 15.856
480.000 15.639
485.000 15.213
490.000 14.830
495.000 14.376
500.000 13.893
505.000 13.736
510.000 13.360
515.000 13.180
520.000 12.825
525.000 12.733
530.000 12.514
535.000 12.380
540.000 12.342
545.000 12.322
550.000 12.338
555.000 12.454
560.000 12.615
565.000 12.693
570.000 12.928
575.000 13.164
580.000 13.352
585.000 13.500
590.000 13.583
595.000 13.797
600.000 13.899
605.000 14.150
610.000 14.412
615.000 14.511
620.000 14.606
625.000 14.595
630.000 14.392
635.000 13.862
640.000 13.453
645.000 12.416
650.000 11.815
655.000 10.344
660.000 8.657
665.000 7.858
670.000 6.351
675.000 5.674
680.000 4.570
685.000 3.729
690.000 3.401
695.000 2.852
700.000 2.634
705.000 2.255
710.000 1.949
715.000 1.811
720.000 1.587
725.000 1.489
730.000 1.315
735.000 1.174
740.000 1.115
745.000 1.003
750.000 0.954
755.000 0.867
760.000 0.792
765.000 0.759
770.000 0.693
775.000 0.666
780.000 0.617
785.000 0.568
790.000 0.551
795.000 0.511
800.000 0.490
805.000 0.461
810.000 0.441
815.000 0.432
820.000 0.414
825.000 0.404
830.000 0.385
835.000 0.364
840.000 0.355
845.000 0.336
850.000 0.330
855.000 0.313
860.000 0.299
865.000 0.293
870.000 0.278
875.000 0.271
880.000 0.260
885.000 0.249
890.000 0.244
895.000 0.236
900.000 0.230
905.000 0.222
910.000 0.215
915.000 0.212
920.000 0.207
925.000 0.203
930.000 0.199
935.000 0.195
940.000 0.192
945.000 0.187
950.000 0.187
955.000 0.187
960.000 0.182
965.000 0.182
970.000 0.180
975.000 0.181
980.000 0.182
985.000 0.185
990.000 0.187
995.000 0.190
1000.000 0.189
1005.000 0.198
1010.000 0.202
1015.000 0.205
1020.000 0.208
1025.000 0.216
1030.000 0.224
1035.000 0.231
1040.000 0.238
1045.000 0.250
1050.000 0.255
1055.000 0.273
1060.000 0.288
1065.000 0.297
1070.000 0.317
1075.000 0.325
1080.000 0.349
1085.000 0.375
1090.000 0.390
1095.000 0.424
1100.000 0.443
1105.000 0.485
1110.000 0.534
1115.000 0.567
1120.000 0.631
1125.000 0.669
1130.000 0.760
1135.000 0.811
1140.000 0.946
1145.000 1.125
1150.000 1.242
1155.000 1.548
1160.000 1.754
1165.000 2.275
1170.000 2.873
1175.000 3.129
1180.000 3.376
1185.000 3.319
1190.000 2.937
1195.000 2.469
1200.000 2.254
1205.000 1.885
1210.000 1.729
1215.000 1.473
1220.000 1.274
1225.000 1.193
1230.000 1.056
1235.000 1.001
1240.000 0.905
1245.000 0.826
1250.000 0.792
1255.000 0.735
1260.000 0.710
1265.000 0.668
1270.000 0.633
1275.000 0.615
1280.000 0.585
1285.000 0.572
1290.000 0.549
1295.000 0.529
1300.000 0.518
1305.000 0.502
1310.000 0.494
1315.000 0.482
1320.000 0.469
1325.000 0.463
1330.000 0.454
1335.000 0.448
1340.000 0.440
1345.000 0.432
1350.000 0.429
1355.000 0.422
1360.000 0.420
1365.000 0.416
1370.000 0.410
1375.000 0.409
1380.000 0.405
1385.000 0.405
1390.000 0.401
1395.000 0.399
1400.000 0.399
1405.000 0.397
1410.000 0.397
1415.000 0.397
1420.000 0.396
1425.000 0.397
1430.000 0.398
1435.000 0.399
1440.000 0.401
1445.000 0.403
1450.000 0.404
1455.000 0.407
1460.000 0.410
1465.000 0.413
1470.000 0.417
1475.000 0.419
1480.000 0.426
1485.000 0.429
1490.000 0.436
1495.000 0.442
1500.000 0.445
1505.000 0.454
1510.000 0.459
1515.000 0.468
1520.000 0.480
1525.000 0.486
1530.000 0.498
1535.000 0.505
1540.000 0.518
1545.000 0.533
1550.000 0.544
1555.000 0.559
1560.000 0.568
1565.000 0.593
1570.000 0.618
1575.000 0.630
1580.000 0.660
1585.000 0.675
1590.000 0.708
1595.000 0.750
1600.000 0.773
1605.000 0.827
1610.000 0.857
1615.000 0.923
1620.000 1.001
1625.000 1.041
1630.000 1.100
1635.000 1.126
1640.000 1.189
1645.000 1.265
1650.000 1.306
1655.000 1.399
1660.000 1.452
1665.000 1.591
1670.000 1.787
1675.000 1.916
1680.000 2.282
1685.000 2.544
1690.000 3.332
1695.000 4.606
1700.000 5.475
1705.000 7.650
1710.000 8.669
1715.000 10.347
1720.000 10.816
1725.000 10.699
1730.000 9.249
1735.000 8.348
1740.000 6.700
1745.000 5.998
1750.000 4.859
1755.000 4.031
1760.000 3.708
1765.000 3.193
1770.000 2.987
1775.000 2.661
1780.000 2.426
1785.000 2.339
1790.000 2.185
1795.000 2.118
1800.000 2.000
1805.000 1.895
1810.000 1.850
1815.000 1.774
1820.000 1.739
1825.000 1.673
1830.000 1.619
1835.000 1.590
1840.000 1.546
1845.000 1.528
1850.000 1.490
1855.000 1.463
1860.000 1.449
1865.000 1.422
1870.000 1.412
1875.000 1.392
1880.000 1.372
1885.000 1.364
1890.000 1.349
1895.000 1.342
1900.000 1.331
1905.000 1.319
1910.000 1.315
1915.000 1.308
1920.000 1.304
1925.000 1.300
1930.000 1.300
1935.000 1.298
1940.000 1.301
1945.000 1.300
1950.000 1.302
1955.000 1.306
1960.000 1.307
1965.000 1.312
1970.000 1.320
1975.000 1.327
1980.000 1.339
1985.000 1.345
1990.000 1.348
1995.000 1.354
2000.000 1.361
2005.000 1.376
2010.000 1.381
2015.000 1.402
2020.000 1.417
2025.000 1.429
2030.000 1.444
2035.000 1.450
2040.000 1.461
2045.000 1.484
2050.000 1.505
2055.000 1.521
2060.000 1.535
2065.000 1.558
2070.000 1.572
2075.000 1.601
2080.000 1.632
2085.000 1.651
2090.000 1.688
2095.000 1.711
2100.000 1.755
2105.000 1.809
2110.000 1.835
2115.000 1.890
2120.000 1.921
2125.000 1.990
2130.000 2.080
2135.000 2.124
2140.000 2.222
2145.000 2.273
2150.000 2.386
2155.000 2.521
2160.000 2.597
2165.000 2.772
2170.000 2.880
2175.000 3.146
2180.000 3.497
2185.000 3.716
2190.000 4.228
2195.000 4.531
2200.000 5.244
2205.000 6.098
2210.000 6.580
2215.000 7.441
2220.000 7.747
2225.000 7.875
2230.000 7.241
2235.000 6.735
2240.000 5.616
2245.000 5.086
2250.000 4.185
2255.000 3.561
2260.000 3.313
2265.000 2.879
2270.000 2.694
2275.000 2.374
2280.000 2.105
2285.000 1.989
2290.000 1.787
2295.000 1.698
2300.000 1.532
2305.000 1.462
2310.000 1.339
2315.000 1.235
2320.000 1.189
2325.000 1.103
2330.000 1.065
2335.000 0.982
2340.000 0.892
2345.000 0.852
2350.000 0.783
2355.000 0.751
2360.000 0.695
2365.000 0.646
2370.000 0.624
2375.000 0.584
2380.000 0.564
2385.000 0.531
2390.000 0.502
2395.000 0.489
2400.000 0.465
2405.000 0.454
2410.000 0.432
2415.000 0.413
2420.000 0.404
2425.000 0.387
2430.000 0.379
2435.000 0.364
2440.000 0.350
2445.000 0.344
2450.000 0.331
2455.000 0.324
2460.000 0.314
2465.000 0.305
2470.000 0.300
2475.000 0.291
2480.000 0.287
2485.000 0.280
2490.000 0.272
2495.000 0.268
2500.000 0.262
2505.000 0.259
2510.000 0.251
2515.000 0.245
2520.000 0.244
2525.000 0.238
2530.000 0.236
2535.000 0.230
2540.000 0.226
2545.000 0.225
2550.000 0.219
2555.000 0.218
2560.000 0.214
2565.000 0.210
2570.000 0.209
2575.000 0.205
2580.000 0.203
2585.000 0.200
2590.000 0.197
2595.000 0.196
2600.000 0.195
2605.000 0.191
2610.000 0.189
2615.000 0.187
2620.000 0.186
2625.000 0.183
2630.000 0.183
2635.000 0.182
2640.000 0.178
2645.000 0.177
2650.000 0.175
2655.000 0.174
2660.000 0.172
2665.000 0.172
2670.000 0.171
2675.000 0.170
2680.000 0.170
2685.000 0.169
2690.000 0.167
2695.000 0.166
2700.000 0.165
2705.000 0.164
2710.000 0.164
2715.000 0.163
2720.000 0.162
2725.000 0.162
2730.000 0.161
2735.000 0.161
2740.000 0.160
2745.000 0.161
2750.000 0.158
2755.000 0.159
2760.000 0.160
2765.000 0.157
2770.000 0.158
2775.000 0.157
2780.000 0.156
2785.000 0.156
2790.000 0.156
2795.000 0.155
2800.000 0.154
2805.000 0.155
2810.000 0.155
2815.000 0.154
2820.000 0.153
2825.000 0.154
2830.000 0.154
2835.000 0.154
2840.000 0.152
2845.000 0.154
2850.000 0.153
2855.000 0.153
2860.000 0.153
2865.000 0.153
2870.000 0.155
2875.000 0.154
2880.000 0.155
2885.000 0.155
2890.000 0.155
2895.000 0.156
2900.000 0.155
2905.000 0.156
2910.000 0.157
2915.000 0.157
2920.000 0.156
2925.000 0.159
2930.000 0.158
2935.000 0.159
2940.000 0.161
2945.000 0.163
2950.000 0.163
2955.000 0.162
2960.000 0.165
2965.000 0.163
2970.000 0.168
2975.000 0.166
2980.000 0.165
2985.000 0.172
2990.000 0.172
2995.000 0.175
3000.000 0.172
3005.000 0.177
3010.000 0.182
3015.000 0.182
3020.000 0.178
3025.000 0.182
3030.000 0.186
3035.000 0.192
3040.000 0.195
3045.000 0.196
3050.000 0.192
3055.000 0.197
3060.000 0.200
3065.000 0.197
3070.000 0.202
3075.000 0.205
3080.000 0.206
3085.000 0.206
3090.000 0.211
3095.000 0.213
3100.000 0.217
3105.000 0.219
3110.000 0.222
3115.000 0.225
3120.000 0.231
3125.000 0.234
3130.000 0.236
3135.000 0.241
3140.000 0.249
3145.000 0.256
3150.000 0.262
3155.000 0.266
3160.000 0.273
3165.000 0.280
3170.000 0.289
3175.000 0.300
3180.000 0.305
3185.000 0.317
3190.000 0.324
3195.000 0.337
3200.000 0.345
3205.000 0.365
3210.000 0.386
3215.000 0.396
3220.000 0.421
3225.000 0.442
3230.000 0.471
3235.000 0.506
3240.000 0.526
3245.000 0.574
3250.000 0.602
3255.000 0.648
3260.000 0.696
3265.000 0.724
3270.000 0.788
3275.000 0.825
3280.000 0.919
3285.000 1.039
3290.000 1.114
3295.000 1.299
3300.000 1.418
3305.000 1.723
3310.000 2.157
3315.000 2.459
3320.000 3.260
3325.000 3.741
3330.000 4.941
3335.000 6.506
3340.000 7.413
3345.000 9.341
3350.000 10.240
3355.000 11.179
3360.000 10.270
3365.000 9.196
3370.000 6.830
3375.000 5.839
3380.000 4.311
3385.000 3.287
3390.000 2.916
3395.000 2.351
3400.000 2.137
3405.000 1.821
3410.000 1.590
3415.000 1.501
3420.000 1.374
3425.000 1.332
3430.000 1.260
3435.000 1.201
3440.000 1.176
3445.000 1.132
3450.000 1.110
3455.000 1.077
3460.000 1.047
3465.000 1.036
3470.000 1.016
3475.000 1.013
3480.000 1.001
3485.000 0.995
3490.000 0.992
3495.000 0.987
3500.000 0.990
3505.000 0.996
3510.000 1.001
3515.000 1.004
3520.000 1.014
3525.000 1.028
3530.000 1.047
3535.000 1.069
3540.000 1.083
3545.000 1.114
3550.000 1.132
3555.000 1.168
3560.000 1.214
3565.000 1.241
3570.000 1.300
3575.000 1.334
3580.000 1.408
3585.000 1.498
3590.000 1.548
3595.000 1.677
3600.000 1.754
3605.000 1.958
3610.000 2.228
3615.000 2.398
3620.000 2.845
3625.000 3.138
3630.000 3.924
3635.000 5.040
3640.000 5.743
3645.000 7.347
3650.000 8.149
3655.000 9.261
3660.000 9.054
3665.000 8.324
3670.000 6.512
3675.000 5.639
3680.000 4.228
3685.000 3.265
3690.000 2.905
3695.000 2.354
3700.000 2.143
3705.000 1.826
3710.000 1.629
3715.000 1.546
3720.000 1.411
3725.000 1.348
3730.000 1.244
3735.000 1.156
3740.000 1.114
3745.000 1.044
3750.000 1.010
3755.000 0.954
3760.000 0.905
3765.000 0.876
3770.000 0.824
3775.000 0.802
3780.000 0.758
3785.000 0.716
3790.000 0.695
3795.000 0.654
3800.000 0.635
3805.000 0.614
3810.000 0.600
3815.000 0.567
3820.000 0.544
3825.000 0.532
3830.000 0.515
3835.000 0.506
3840.000 0.490
3845.000 0.485
3850.000 0.477
3855.000 0.466
3860.000 0.460
3865.000 0.450
3870.000 0.441
3875.000 0.437
3880.000 0.432
3885.000 0.429
3890.000 0.424
3895.000 0.421
3900.000 0.420
3905.000 0.417
3910.000 0.417
3915.000 0.418
3920.000 0.428
3925.000 0.427
3930.000 0.427
3935.000 0.428
3940.000 0.431
3945.000 0.434
3950.000 0.438
3955.000 0.447
3960.000 0.451
3965.000 0.460
3970.000 0.467
3975.000 0.475
3980.000 0.491
3985.000 0.497
3990.000 0.523
3995.000 0.548
4000.000 0.551
4005.000 0.578
4010.000 0.587
4015.000 0.611
4020.000 0.630
4025.000 0.656
4030.000 0.687
4035.000 0.707
4040.000 0.742
4045.000 0.803
4050.000 0.833
4055.000 0.892
4060.000 0.925
4065.000 1.068
4070.000 1.137
4075.000 1.190
4080.000 1.341
4085.000 1.443
4090.000 1.688
4095.000 2.050
4100.000 2.295
4105.000 2.941
4110.000 3.341
4115.000 4.298
4120.000 5.269
4125.000 5.598
4130.000 5.447
4135.000 4.980
4140.000 3.807
4145.000 2.767
4150.000 2.373
4155.000 1.795
4160.000 1.588
4165.000 1.294
4170.000 1.069
4175.000 0.984
4180.000 0.865
4185.000 0.815
4190.000 0.727
4195.000 0.650
4200.000 0.615
4205.000 0.560
4210.000 0.536
4215.000 0.494
4220.000 0.458
4225.000 0.441
4230.000 0.407
4235.000 0.389
4240.000 0.357
4245.000 0.333
4250.000 0.320
4255.000 0.299
4260.000 0.291
4265.000 0.274
4270.000 0.260
4275.000 0.253
4280.000 0.241
4285.000 0.235
4290.000 0.224
4295.000 0.213
4300.000 0.208
4305.000 0.197
4310.000 0.192
4315.000 0.185
4320.000 0.177
4325.000 0.173
4330.000 0.167
4335.000 0.164
4340.000 0.160
4345.000 0.156
4350.000 0.155
4355.000 0.153
4360.000 0.151
4365.000 0.149
4370.000 0.147
4375.000 0.145
4380.000 0.146
4385.000 0.145
4390.000 0.145
4395.000 0.145
4400.000 0.145
4405.000 0.145
4410.000 0.146
4415.000 0.147
4420.000 0.146
4425.000 0.149
4430.000 0.153
4435.000 0.154
4440.000 0.156
4445.000 0.161
4450.000 0.169
4455.000 0.174
4460.000 0.179
4465.000 0.183
4470.000 0.187
4475.000 0.193
4480.000 0.200
4485.000 0.206
4490.000 0.215
4495.000 0.222
4500.000 0.240
4505.000 0.263
4510.000 0.274
4515.000 0.303
4520.000 0.318
4525.000 0.349
4530.000 0.381
4535.000 0.400
4540.000 0.451
4545.000 0.484
4550.000 0.565
4555.000 0.681
4560.000 0.759
4565.000 0.970
4570.000 1.115
4575.000 1.514
4580.000 2.080
4585.000 2.418
4590.000 3.121
4595.000 3.479
4600.000 4.126
4605.000 4.353
4610.000 4.200
4615.000 3.446
4620.000 3.010
4625.000 2.277
4630.000 1.746
4635.000 1.540
4640.000 1.239
4645.000 1.127
4650.000 0.950
4655.000 0.821
4660.000 0.768
4665.000 0.696
4670.000 0.671
4675.000 0.630
4680.000 0.587
4685.000 0.580
4690.000 0.548
4695.000 0.535
4700.000 0.502
4705.000 0.481
4710.000 0.470
4715.000 0.457
4720.000 0.451
4725.000 0.430
4730.000 0.417
4735.000 0.408
4740.000 0.390
4745.000 0.381
4750.000 0.365
4755.000 0.350
4760.000 0.350
4765.000 0.334
4770.000 0.328
4775.000 0.315
4780.000 0.303
4785.000 0.296
4790.000 0.288
4795.000 0.283
4800.000 0.272
4805.000 0.259
4810.000 0.256
4815.000 0.250
4820.000 0.244
4825.000 0.238
4830.000 0.233
4835.000 0.231
4840.000 0.234
4845.000 0.229
4850.000 0.233
4855.000 0.235
4860.000 0.237
4865.000 0.241
4870.000 0.245
4875.000 0.253
4880.000 0.259
4885.000 0.262
4890.000 0.272
4895.000 0.279
4900.000 0.289
4905.000 0.305
4910.000 0.314
4915.000 0.333
4920.000 0.342
4925.000 0.359
4930.000 0.385
4935.000 0.398
4940.000 0.432
4945.000 0.456
4950.000 0.508
4955.000 0.579
4960.000 0.629
4965.000 0.754
4970.000 0.834
4975.000 1.066
4980.000 1.214
4985.000 1.599
4990.000 2.116
4995.000 2.358
5000.000 2.718
5005.000 2.736
5010.000 2.389
5015.000 1.796
5020.000 1.547
5025.000 1.127
5030.000 0.973
5035.000 0.750
5040.000 0.591
5045.000 0.531
5050.000 0.444
5055.000 0.403
5060.000 0.346
5065.000 0.304
5070.000 0.284
5075.000 0.253
5080.000 0.237
5085.000 0.215
5090.000 0.186
5095.000 0.174
5100.000 0.156
5105.000 0.147
5110.000 0.131
5115.000 0.118
5120.000 0.112
5125.000 0.103
5130.000 0.098
5135.000 0.090
5140.000 0.086
5145.000 0.084
5150.000 0.078
5155.000 0.078
5160.000 0.073
5165.000 0.071
5170.000 0.070
5175.000 0.069
5180.000 0.069
5185.000 0.068
5190.000 0.068
5195.000 0.069
5200.000 0.069
5205.000 0.069
5210.000 0.070
5215.000 0.073
5220.000 0.072
5225.000 0.073
5230.000 0.073
5235.000 0.074
5240.000 0.076
5245.000 0.077
5250.000 0.077
5255.000 0.079
5260.000 0.080
5265.000 0.082
5270.000 0.082
5275.000 0.084
5280.000 0.085
5285.000 0.085
5290.000 0.086
5295.000 0.086
5300.000 0.088
5305.000 0.089
5310.000 0.090
5315.000 0.091
5320.000 0.090
5325.000 0.091
5330.000 0.092
5335.000 0.092
5340.000 0.094
5345.000 0.093
5350.000 0.096
5355.000 0.096
5360.000 0.096
5365.000 0.098
5370.000 0.099
5375.000 0.098
5380.000 0.099
5385.000 0.101
5390.000 0.099
5395.000 0.101
5400.000 0.100
5405.000 0.101
5410.000 0.101
5415.000 0.102
5420.000 0.102
5425.000 0.102
5430.000 0.103
5435.000 0.104
5440.000 0.104
5445.000 0.106
5450.000 0.105
5455.000 0.105
5460.000 0.106
5465.000 0.106
5470.000 0.108
5475.000 0.107
5480.000 0.107
5485.000 0.109
5490.000 0.110
5495.000 0.111
5500.000 0.113
5505.000 0.112
5510.000 0.113
5515.000 0.113
5520.000 0.114
5525.000 0.117
5530.000 0.115
5540.000 0.127
5545.000 0.123
5550.000 0.121
5555.000 0.120
5560.000 0.119
5565.000 0.119
5570.000 0.119
5575.000 0.120
5580.000 0.121
5585.000 0.120
5590.000 0.122
5595.000 0.119
5600.000 0.121
5605.000 0.121
5610.000 0.122
5615.000 0.120
5620.000 0.121
5625.000 0.121
5630.000 0.121
5635.000 0.121
5640.000 0.120
5645.000 0.120
5650.000 0.122
5655.000 0.121
5660.000 0.122
5665.000 0.122
5670.000 0.124
5675.000 0.124
5680.000 0.123
5685.000 0.122
5690.000 0.124
5695.000 0.125
5700.000 0.123
5705.000 0.125
5710.000 0.125
5715.000 0.124
5720.000 0.125
5725.000 0.123
5730.000 0.124
5735.000 0.125
5740.000 0.125
5745.000 0.125
5750.000 0.126
5755.000 0.126
5760.000 0.125
5765.000 0.126
5770.000 0.126
5775.000 0.125
5780.000 0.126
5785.000 0.127
5790.000 0.127
5795.000 0.126
5800.000 0.127
5805.000 0.130
5810.000 0.129
5815.000 0.127
5820.000 0.127
5825.000 0.126
5830.000 0.128
5835.000 0.128
5840.000 0.130
5845.000 0.129
5850.000 0.131
5855.000 0.129
5860.000 0.129
5865.000 0.131
5870.000 0.130
5875.000 0.131
5880.000 0.134
5885.000 0.132
5890.000 0.132
5895.000 0.131
5900.000 0.132
5905.000 0.134
5910.000 0.132
5915.000 0.134
5920.000 0.133
5925.000 0.134
5930.000 0.134
5935.000 0.134
5940.000 0.134
5945.000 0.133
5950.000 0.134
5955.000 0.137
5960.000 0.134
5965.000 0.133
5970.000 0.137
5975.000 0.134
5980.000 0.134
5985.000 0.137
5990.000 0.133
5995.000 0.132
6000.000 0.140
6005.000 0.131
6010.000 0.133
6015.000 0.131
6020.000 0.138
6025.000 0.131
6030.000 0.133
6035.000 0.133
6040.000 0.135
6045.000 0.135
6050.000 0.132
6055.000 0.135
6060.000 0.132
6065.000 0.133
6070.000 0.132
6075.000 0.133
6080.000 0.132
6085.000 0.135
6090.000 0.133
6095.000 0.133
6100.000 0.133
6105.000 0.133
6110.000 0.135
6115.000 0.136
6120.000 0.136
6125.000 0.135
6130.000 0.136
6135.000 0.136
6140.000 0.138
6145.000 0.138
6150.000 0.138
6155.000 0.138
6160.000 0.138
6165.000 0.140
6170.000 0.140
6175.000 0.139
6180.000 0.139
6185.000 0.139
6190.000 0.140
6195.000 0.141
6200.000 0.140
6205.000 0.140
6210.000 0.141
6215.000 0.142
6220.000 0.140
6225.000 0.139
6230.000 0.140
6235.000 0.141
6240.000 0.144
6245.000 0.142
6250.000 0.143
6255.000 0.142
6260.000 0.142
6265.000 0.143
6270.000 0.143
6275.000 0.145
6280.000 0.144
6285.000 0.145
6290.000 0.147
6295.000 0.148
6300.000 0.152
6305.000 0.153
6310.000 0.154
6315.000 0.154
6320.000 0.154
6325.000 0.152
6330.000 0.152
6335.000 0.151
6340.000 0.153
6345.000 0.152
6350.000 0.154
6355.000 0.154
6360.000 0.155
6365.000 0.157
6370.000 0.160
6375.000 0.164
6380.000 0.163
6385.000 0.165
6390.000 0.164
6395.000 0.166
6400.000 0.167
6405.000 0.171
6410.000 0.171
6415.000 0.173
6420.000 0.173
6425.000 0.176
6430.000 0.179
6435.000 0.179
6440.000 0.184
6445.000 0.186
6450.000 0.188
6455.000 0.192
6460.000 0.198
6465.000 0.201
6470.000 0.204
6475.000 0.210
6480.000 0.212
6485.000 0.218
6490.000 0.226
6495.000 0.231
6500.000 0.238
6505.000 0.244
6510.000 0.254
6515.000 0.266
6520.000 0.272
6525.000 0.286
6530.000 0.294
6535.000 0.312
6540.000 0.328
6545.000 0.338
6550.000 0.361
6555.000 0.374
6560.000 0.402
6565.000 0.442
6570.000 0.461
6575.000 0.513
6580.000 0.542
6585.000 0.614
6590.000 0.713
6595.000 0.774
6600.000 0.934
6605.000 1.037
6610.000 1.313
6615.000 1.710
6620.000 1.971
6625.000 2.645
6630.000 3.066
6635.000 4.086
6640.000 5.272
6645.000 5.842
6650.000 6.651
6655.000 6.735
6660.000 6.089
6665.000 4.849
6670.000 4.233
6675.000 3.208
6680.000 2.814
6685.000 2.207
6690.000 1.791
6695.000 1.637
6700.000 1.399
6705.000 1.312
6710.000 1.199
6715.000 1.105
6720.000 1.074
6725.000 1.035
6730.000 1.022
6735.000 1.007
6740.000 0.994
6745.000 0.993
6750.000 0.997
6755.000 1.001
6760.000 1.009
6765.000 1.024
6770.000 1.037
6775.000 1.065
6780.000 1.084
6785.000 1.125
6790.000 1.237
6795.000 1.260
6800.000 1.331
6805.000 1.372
6810.000 1.461
6815.000 1.592
6820.000 1.672
6825.000 1.890
6830.000 2.030
6835.000 2.414
6840.000 2.968
6845.000 3.339
6850.000 4.267
6855.000 4.828
6860.000 6.089
6865.000 7.110
6870.000 7.332
6875.000 6.940
6880.000 6.330
6885.000 4.938
6890.000 3.748
6895.000 3.288
6900.000 2.594
6905.000 2.331
6910.000 1.928
6915.000 1.651
6920.000 1.550
6925.000 1.404
6930.000 1.348
6935.000 1.244
6940.000 1.156
6945.000 1.118
6950.000 1.058
6955.000 1.026
6960.000 0.971
6965.000 0.925
6970.000 0.905
6975.000 0.874
6980.000 0.860
6985.000 0.823
6990.000 0.805
6995.000 0.789
7000.000 0.767
7005.000 0.757
7010.000 0.746
7015.000 0.729
7020.000 0.723
7025.000 0.711
7030.000 0.712
7035.000 0.704
7040.000 0.709
7045.000 0.700
7050.000 0.698
7055.000 0.697
7060.000 0.696
7065.000 0.694
7070.000 0.701
7075.000 0.704
7080.000 0.706
7085.000 0.714
7090.000 0.717
7095.000 0.727
7100.000 0.734
7105.000 0.739
7110.000 0.756
7115.000 0.773
7120.000 0.815
7125.000 0.835
7130.000 0.841
7135.000 0.863
7140.000 0.883
7145.000 0.911
7150.000 0.943
7155.000 0.963
7160.000 1.008
7165.000 1.035
7170.000 1.096
7175.000 1.170
7180.000 1.217
7185.000 1.323
7190.000 1.390
7195.000 1.551
7200.000 1.777
7205.000 1.920
7210.000 2.292
7215.000 2.529
7220.000 3.130
7225.000 3.909
7230.000 4.339
7235.000 5.119
7240.000 5.374
7245.000 5.305
7250.000 4.447
7255.000 3.945
7260.000 3.024
7265.000 2.656
7270.000 2.114
7275.000 1.714
7280.000 1.563
7285.000 1.334
7290.000 1.249
7295.000 1.116
7300.000 1.008
7305.000 0.963
7310.000 0.879
7315.000 0.842
7320.000 0.781
7325.000 0.720
7330.000 0.699
7335.000 0.654
7340.000 0.637
7345.000 0.602
7350.000 0.566
7355.000 0.547
7360.000 0.511
7365.000 0.509
7370.000 0.473
7375.000 0.442
7380.000 0.429
7385.000 0.405
7390.000 0.395
7395.000 0.378
7400.000 0.366
7405.000 0.360
7410.000 0.349
7415.000 0.344
7420.000 0.337
7425.000 0.326
7430.000 0.325
7435.000 0.320
7440.000 0.319
7445.000 0.313
7450.000 0.311
7455.000 0.309
7460.000 0.308
7465.000 0.308
7470.000 0.308
7475.000 0.308
7480.000 0.309
7485.000 0.311
7490.000 0.312
7495.000 0.315
7500.000 0.320
7505.000 0.322
7510.000 0.331
7515.000 0.335
7520.000 0.346
7525.000 0.357
7530.000 0.366
7535.000 0.381
7540.000 0.391
7545.000 0.416
7550.000 0.441
7555.000 0.460
7560.000 0.499
7565.000 0.517
7570.000 0.552
7575.000 0.596
7580.000 0.621
7585.000 0.682
7590.000 0.722
7595.000 0.817
7600.000 0.952
7605.000 1.039
7610.000 1.262
7615.000 1.411
7620.000 1.798
7625.000 2.016
7630.000 2.485
7635.000 2.861
7640.000 2.970
7645.000 2.824
7650.000 2.594
7655.000 2.066
7660.000 1.606
7665.000 1.428
7670.000 1.150
7675.000 1.041
7680.000 0.878
7685.000 0.765
7690.000 0.722
7695.000 0.657
7700.000 0.628
7705.000 0.581
7710.000 0.542
7715.000 0.526
7720.000 0.498
7725.000 0.485
7730.000 0.459
7735.000 0.439
7740.000 0.431
7745.000 0.418
7750.000 0.406
7755.000 0.385
7760.000 0.367
7765.000 0.360
7770.000 0.347
7775.000 0.344
7780.000 0.332
7785.000 0.321
7790.000 0.319
7795.000 0.313
7800.000 0.310
7805.000 0.307
7810.000 0.301
7815.000 0.300
7820.000 0.298
7825.000 0.297
7830.000 0.296
7835.000 0.299
7840.000 0.299
7845.000 0.301
7850.000 0.302
7855.000 0.306
7860.000 0.311
7865.000 0.312
7870.000 0.321
7875.000 0.324
7880.000 0.334
7885.000 0.349
7890.000 0.356
7895.000 0.375
7900.000 0.386
7905.000 0.406
7910.000 0.428
7915.000 0.440
7920.000 0.474
7925.000 0.492
7930.000 0.535
7935.000 0.594
7940.000 0.625
7945.000 0.704
7950.000 0.740
7955.000 0.797
7960.000 0.786
7965.000 0.751
7970.000 0.626
7975.000 0.559
7980.000 0.444
7985.000 0.351
7990.000 0.317
7995.000 0.261
8000.000 0.246
8005.000 0.221
8010.000 0.212
8015.000 0.210
8020.000 0.197
8025.000 0.185
8030.000 0.165
8035.000 0.150
8040.000 0.143
8045.000 0.132
8050.000 0.127
8055.000 0.120
8060.000 0.114
8065.000 0.109
8070.000 0.108
8075.000 0.106
8080.000 0.102
8085.000 0.102
8090.000 0.101
8095.000 0.101
8100.000 0.102
8105.000 0.100
8110.000 0.101
8115.000 0.100
8120.000 0.099
8125.000 0.099
8130.000 0.098
8135.000 0.099
8140.000 0.100
8145.000 0.101
8150.000 0.100
8155.000 0.101
8160.000 0.102
8165.000 0.103
8170.000 0.103
8175.000 0.105
8180.000 0.105
8185.000 0.106
8190.000 0.104
8195.000 0.105
8200.000 0.105
8205.000 0.105
8210.000 0.105
8215.000 0.106
8220.000 0.104
8225.000 0.104
8230.000 0.105
8235.000 0.106
8240.000 0.106
8245.000 0.107
8250.000 0.107
8255.000 0.107
8260.000 0.108
8265.000 0.106
8270.000 0.107
8275.000 0.107
8280.000 0.107
8285.000 0.108
8290.000 0.109
8295.000 0.108
8300.000 0.110
8305.000 0.109
8310.000 0.109
8315.000 0.109
8320.000 0.109
8325.000 0.109
8330.000 0.110
8335.000 0.109
8340.000 0.111
8345.000 0.111
8350.000 0.111
8355.000 0.111
8360.000 0.111
8365.000 0.111
8370.000 0.113
8375.000 0.112
8380.000 0.112
8385.000 0.112
8390.000 0.112
8395.000 0.113
8400.000 0.113
8405.000 0.113
8410.000 0.113
8415.000 0.113
8420.000 0.113
8425.000 0.114
8430.000 0.113
8435.000 0.114
8440.000 0.113
8445.000 0.112
8450.000 0.115
8455.000 0.114
8460.000 0.114
8465.000 0.114
8470.000 0.115
8475.000 0.114
8480.000 0.116
8485.000 0.116
8490.000 0.115
8495.000 0.115
8500.000 0.116
8505.000 0.116
8510.000 0.117
8515.000 0.116
8520.000 0.116
8525.000 0.116
8530.000 0.116
8535.000 0.116
8540.000 0.118
8545.000 0.117
8550.000 0.118
8555.000 0.118
8560.000 0.118
8565.000 0.118
8570.000 0.118
8575.000 0.118
8580.000 0.118
8585.000 0.118
8590.000 0.117
8595.000 0.119
8600.000 0.118
8605.000 0.119
8610.000 0.119
8615.000 0.118
8620.000 0.118
8625.000 0.118
8630.000 0.119
8635.000 0.119
8640.000 0.119
8645.000 0.118
8650.000 0.119
8655.000 0.121
8660.000 0.120
8665.000 0.120
8670.000 0.120
8675.000 0.121
8680.000 0.121
8685.000 0.122
8690.000 0.122
8695.000 0.122
8700.000 0.120
8705.000 0.121
8710.000 0.122
8715.000 0.121
8720.000 0.122
8725.000 0.122
8730.000 0.121
8735.000 0.122
8740.000 0.122
8745.000 0.121
8750.000 0.121
8755.000 0.121
8760.000 0.122
8765.000 0.122
8770.000 0.123
8775.000 0.122
8780.000 0.124
8785.000 0.125
8790.000 0.126
8795.000 0.126
8800.000 0.126
8805.000 0.127
8810.000 0.128
8815.000 0.126
8820.000 0.125
8825.000 0.132
8830.000 0.122
8835.000 0.135
8840.000 0.131
8845.000 0.130
8850.000 0.127
8855.000 0.127
8860.000 0.126
8865.000 0.127
8870.000 0.127
8875.000 0.128
8880.000 0.127
8885.000 0.128
8890.000 0.127
8895.000 0.127
8900.000 0.129
8905.000 0.129
8910.000 0.129
8915.000 0.130
8920.000 0.128
8925.000 0.128
8930.000 0.127
8935.000 0.130
8940.000 0.127
8945.000 0.129
8950.000 0.129
8955.000 0.129
8960.000 0.129
8965.000 0.129
8970.000 0.131
8975.000 0.130
8980.000 0.130
8985.000 0.132
8990.000 0.130
8995.000 0.132
9000.000 0.134
9005.000 0.132
9010.000 0.131
9015.000 0.136
9020.000 0.135
9025.000 0.134
9030.000 0.137
9035.000 0.133
9040.000 0.135
9045.000 0.134
9050.000 0.135
9055.000 0.134
9060.000 0.136
9065.000 0.135
9070.000 0.135
9075.000 0.135
9080.000 0.135
9085.000 0.135
9090.000 0.135
9095.000 0.135
9100.000 0.134
9105.000 0.134
9110.000 0.134
9115.000 0.135
9120.000 0.136
9125.000 0.140
9130.000 0.140
9135.000 0.139
9140.000 0.137
9145.000 0.137
9150.000 0.135
9155.000 0.134
9160.000 0.135
9165.000 0.136
9170.000 0.135
9175.000 0.136
9180.000 0.136
9185.000 0.135
9190.000 0.137
9195.000 0.135
9200.000 0.136
9205.000 0.136
9210.000 0.137
9215.000 0.138
9220.000 0.138
9225.000 0.137
9230.000 0.139
9235.000 0.139
9240.000 0.137
9245.000 0.139
9250.000 0.138
9255.000 0.135
9260.000 0.136
9265.000 0.137
9270.000 0.137
9275.000 0.138
9280.000 0.138
9285.000 0.136
9290.000 0.134
9295.000 0.135
9300.000 0.136
9305.000 0.137
9310.000 0.135
9315.000 0.136
9320.000 0.137
9325.000 0.137
9330.000 0.136
9335.000 0.136
9340.000 0.136
9345.000 0.135
9350.000 0.135
9355.000 0.135
9360.000 0.135
9365.000 0.135
9370.000 0.136
9375.000 0.137
9380.000 0.136
9385.000 0.136
9390.000 0.136
9395.000 0.134
9400.000 0.136
9405.000 0.136
9410.000 0.137
9415.000 0.134
9420.000 0.134
9425.000 0.134
9430.000 0.133
9435.000 0.136
9440.000 0.136
9445.000 0.134
9450.000 0.133
9455.000 0.133
9460.000 0.133
9465.000 0.134
9470.000 0.134
9475.000 0.133
9480.000 0.135
9485.000 0.133
9490.000 0.133
9495.000 0.133
9500.000 0.132
9505.000 0.131
9510.000 0.131
9515.000 0.133
9520.000 0.134
9525.000 0.135
9530.000 0.133
9535.000 0.131
9540.000 0.132
9545.000 0.132
9550.000 0.131
9555.000 0.131
9560.000 0.129
9565.000 0.130
9570.000 0.131
9575.000 0.130
9580.000 0.130
9585.000 0.129
9590.000 0.127
9595.000 0.127
9600.000 0.125
9605.000 0.125
9610.000 0.125
9615.000 0.126
9620.000 0.126
9625.000 0.124
9630.000 0.124
9635.000 0.124
9640.000 0.125
9645.000 0.123
9650.000 0.122
9655.000 0.121
9660.000 0.119
9665.000 0.120
9670.000 0.119
9675.000 0.117
9680.000 0.116
9685.000 0.114
9690.000 0.113
9695.000 0.112
9700.000 0.111
9705.000 0.109
9710.000 0.108
9715.000 0.107
9720.000 0.105
9725.000 0.103
9730.000 0.102
9735.000 0.100
9740.000 0.100
9745.000 0.096
9750.000 0.094
9755.000 0.091
9760.000 0.089
9765.000 0.086
9770.000 0.081
9775.000 0.077
9780.000 0.075
9785.000 0.070
9790.000 0.067
9795.000 0.059
9800.000 0.053
9805.000 0.048
9810.000 0.039
9815.000 0.035
9820.000 0.025
9825.000 0.017
9830.000 0.016
9835.000 0.022
9840.000 0.031
9845.000 0.052
9850.000 0.085
9855.000 0.112
9860.000 0.189
9865.000 0.240
9870.000 0.377
9875.000 0.541
9880.000 0.637
9885.000 0.864
9890.000 0.998
9895.000 1.313
9900.000 1.660
9905.000 1.823
9910.000 2.038
9915.000 2.068
9920.000 1.989
9925.000 1.819
9930.000 1.734
9935.000 1.584
9940.000 1.519
9945.000 1.403
9950.000 1.312
9955.000 1.274
9960.000 1.188
9965.000 1.153
9970.000 1.070
9975.000 1.006
9980.000 0.966
9985.000 0.895
9990.000 0.840
9995.000 0.808
10000.000 0.760
10005.000 0.735
10010.000 0.701
10015.000 0.687
10020.000 0.669
10025.000 0.651
10030.000 0.651
10035.000 0.664
10040.000 0.674
10045.000 0.706
10050.000 0.749
10055.000 0.767
10060.000 0.818
10065.000 0.848
10070.000 0.918
10075.000 1.015
10080.000 1.075
10085.000 1.227
10090.000 1.320
10095.000 1.535
10100.000 1.780
10105.000 1.895
10110.000 2.044
10115.000 2.046
10120.000 1.875
10125.000 1.592
10130.000 1.445
10135.000 1.179
10140.000 1.066
10145.000 0.895
10150.000 0.766
10155.000 0.715
10160.000 0.622
10165.000 0.584
10170.000 0.521
10175.000 0.470
10180.000 0.448
10185.000 0.404
10190.000 0.385
10195.000 0.354
10200.000 0.327
10205.000 0.315
10210.000 0.296
10215.000 0.287
10220.000 0.273
10225.000 0.260
10230.000 0.252
10235.000 0.240
10240.000 0.234
10245.000 0.224
10250.000 0.214
10255.000 0.210
10260.000 0.204
10265.000 0.200
10270.000 0.195
10275.000 0.193
10280.000 0.194
10285.000 0.195
10290.000 0.197
10295.000 0.200
10300.000 0.202
10305.000 0.210
10310.000 0.217
10315.000 0.222
10320.000 0.232
10325.000 0.238
10330.000 0.249
10335.000 0.263
10340.000 0.273
10345.000 0.291
10350.000 0.301
10355.000 0.325
10360.000 0.352
10365.000 0.366
10370.000 0.403
10375.000 0.427
10380.000 0.480
10385.000 0.549
10390.000 0.588
10395.000 0.699
10400.000 0.763
10405.000 0.931
10410.000 1.156
10415.000 1.288
10420.000 1.586
10425.000 1.741
10430.000 2.033
10435.000 2.208
10440.000 2.222
10445.000 2.088
10450.000 1.956
10455.000 1.655
10460.000 1.372
10465.000 1.249
10470.000 1.047
10475.000 0.966
10480.000 0.836
10485.000 0.736
10490.000 0.700
10495.000 0.642
10500.000 0.620
10505.000 0.584
10510.000 0.552
10515.000 0.543
10520.000 0.515
10525.000 0.500
10530.000 0.481
10535.000 0.468
10540.000 0.460
10545.000 0.447
10550.000 0.440
10555.000 0.429
10560.000 0.419
10565.000 0.413
10570.000 0.406
10575.000 0.402
10580.000 0.401
10585.000 0.398
10590.000 0.396
10595.000 0.392
10600.000 0.390
10605.000 0.387
10610.000 0.387
10615.000 0.387
10620.000 0.388
10625.000 0.386
10630.000 0.387
10635.000 0.386
10640.000 0.387
10645.000 0.391
10650.000 0.393
10655.000 0.393
10660.000 0.400
10665.000 0.399
10670.000 0.407
10675.000 0.409
10680.000 0.418
10685.000 0.424
10690.000 0.427
10695.000 0.433
10700.000 0.443
10705.000 0.452
10710.000 0.465
10715.000 0.472
10720.000 0.488
10725.000 0.499
10730.000 0.515
10735.000 0.540
10740.000 0.555
10745.000 0.584
10750.000 0.602
10755.000 0.649
10760.000 0.704
10765.000 0.733
10770.000 0.796
10775.000 0.826
10780.000 0.868
10785.000 0.868
10790.000 0.853
10795.000 0.800
10800.000 0.754
10805.000 0.649
10810.000 0.540
10815.000 0.492
10820.000 0.405
10825.000 0.367
10830.000 0.303
10835.000 0.253
10840.000 0.231
10845.000 0.194
10850.000 0.178
10855.000 0.149
10860.000 0.126
10865.000 0.115
10870.000 0.095
10875.000 0.087
10880.000 0.073
10885.000 0.060
10890.000 0.055
10895.000 0.045
10900.000 0.041
10905.000 0.033
10910.000 0.029
10915.000 0.025
10920.000 0.019
10925.000 0.017
10930.000 0.012
10935.000 0.012
10940.000 0.008
10945.000 0.005
10950.000 0.003
10955.000 0.001
10960.000 0.002
10965.000 0.004
10970.000 0.006
10975.000 0.008
10980.000 0.011
10985.000 0.012
10990.000 0.014
10995.000 0.018
11000.000 0.021
11005.000 0.023
11010.000 0.026
11015.000 0.032
11020.000 0.042
11025.000 0.045
11030.000 0.059
11035.000 0.067
11040.000 0.089
11045.000 0.126
11050.000 0.157
11055.000 0.229
11060.000 0.277
11065.000 0.377
11070.000 0.475
11075.000 0.507
11080.000 0.543
11085.000 0.544
11090.000 0.527
11095.000 0.490
11100.000 0.469
11105.000 0.425
11110.000 0.406
11115.000 0.371
11120.000 0.339
11125.000 0.326
11130.000 0.296
11135.000 0.283
11140.000 0.261
11145.000 0.239
11150.000 0.228
11155.000 0.212
11160.000 0.207
11165.000 0.192
11170.000 0.182
11175.000 0.179
11180.000 0.172
11185.000 0.171
11190.000 0.167
11195.000 0.165
11200.000 0.164
11205.000 0.160
11210.000 0.159
11215.000 0.158
11220.000 0.156
11225.000 0.158
11230.000 0.157
11235.000 0.157
11240.000 0.155
11245.000 0.154
11250.000 0.152
11255.000 0.153
11260.000 0.153
11265.000 0.152
11270.000 0.149
11275.000 0.149
11280.000 0.149
11285.000 0.150
11290.000 0.149
11295.000 0.148
11300.000 0.149
11305.000 0.147
11310.000 0.147
11315.000 0.145
11320.000 0.146
11325.000 0.144
11330.000 0.144
11335.000 0.144
11340.000 0.145
11345.000 0.144
11350.000 0.145
11355.000 0.143
11360.000 0.143
11365.000 0.145
11370.000 0.141
11375.000 0.144
11380.000 0.143
11385.000 0.143
11390.000 0.142
11395.000 0.141
11400.000 0.143
11405.000 0.142
11410.000 0.142
11415.000 0.140
11420.000 0.141
11425.000 0.140
11430.000 0.140
11435.000 0.140
11440.000 0.140
11445.000 0.140
11450.000 0.140
11455.000 0.139
11460.000 0.140
11465.000 0.139
11470.000 0.139
11475.000 0.138
11480.000 0.137
11485.000 0.139
11490.000 0.139
11495.000 0.139
11500.000 0.138
11505.000 0.139
11510.000 0.138
11515.000 0.139
11520.000 0.138
11525.000 0.139
11530.000 0.140
11535.000 0.138
11540.000 0.138
11545.000 0.138
11550.000 0.138
11555.000 0.140
11560.000 0.137
11565.000 0.137
11570.000 0.137
11575.000 0.139
11580.000 0.136
11585.000 0.138
11590.000 0.137
11595.000 0.136
11600.000 0.136
11605.000 0.135
11610.000 0.136
11615.000 0.136
11620.000 0.136
11625.000 0.135
11630.000 0.137
11635.000 0.136
11640.000 0.136
11645.000 0.137
11650.000 0.137
11655.000 0.137
11660.000 0.136
11665.000 0.136
11670.000 0.135
11675.000 0.137
11680.000 0.137
11685.000 0.135
11690.000 0.137
11695.000 0.137
11700.000 0.136
11705.000 0.137
11710.000 0.137
11715.000 0.137
11720.000 0.135
11725.000 0.136
11730.000 0.135
11735.000 0.135
11740.000 0.136
11745.000 0.135
11750.000 0.135
11755.000 0.136
11760.000 0.135
11765.000 0.137
11770.000 0.137
11775.000 0.134
11780.000 0.134
11785.000 0.134
11790.000 0.134
11795.000 0.135
11800.000 0.133
11805.000 0.135
11810.000 0.134
11815.000 0.133
11820.000 0.135
11825.000 0.135
11830.000 0.133
11835.000 0.135
11840.000 0.135
11845.000 0.134
11850.000 0.134
11855.000 0.132
11860.000 0.133
11865.000 0.133
11870.000 0.132
11875.000 0.133
11880.000 0.133
11885.000 0.134
11890.000 0.134
11895.000 0.134
11900.000 0.133
11905.000 0.133
11910.000 0.134
11915.000 0.134
11920.000 0.132
11925.000 0.132
11930.000 0.133
11935.000 0.133
11940.000 0.133
11945.000 0.131
11950.000 0.132
11955.000 0.132
11960.000 0.133
11965.000 0.132
11970.000 0.133
11975.000 0.134
11980.000 0.132
11985.000 0.132
11990.000 0.132
11995.000 0.131
12000.000 0.131
