105.000 0.012
110.000 0.073
115.000 1.620
120.000 1.844
125.000 2.274
130.000 2.456
135.000 2.812
140.000 3.125
145.000 3.339
150.000 3.705
155.000 3.858
160.000 4.168
165.000 4.265
170.000 4.242
175.000 4.273
180.000 4.192
185.000 4.054
190.000 3.783
195.000 3.677
200.000 3.274
205.000 3.038
210.000 2.759
215.000 2.494
220.000 2.409
225.000 2.279
230.000 2.246
235.000 2.144
240.000 2.080
245.000 2.075
250.000 2.100
255.000 2.148
260.000 2.226
265.000 2.326
270.000 2.391
275.000 2.516
280.000 2.572
285.000 2.732
290.000 2.908
295.000 3.004
300.000 3.236
305.000 3.353
310.000 3.604
315.000 3.783
320.000 4.079
325.000 4.430
330.000 4.599
335.000 5.017
340.000 5.221
345.000 5.655
350.000 6.098
355.000 6.345
360.000 6.845
365.000 7.111
370.000 7.624
375.000 8.199
380.000 8.488
385.000 9.032
390.000 9.393
395.000 10.140
400.000 11.010
405.000 11.498
410.000 12.605
415.000 13.220
420.000 14.649
425.000 16.358
430.000 17.225
435.000 19.042
440.000 19.952
445.000 21.622
450.000 23.016
455.000 23.567
460.000 24.649
465.000 24.936
470.000 25.404
475.000 25.906
480.000 26.105
485.000 26.588
490.000 26.785
495.000 27.382
500.000 27.905
505.000 28.248
510.000 28.944
515.000 29.282
520.000 29.986
525.000 30.544
530.000 30.727
535.000 30.715
540.000 30.388
545.000 29.093
550.000 27.000
555.000 25.638
560.000 22.875
565.000 21.420
570.000 18.423
575.000 15.409
580.000 14.015
585.000 11.461
590.000 10.388
595.000 8.440
600.000 6.845
605.000 6.249
610.000 5.196
615.000 4.745
620.000 3.998
625.000 3.398
630.000 3.154
635.000 2.724
640.000 2.538
645.000 2.234
650.000 1.977
655.000 1.864
660.000 1.674
665.000 1.591
670.000 1.437
675.000 1.317
680.000 1.262
685.000 1.166
690.000 1.126
695.000 1.044
700.000 0.974
705.000 0.944
710.000 0.885
715.000 0.860
720.000 0.812
725.000 0.767
730.000 0.749
735.000 0.714
740.000 0.694
745.000 0.664
750.000 0.636
755.000 0.619
760.000 0.594
765.000 0.588
770.000 0.562
775.000 0.541
780.000 0.532
785.000 0.512
790.000 0.505
795.000 0.490
800.000 0.478
805.000 0.474
810.000 0.469
815.000 0.473
820.000 0.471
825.000 0.469
830.000 0.466
835.000 0.465
840.000 0.462
845.000 0.460
850.000 0.458
855.000 0.457
860.000 0.457
865.000 0.458
870.000 0.461
875.000 0.467
880.000 0.470
885.000 0.478
890.000 0.484
895.000 0.498
900.000 0.503
905.000 0.523
910.000 0.544
915.000 0.556
920.000 0.585
925.000 0.605
930.000 0.645
935.000 0.701
940.000 0.733
945.000 0.804
950.000 0.849
955.000 0.953
960.000 1.087
965.000 1.172
970.000 1.371
975.000 1.485
980.000 1.735
985.000 1.932
990.000 1.978
995.000 1.888
1000.000 1.781
1005.000 1.553
1010.000 1.349
1015.000 1.225
1020.000 1.056
1025.000 0.986
1030.000 0.859
1035.000 0.765
1040.000 0.724
1045.000 0.654
1050.000 0.629
1055.000 0.582
1060.000 0.550
1065.000 0.535
1070.000 0.508
1075.000 0.495
1080.000 0.475
1085.000 0.456
1090.000 0.445
1095.000 0.433
1100.000 0.426
1105.000 0.414
1110.000 0.405
1115.000 0.400
1120.000 0.393
1125.000 0.389
1130.000 0.382
1135.000 0.376
1140.000 0.373
1145.000 0.368
1150.000 0.367
1155.000 0.364
1160.000 0.362
1165.000 0.360
1170.000 0.359
1175.000 0.357
1180.000 0.358
1185.000 0.358
1190.000 0.359
1195.000 0.360
1200.000 0.360
1205.000 0.363
1210.000 0.365
1215.000 0.366
1220.000 0.371
1225.000 0.370
1230.000 0.374
1235.000 0.379
1240.000 0.382
1245.000 0.387
1250.000 0.391
1255.000 0.398
1260.000 0.404
1265.000 0.410
1270.000 0.418
1275.000 0.423
1280.000 0.432
1285.000 0.445
1290.000 0.450
1295.000 0.463
1300.000 0.471
1305.000 0.485
1310.000 0.503
1315.000 0.514
1320.000 0.532
1325.000 0.544
1330.000 0.569
1335.000 0.596
1340.000 0.612
1345.000 0.646
1350.000 0.666
1355.000 0.708
1360.000 0.761
1365.000 0.790
1370.000 0.858
1375.000 0.898
1380.000 1.000
1385.000 1.128
1390.000 1.213
1395.000 1.432
1400.000 1.580
1405.000 1.986
1410.000 2.607
1415.000 2.996
1420.000 3.928
1425.000 4.519
1430.000 5.888
1435.000 7.189
1440.000 7.632
1445.000 7.684
1450.000 7.189
1455.000 5.767
1460.000 4.414
1465.000 3.862
1470.000 2.998
1475.000 2.667
1480.000 2.161
1485.000 1.798
1490.000 1.639
1495.000 1.416
1500.000 1.335
1505.000 1.203
1510.000 1.134
1515.000 1.015
1520.000 0.921
1525.000 0.879
1530.000 0.811
1535.000 0.780
1540.000 0.726
1545.000 0.681
1550.000 0.661
1555.000 0.626
1560.000 0.609
1565.000 0.583
1570.000 0.558
1575.000 0.546
1580.000 0.528
1585.000 0.519
1590.000 0.502
1595.000 0.486
1600.000 0.477
1605.000 0.466
1610.000 0.460
1615.000 0.448
1620.000 0.436
1625.000 0.432
1630.000 0.420
1635.000 0.414
1640.000 0.404
1645.000 0.395
1650.000 0.391
1655.000 0.383
1660.000 0.379
1665.000 0.376
1670.000 0.374
1675.000 0.375
1680.000 0.382
1685.000 0.390
1690.000 0.405
1695.000 0.432
1700.000 0.449
1705.000 0.492
1710.000 0.518
1715.000 0.574
1720.000 0.646
1725.000 0.685
1730.000 0.781
1735.000 0.833
1740.000 0.952
1745.000 1.070
1750.000 1.113
1755.000 1.196
1760.000 1.244
1765.000 1.335
1770.000 1.436
1775.000 1.490
1780.000 1.616
1785.000 1.686
1790.000 1.857
1795.000 2.053
1800.000 2.164
1805.000 2.433
1810.000 2.592
1815.000 2.982
1820.000 3.474
1825.000 3.757
1830.000 4.471
1835.000 4.911
1840.000 5.934
1845.000 7.374
1850.000 8.174
1855.000 9.975
1860.000 10.981
1865.000 13.119
1870.000 15.140
1875.000 15.956
1880.000 16.856
1885.000 16.791
1890.000 15.395
1895.000 12.878
1900.000 11.531
1905.000 9.161
1910.000 8.171
1915.000 6.567
1920.000 5.422
1925.000 4.975
1930.000 4.275
1935.000 4.000
1940.000 3.566
1945.000 3.263
1950.000 3.149
1955.000 2.955
1960.000 2.862
1965.000 2.703
1970.000 2.565
1975.000 2.501
1980.000 2.389
1985.000 2.340
1990.000 2.249
1995.000 2.169
2000.000 2.129
2005.000 2.061
2010.000 2.032
2015.000 1.968
2020.000 1.922
2025.000 1.896
2030.000 1.847
2035.000 1.820
2040.000 1.773
2045.000 1.740
2050.000 1.726
2055.000 1.689
2060.000 1.676
2065.000 1.649
2070.000 1.626
2075.000 1.614
2080.000 1.593
2085.000 1.580
2090.000 1.562
2095.000 1.554
2100.000 1.541
2105.000 1.529
2110.000 1.526
2115.000 1.516
2120.000 1.512
2125.000 1.503
2130.000 1.503
2135.000 1.497
2140.000 1.497
2145.000 1.499
2150.000 1.501
2155.000 1.510
2160.000 1.513
2165.000 1.523
2170.000 1.530
2175.000 1.545
2180.000 1.564
2185.000 1.576
2190.000 1.604
2195.000 1.622
2200.000 1.660
2205.000 1.707
2210.000 1.732
2215.000 1.795
2220.000 1.834
2225.000 1.915
2230.000 2.011
2235.000 2.069
2240.000 2.201
2245.000 2.285
2250.000 2.497
2255.000 2.798
2260.000 2.996
2265.000 3.510
2270.000 3.844
2275.000 4.707
2280.000 5.833
2285.000 6.446
2290.000 7.427
2295.000 7.574
2300.000 6.776
2305.000 5.294
2310.000 4.576
2315.000 3.421
2320.000 2.982
2325.000 2.316
2330.000 1.884
2335.000 1.724
2340.000 1.465
2345.000 1.357
2350.000 1.176
2355.000 1.029
2360.000 0.965
2365.000 0.831
2370.000 0.775
2375.000 0.674
2380.000 0.590
2385.000 0.553
2390.000 0.495
2395.000 0.467
2400.000 0.418
2405.000 0.375
2410.000 0.356
2415.000 0.322
2420.000 0.308
2425.000 0.283
2430.000 0.259
2435.000 0.250
2440.000 0.230
2445.000 0.222
2450.000 0.207
2455.000 0.193
2460.000 0.187
2465.000 0.176
2470.000 0.170
2475.000 0.162
2480.000 0.152
2485.000 0.148
2490.000 0.141
2495.000 0.137
2500.000 0.131
2505.000 0.124
2510.000 0.121
2515.000 0.117
2520.000 0.114
2525.000 0.109
2530.000 0.106
2535.000 0.104
2540.000 0.101
2545.000 0.100
2550.000 0.096
2555.000 0.094
2560.000 0.093
2565.000 0.090
2570.000 0.088
2575.000 0.086
2580.000 0.085
2585.000 0.085
2590.000 0.082
2595.000 0.082
2600.000 0.081
2605.000 0.080
2610.000 0.079
2615.000 0.078
2620.000 0.078
2625.000 0.077
2630.000 0.076
2635.000 0.076
2640.000 0.074
2645.000 0.075
2650.000 0.074
2655.000 0.074
2660.000 0.073
2665.000 0.073
2670.000 0.073
2675.000 0.073
2680.000 0.074
2685.000 0.072
2690.000 0.072
2695.000 0.071
2700.000 0.072
2705.000 0.072
2710.000 0.071
2715.000 0.070
2720.000 0.071
2725.000 0.071
2730.000 0.071
2735.000 0.071
2740.000 0.070
2745.000 0.072
2750.000 0.072
2755.000 0.070
2760.000 0.071
2765.000 0.071
2770.000 0.071
2775.000 0.071
2780.000 0.071
2785.000 0.071
2790.000 0.072
2795.000 0.071
2800.000 0.072
2805.000 0.072
2810.000 0.072
2815.000 0.073
2820.000 0.073
2825.000 0.074
2830.000 0.073
2835.000 0.074
2840.000 0.075
2845.000 0.075
2850.000 0.075
2855.000 0.075
2860.000 0.076
2865.000 0.076
2870.000 0.077
2875.000 0.077
2880.000 0.077
2885.000 0.078
2890.000 0.079
2895.000 0.080
2900.000 0.079
2905.000 0.079
2910.000 0.080
2915.000 0.080
2920.000 0.081
2925.000 0.081
2930.000 0.081
2935.000 0.082
2940.000 0.085
2945.000 0.085
2950.000 0.085
2955.000 0.086
2960.000 0.087
2965.000 0.087
2970.000 0.084
2975.000 0.089
2980.000 0.090
2985.000 0.088
2990.000 0.092
2995.000 0.088
3000.000 0.089
3005.000 0.088
3010.000 0.092
3015.000 0.089
3020.000 0.093
3025.000 0.091
3030.000 0.098
3035.000 0.094
3040.000 0.098
3045.000 0.098
3050.000 0.098
3055.000 0.102
3060.000 0.102
3065.000 0.103
3070.000 0.106
3075.000 0.106
3080.000 0.109
3085.000 0.109
3090.000 0.111
3095.000 0.113
3100.000 0.115
3105.000 0.117
3110.000 0.120
3115.000 0.123
3120.000 0.125
3125.000 0.130
3130.000 0.131
3135.000 0.134
3140.000 0.140
3145.000 0.144
3150.000 0.148
3155.000 0.150
3160.000 0.158
3165.000 0.165
3170.000 0.167
3175.000 0.175
3180.000 0.180
3185.000 0.189
3190.000 0.199
3195.000 0.204
3200.000 0.217
3205.000 0.223
3210.000 0.237
3215.000 0.254
3220.000 0.262
3225.000 0.283
3230.000 0.295
3235.000 0.320
3240.000 0.350
3245.000 0.365
3250.000 0.407
3255.000 0.429
3260.000 0.487
3265.000 0.562
3270.000 0.610
3275.000 0.740
3280.000 0.801
3285.000 0.959
3290.000 1.055
3295.000 1.307
3300.000 1.663
3305.000 1.891
3310.000 2.475
3315.000 2.844
3320.000 3.755
3325.000 4.954
3330.000 5.676
3335.000 7.347
3340.000 8.238
3345.000 9.671
3350.000 9.751
3355.000 9.132
3360.000 7.277
3365.000 6.374
3370.000 4.803
3375.000 3.674
3380.000 3.243
3385.000 2.566
3390.000 2.312
3395.000 1.931
3400.000 1.667
3405.000 1.565
3410.000 1.406
3415.000 1.346
3420.000 1.274
3425.000 1.233
3430.000 1.216
3435.000 1.194
3440.000 1.185
3445.000 1.175
3450.000 1.168
3455.000 1.169
3460.000 1.173
3465.000 1.179
3470.000 1.192
3475.000 1.213
3480.000 1.227
3485.000 1.257
3490.000 1.276
3495.000 1.324
3500.000 1.377
3505.000 1.413
3510.000 1.493
3515.000 1.537
3520.000 1.649
3525.000 1.803
3530.000 1.902
3535.000 2.155
3540.000 2.318
3545.000 2.749
3550.000 3.377
3555.000 3.793
3560.000 4.868
3565.000 5.511
3570.000 6.902
3575.000 7.391
3580.000 7.529
3585.000 6.384
3590.000 5.631
3595.000 4.224
3600.000 3.662
3605.000 2.812
3610.000 2.233
3615.000 2.013
3620.000 1.679
3625.000 1.567
3630.000 1.391
3635.000 1.258
3640.000 1.198
3645.000 1.097
3650.000 1.055
3655.000 0.977
3660.000 0.912
3665.000 0.884
3670.000 0.832
3675.000 0.807
3680.000 0.761
3685.000 0.712
3690.000 0.694
3695.000 0.655
3700.000 0.635
3705.000 0.600
3710.000 0.569
3715.000 0.556
3720.000 0.532
3725.000 0.522
3730.000 0.504
3735.000 0.490
3740.000 0.483
3745.000 0.473
3750.000 0.468
3755.000 0.463
3760.000 0.459
3765.000 0.458
3770.000 0.455
3775.000 0.456
3780.000 0.457
3785.000 0.460
3790.000 0.462
3795.000 0.469
3800.000 0.473
3805.000 0.485
3810.000 0.497
3815.000 0.504
3820.000 0.519
3825.000 0.524
3830.000 0.540
3835.000 0.556
3840.000 0.567
3845.000 0.590
3850.000 0.602
3855.000 0.632
3860.000 0.667
3865.000 0.690
3870.000 0.739
3875.000 0.770
3880.000 0.821
3885.000 0.876
3890.000 0.910
3895.000 0.994
3900.000 1.044
3905.000 1.170
3910.000 1.341
3915.000 1.453
3920.000 1.748
3925.000 1.945
3930.000 2.477
3935.000 3.257
3940.000 3.761
3945.000 4.946
3950.000 5.539
3955.000 6.388
3960.000 6.242
3965.000 5.692
3970.000 4.337
3975.000 3.703
3980.000 2.712
3985.000 2.070
3990.000 1.830
3995.000 1.479
4000.000 1.337
4005.000 1.134
4010.000 1.000
4015.000 0.953
4020.000 0.870
4025.000 0.845
4030.000 0.782
4035.000 0.716
4040.000 0.691
4045.000 0.642
4050.000 0.618
4055.000 0.582
4060.000 0.548
4065.000 0.533
4070.000 0.503
4075.000 0.493
4080.000 0.467
4085.000 0.444
4090.000 0.431
4095.000 0.413
4100.000 0.403
4105.000 0.388
4110.000 0.373
4115.000 0.368
4120.000 0.357
4125.000 0.353
4130.000 0.344
4135.000 0.337
4140.000 0.334
4145.000 0.330
4150.000 0.327
4155.000 0.324
4160.000 0.321
4165.000 0.320
4170.000 0.318
4175.000 0.320
4180.000 0.319
4185.000 0.320
4190.000 0.322
4195.000 0.324
4200.000 0.326
4205.000 0.332
4210.000 0.333
4215.000 0.342
4220.000 0.350
4225.000 0.354
4230.000 0.364
4235.000 0.370
4240.000 0.385
4245.000 0.399
4250.000 0.406
4255.000 0.417
4260.000 0.422
4265.000 0.439
4270.000 0.456
4275.000 0.467
4280.000 0.486
4285.000 0.499
4290.000 0.527
4295.000 0.557
4300.000 0.578
4305.000 0.623
4310.000 0.653
4315.000 0.720
4320.000 0.811
4325.000 0.868
4330.000 1.029
4335.000 1.137
4340.000 1.430
4345.000 1.849
4350.000 2.107
4355.000 2.613
4360.000 2.765
4365.000 2.638
4370.000 2.078
4375.000 1.778
4380.000 1.292
4385.000 1.114
4390.000 0.853
4395.000 0.680
4400.000 0.612
4405.000 0.511
4410.000 0.475
4415.000 0.413
4420.000 0.370
4425.000 0.348
4430.000 0.313
4435.000 0.294
4440.000 0.261
4445.000 0.233
4450.000 0.221
4455.000 0.200
4460.000 0.192
4465.000 0.176
4470.000 0.163
4475.000 0.158
4480.000 0.148
4485.000 0.145
4490.000 0.137
4495.000 0.131
4500.000 0.128
4505.000 0.124
4510.000 0.122
4515.000 0.118
4520.000 0.115
4525.000 0.114
4530.000 0.112
4535.000 0.111
4540.000 0.109
4545.000 0.109
4550.000 0.108
4555.000 0.109
4560.000 0.109
4565.000 0.109
4570.000 0.111
4575.000 0.112
4580.000 0.114
4585.000 0.115
4590.000 0.118
4595.000 0.123
4600.000 0.126
4605.000 0.132
4610.000 0.136
4615.000 0.143
4620.000 0.154
4625.000 0.158
4630.000 0.172
4635.000 0.179
4640.000 0.199
4645.000 0.223
4650.000 0.237
4655.000 0.262
4660.000 0.276
4665.000 0.306
4670.000 0.342
4675.000 0.366
4680.000 0.418
4685.000 0.455
4690.000 0.539
4695.000 0.657
4700.000 0.736
4705.000 0.940
4710.000 1.075
4715.000 1.388
4720.000 1.841
4725.000 2.100
4730.000 2.668
4735.000 2.976
4740.000 3.568
4745.000 3.839
4750.000 3.730
4755.000 3.054
4760.000 2.577
4765.000 1.869
4770.000 1.589
4775.000 1.176
4780.000 0.911
4785.000 0.809
4790.000 0.657
4795.000 0.599
4800.000 0.503
4805.000 0.437
4810.000 0.411
4815.000 0.373
4820.000 0.356
4825.000 0.328
4830.000 0.305
4835.000 0.296
4840.000 0.281
4845.000 0.275
4850.000 0.263
4855.000 0.256
4860.000 0.251
4865.000 0.247
4870.000 0.244
4875.000 0.242
4880.000 0.242
4885.000 0.243
4890.000 0.245
4895.000 0.246
4900.000 0.249
4905.000 0.252
4910.000 0.257
4915.000 0.264
4920.000 0.266
4925.000 0.268
4930.000 0.274
4935.000 0.280
4940.000 0.287
4945.000 0.291
4950.000 0.303
4955.000 0.318
4960.000 0.322
4965.000 0.336
4970.000 0.349
4975.000 0.362
4980.000 0.387
4985.000 0.404
4990.000 0.433
4995.000 0.455
5000.000 0.503
5005.000 0.549
5010.000 0.584
5015.000 0.668
5020.000 0.728
5025.000 0.882
5030.000 1.113
5035.000 1.274
5040.000 1.636
5045.000 1.830
5050.000 2.080
5055.000 1.907
5060.000 1.686
5065.000 1.216
5070.000 1.020
5075.000 0.732
5080.000 0.541
5085.000 0.472
5090.000 0.364
5095.000 0.326
5100.000 0.263
5105.000 0.218
5110.000 0.199
5115.000 0.163
5120.000 0.148
5125.000 0.123
5130.000 0.102
5135.000 0.093
5140.000 0.080
5145.000 0.075
5150.000 0.066
5155.000 0.060
5160.000 0.058
5165.000 0.055
5170.000 0.053
5175.000 0.053
5180.000 0.053
5185.000 0.054
5190.000 0.055
5195.000 0.056
5200.000 0.058
5205.000 0.070
5210.000 0.070
5215.000 0.069
5220.000 0.071
5225.000 0.071
5230.000 0.070
5235.000 0.073
5240.000 0.075
5245.000 0.076
5250.000 0.077
5255.000 0.077
5260.000 0.079
5265.000 0.081
5270.000 0.081
5275.000 0.081
5280.000 0.083
5285.000 0.084
5290.000 0.085
5295.000 0.086
5300.000 0.087
5305.000 0.088
5310.000 0.089
5315.000 0.091
5320.000 0.091
5325.000 0.092
5330.000 0.093
5335.000 0.094
5340.000 0.095
5345.000 0.095
5350.000 0.097
5355.000 0.097
5360.000 0.098
5365.000 0.099
5370.000 0.099
5375.000 0.100
5380.000 0.101
5385.000 0.101
5390.000 0.103
5395.000 0.103
5400.000 0.104
5405.000 0.104
5410.000 0.106
5415.000 0.105
5420.000 0.106
5425.000 0.106
5430.000 0.107
5435.000 0.109
5440.000 0.108
5445.000 0.109
5450.000 0.110
5455.000 0.110
5460.000 0.110
5465.000 0.110
5470.000 0.112
5475.000 0.112
5480.000 0.113
5485.000 0.113
5490.000 0.115
5495.000 0.115
5500.000 0.116
5505.000 0.116
5510.000 0.117
5515.000 0.118
5520.000 0.118
5525.000 0.115
5530.000 0.119
5535.000 0.120
5540.000 0.120
5545.000 0.120
5550.000 0.120
5555.000 0.120
5560.000 0.120
5565.000 0.121
5570.000 0.121
5575.000 0.121
5580.000 0.121
5585.000 0.121
5590.000 0.121
5595.000 0.122
5600.000 0.121
5605.000 0.122
5610.000 0.123
5615.000 0.123
5620.000 0.123
5625.000 0.123
5630.000 0.123
5635.000 0.122
5640.000 0.121
5645.000 0.122
5650.000 0.123
5655.000 0.123
5660.000 0.124
5665.000 0.122
5670.000 0.123
5675.000 0.122
5680.000 0.121
5685.000 0.123
5690.000 0.122
5695.000 0.124
5700.000 0.125
5705.000 0.123
5710.000 0.123
5715.000 0.124
5720.000 0.124
5725.000 0.123
5730.000 0.122
5735.000 0.125
5740.000 0.126
5745.000 0.125
5750.000 0.124
5755.000 0.125
5760.000 0.125
5765.000 0.125
5770.000 0.125
5775.000 0.123
5780.000 0.125
5785.000 0.125
5790.000 0.126
5795.000 0.128
5800.000 0.127
5805.000 0.126
5810.000 0.126
5815.000 0.127
5820.000 0.128
5825.000 0.126
5830.000 0.127
5835.000 0.125
5840.000 0.125
5845.000 0.128
5850.000 0.127
5855.000 0.129
5860.000 0.129
5865.000 0.127
5870.000 0.127
5875.000 0.127
5880.000 0.128
5885.000 0.129
5890.000 0.127
5895.000 0.128
5900.000 0.129
5905.000 0.128
5910.000 0.127
5915.000 0.130
5920.000 0.129
5925.000 0.129
5930.000 0.129
5935.000 0.128
5940.000 0.129
5945.000 0.129
5950.000 0.131
5955.000 0.129
5960.000 0.130
5965.000 0.129
5970.000 0.128
5975.000 0.129
5980.000 0.130
5985.000 0.129
5990.000 0.134
5995.000 0.131
6000.000 0.134
6005.000 0.131
6010.000 0.127
6015.000 0.129
6020.000 0.134
6025.000 0.134
6030.000 0.129
6035.000 0.134
6040.000 0.130
6045.000 0.130
6050.000 0.134
6055.000 0.131
6060.000 0.131
6065.000 0.134
6070.000 0.130
6075.000 0.129
6080.000 0.131
6085.000 0.133
6090.000 0.130
6095.000 0.133
6100.000 0.134
6105.000 0.132
6110.000 0.132
6115.000 0.132
6120.000 0.133
6125.000 0.133
6130.000 0.133
6135.000 0.133
6140.000 0.134
6145.000 0.134
6150.000 0.133
6155.000 0.135
6160.000 0.134
6165.000 0.135
6170.000 0.134
6175.000 0.135
6180.000 0.136
6185.000 0.134
6190.000 0.136
6195.000 0.136
6200.000 0.135
6205.000 0.136
6210.000 0.137
6215.000 0.136
6220.000 0.136
6225.000 0.135
6230.000 0.137
6235.000 0.136
6240.000 0.136
6245.000 0.136
6250.000 0.137
6255.000 0.136
6260.000 0.139
6265.000 0.138
6270.000 0.138
6275.000 0.138
6280.000 0.139
6285.000 0.139
6290.000 0.140
6295.000 0.140
6300.000 0.139
6305.000 0.143
6310.000 0.144
6315.000 0.141
6320.000 0.142
6325.000 0.142
6330.000 0.141
6335.000 0.140
6340.000 0.141
6345.000 0.142
6350.000 0.143
6355.000 0.144
6360.000 0.147
6365.000 0.146
6370.000 0.146
6375.000 0.147
6380.000 0.147
6385.000 0.149
6390.000 0.149
6395.000 0.150
6400.000 0.151
6405.000 0.150
6410.000 0.154
6415.000 0.153
6420.000 0.156
6425.000 0.157
6430.000 0.160
6435.000 0.159
6440.000 0.162
6445.000 0.163
6450.000 0.168
6455.000 0.171
6460.000 0.170
6465.000 0.173
6470.000 0.177
6475.000 0.178
6480.000 0.181
6485.000 0.186
6490.000 0.189
6495.000 0.192
6500.000 0.202
6505.000 0.204
6510.000 0.212
6515.000 0.215
6520.000 0.228
6525.000 0.236
6530.000 0.242
6535.000 0.256
6540.000 0.264
6545.000 0.279
6550.000 0.291
6555.000 0.312
6560.000 0.339
6565.000 0.357
6570.000 0.396
6575.000 0.420
6580.000 0.480
6585.000 0.566
6590.000 0.618
6595.000 0.766
6600.000 0.862
6605.000 1.119
6610.000 1.502
6615.000 1.755
6620.000 2.403
6625.000 2.803
6630.000 3.748
6635.000 4.736
6640.000 5.147
6645.000 5.443
6650.000 5.245
6655.000 4.258
6660.000 3.315
6665.000 2.923
6670.000 2.300
6675.000 2.063
6680.000 1.709
6685.000 1.449
6690.000 1.353
6695.000 1.212
6700.000 1.162
6705.000 1.092
6710.000 1.051
6715.000 1.044
6720.000 1.053
6725.000 1.066
6730.000 1.096
6735.000 1.142
6740.000 1.171
6745.000 1.241
6750.000 1.286
6755.000 1.395
6760.000 1.557
6765.000 1.665
6770.000 1.953
6775.000 2.147
6780.000 2.669
6785.000 3.430
6790.000 3.904
6795.000 4.984
6800.000 5.506
6805.000 6.160
6810.000 5.879
6815.000 5.370
6820.000 4.180
6825.000 3.639
6830.000 2.785
6835.000 2.205
6840.000 1.965
6845.000 1.646
6850.000 1.524
6855.000 1.351
6860.000 1.290
6865.000 1.189
6870.000 1.104
6875.000 1.070
6880.000 1.010
6885.000 0.982
6890.000 0.938
6895.000 0.897
6900.000 0.882
6905.000 0.854
6910.000 0.845
6915.000 0.822
6920.000 0.804
6925.000 0.798
6930.000 0.785
6935.000 0.781
6940.000 0.777
6945.000 0.773
6950.000 0.773
6955.000 0.778
6960.000 0.779
6965.000 0.786
6970.000 0.792
6975.000 0.798
6980.000 0.812
6985.000 0.818
6990.000 0.847
6995.000 0.872
7000.000 0.875
7005.000 0.914
7010.000 0.933
7015.000 0.975
7020.000 1.022
7025.000 1.056
7030.000 1.123
7035.000 1.158
7040.000 1.255
7045.000 1.376
7050.000 1.452
7055.000 1.657
7060.000 1.776
7065.000 2.118
7070.000 2.588
7075.000 2.891
7080.000 3.631
7085.000 4.054
7090.000 4.871
7095.000 5.305
7100.000 5.248
7105.000 4.528
7110.000 4.040
7115.000 3.095
7120.000 2.386
7125.000 2.114
7130.000 1.703
7135.000 1.549
7140.000 1.304
7145.000 1.153
7150.000 1.092
7155.000 0.984
7160.000 0.943
7165.000 0.864
7170.000 0.801
7175.000 0.772
7180.000 0.720
7185.000 0.697
7190.000 0.660
7195.000 0.624
7200.000 0.609
7205.000 0.582
7210.000 0.568
7215.000 0.539
7220.000 0.512
7225.000 0.501
7230.000 0.478
7235.000 0.469
7240.000 0.452
7245.000 0.439
7250.000 0.434
7255.000 0.424
7260.000 0.420
7265.000 0.415
7270.000 0.411
7275.000 0.412
7280.000 0.414
7285.000 0.414
7290.000 0.414
7295.000 0.416
7300.000 0.420
7305.000 0.426
7310.000 0.432
7315.000 0.442
7320.000 0.458
7325.000 0.466
7330.000 0.490
7335.000 0.505
7340.000 0.535
7345.000 0.561
7350.000 0.578
7355.000 0.620
7360.000 0.658
7365.000 0.722
7370.000 0.783
7375.000 0.817
7380.000 0.902
7385.000 0.954
7390.000 1.096
7395.000 1.291
7400.000 1.421
7405.000 1.751
7410.000 1.959
7415.000 2.471
7420.000 3.066
7425.000 3.360
7430.000 3.803
7435.000 3.880
7440.000 3.544
7445.000 3.198
7450.000 2.484
7455.000 1.902
7460.000 1.678
7465.000 1.338
7470.000 1.214
7475.000 1.010
7480.000 0.871
7485.000 0.818
7490.000 0.745
7495.000 0.714
7500.000 0.664
7505.000 0.622
7510.000 0.603
7515.000 0.573
7520.000 0.559
7525.000 0.536
7530.000 0.516
7535.000 0.502
7540.000 0.484
7545.000 0.478
7550.000 0.463
7555.000 0.453
7560.000 0.448
7565.000 0.440
7570.000 0.435
7575.000 0.430
7580.000 0.424
7585.000 0.422
7590.000 0.417
7595.000 0.419
7600.000 0.416
7605.000 0.414
7610.000 0.417
7615.000 0.416
7620.000 0.420
7625.000 0.422
7630.000 0.424
7635.000 0.425
7640.000 0.437
7645.000 0.441
7650.000 0.447
7655.000 0.459
7660.000 0.466
7665.000 0.479
7670.000 0.485
7675.000 0.504
7680.000 0.527
7685.000 0.539
7690.000 0.568
7695.000 0.585
7700.000 0.626
7705.000 0.675
7710.000 0.708
7715.000 0.785
7720.000 0.836
7725.000 0.950
7730.000 1.124
7735.000 1.229
7740.000 1.473
7745.000 1.602
7750.000 1.781
7755.000 1.793
7760.000 1.698
7765.000 1.400
7770.000 1.242
7775.000 0.977
7780.000 0.783
7785.000 0.708
7790.000 0.594
7795.000 0.548
7800.000 0.477
7805.000 0.417
7810.000 0.393
7815.000 0.352
7820.000 0.335
7825.000 0.300
7830.000 0.270
7835.000 0.257
7840.000 0.234
7845.000 0.224
7850.000 0.207
7855.000 0.193
7860.000 0.186
7865.000 0.175
7870.000 0.170
7875.000 0.160
7880.000 0.154
7885.000 0.151
7890.000 0.145
7895.000 0.142
7900.000 0.139
7905.000 0.137
7910.000 0.134
7915.000 0.131
7920.000 0.129
7925.000 0.128
7930.000 0.127
7935.000 0.125
7940.000 0.126
7945.000 0.126
7950.000 0.128
7955.000 0.130
7960.000 0.131
7965.000 0.137
7970.000 0.143
7975.000 0.152
7980.000 0.169
7985.000 0.180
7990.000 0.192
7995.000 0.201
8000.000 0.198
8005.000 0.169
8010.000 0.163
8015.000 0.159
8020.000 0.165
8025.000 0.182
8030.000 0.189
8035.000 0.185
8040.000 0.177
8045.000 0.173
8050.000 0.160
8055.000 0.154
8060.000 0.146
8065.000 0.148
8070.000 0.146
8075.000 0.140
8080.000 0.139
8085.000 0.138
8090.000 0.137
8095.000 0.136
8100.000 0.134
8105.000 0.132
8110.000 0.132
8115.000 0.131
8120.000 0.131
8125.000 0.132
8130.000 0.132
8135.000 0.129
8140.000 0.127
8145.000 0.128
8150.000 0.127
8155.000 0.128
8160.000 0.126
8165.000 0.123
8170.000 0.123
8175.000 0.123
8180.000 0.123
8185.000 0.122
8190.000 0.125
8195.000 0.128
8200.000 0.125
8205.000 0.125
8210.000 0.126
8215.000 0.124
8220.000 0.122
8225.000 0.123
8230.000 0.123
8235.000 0.124
8240.000 0.123
8245.000 0.123
8250.000 0.123
8255.000 0.122
8260.000 0.121
8265.000 0.120
8270.000 0.122
8275.000 0.121
8280.000 0.120
8285.000 0.121
8290.000 0.122
8295.000 0.122
8300.000 0.122
8305.000 0.122
8310.000 0.121
8315.000 0.121
8320.000 0.122
8325.000 0.122
8330.000 0.122
8335.000 0.158
8340.000 0.163
8345.000 0.165
8350.000 0.163
8355.000 0.162
8360.000 0.153
8365.000 0.143
8370.000 0.139
8375.000 0.133
8380.000 0.131
8385.000 0.127
8390.000 0.124
8395.000 0.124
8400.000 0.123
8405.000 0.124
8410.000 0.124
8415.000 0.125
8420.000 0.126
8425.000 0.126
8430.000 0.125
8435.000 0.124
8440.000 0.125
8445.000 0.124
8450.000 0.123
8455.000 0.128
8460.000 0.129
8465.000 0.127
8470.000 0.127
8475.000 0.127
8480.000 0.128
8485.000 0.125
8490.000 0.125
8495.000 0.126
8500.000 0.126
8505.000 0.125
8510.000 0.127
8515.000 0.126
8520.000 0.127
8525.000 0.127
8530.000 0.126
8535.000 0.126
8540.000 0.127
8545.000 0.128
8550.000 0.128
8555.000 0.128
8560.000 0.127
8565.000 0.127
8570.000 0.127
8575.000 0.127
8580.000 0.128
8585.000 0.128
8590.000 0.128
8595.000 0.127
8600.000 0.129
8605.000 0.128
8610.000 0.129
8615.000 0.131
8620.000 0.135
8625.000 0.137
8630.000 0.134
8635.000 0.134
8640.000 0.133
8645.000 0.132
8650.000 0.131
8655.000 0.132
8660.000 0.132
8665.000 0.131
8670.000 0.137
8675.000 0.137
8680.000 0.138
8685.000 0.137
8690.000 0.135
8695.000 0.134
8700.000 0.134
8705.000 0.133
8710.000 0.134
8715.000 0.136
8720.000 0.138
8725.000 0.138
8730.000 0.139
8735.000 0.138
8740.000 0.139
8745.000 0.140
8750.000 0.138
8755.000 0.135
8760.000 0.138
8765.000 0.138
8770.000 0.137
8775.000 0.136
8780.000 0.135
8785.000 0.134
8790.000 0.134
8795.000 0.133
8800.000 0.135
8805.000 0.134
8810.000 0.136
8815.000 0.135
8820.000 0.140
8825.000 0.142
8830.000 0.133
8835.000 0.145
8840.000 0.142
8845.000 0.140
8850.000 0.138
8855.000 0.139
8860.000 0.140
8865.000 0.139
8870.000 0.139
8875.000 0.140
8880.000 0.140
8885.000 0.140
8890.000 0.140
8895.000 0.139
8900.000 0.138
8905.000 0.138
8910.000 0.139
8915.000 0.139
8920.000 0.139
8925.000 0.140
8930.000 0.140
8935.000 0.140
8940.000 0.139
8945.000 0.140
8950.000 0.139
8955.000 0.139
8960.000 0.138
8965.000 0.139
8970.000 0.140
8975.000 0.141
8980.000 0.142
8985.000 0.140
8990.000 0.138
8995.000 0.137
9000.000 0.142
9005.000 0.140
9010.000 0.143
9015.000 0.142
9020.000 0.144
9025.000 0.143
9030.000 0.146
9035.000 0.143
9040.000 0.144
9045.000 0.143
9050.000 0.144
9055.000 0.144
9060.000 0.144
9065.000 0.144
9070.000 0.145
9075.000 0.142
9080.000 0.143
9085.000 0.144
9090.000 0.144
9095.000 0.143
9100.000 0.144
9105.000 0.144
9110.000 0.144
9115.000 0.143
9120.000 0.141
9125.000 0.143
9130.000 0.141
9135.000 0.141
9140.000 0.141
9145.000 0.141
9150.000 0.142
9155.000 0.142
9160.000 0.142
9165.000 0.141
9170.000 0.140
9175.000 0.143
9180.000 0.143
9185.000 0.142
9190.000 0.144
9195.000 0.143
9200.000 0.143
9205.000 0.145
9210.000 0.143
9215.000 0.144
9220.000 0.144
9225.000 0.143
9230.000 0.144
9235.000 0.145
9240.000 0.144
9245.000 0.145
9250.000 0.143
9255.000 0.144
9260.000 0.145
9265.000 0.144
9270.000 0.143
9275.000 0.144
9280.000 0.142
9285.000 0.143
9290.000 0.143
9295.000 0.145
9300.000 0.145
9305.000 0.143
9310.000 0.143
9315.000 0.143
9320.000 0.146
9325.000 0.145
9330.000 0.144
9335.000 0.144
9340.000 0.145
9345.000 0.145
9350.000 0.146
9355.000 0.147
9360.000 0.146
9365.000 0.145
9370.000 0.145
9375.000 0.146
9380.000 0.148
9385.000 0.145
9390.000 0.145
9395.000 0.145
9400.000 0.144
9405.000 0.149
9410.000 0.145
9415.000 0.146
9420.000 0.146
9425.000 0.146
9430.000 0.146
9435.000 0.146
9440.000 0.147
9445.000 0.147
9450.000 0.146
9455.000 0.147
9460.000 0.144
9465.000 0.147
9470.000 0.146
9475.000 0.147
9480.000 0.146
9485.000 0.147
9490.000 0.146
9495.000 0.145
9500.000 0.145
9505.000 0.145
9510.000 0.145
9515.000 0.146
9520.000 0.145
9525.000 0.146
9530.000 0.148
9535.000 0.147
9540.000 0.150
9545.000 0.149
9550.000 0.149
9555.000 0.148
9560.000 0.148
9565.000 0.147
9570.000 0.147
9575.000 0.149
9580.000 0.148
9585.000 0.148
9590.000 0.148
9595.000 0.149
9600.000 0.148
9605.000 0.150
9610.000 0.149
9615.000 0.151
9620.000 0.151
9625.000 0.151
9630.000 0.150
9635.000 0.152
9640.000 0.154
9645.000 0.153
9650.000 0.154
9655.000 0.153
9660.000 0.152
9665.000 0.154
9670.000 0.154
9675.000 0.153
9680.000 0.153
9685.000 0.155
9690.000 0.156
9695.000 0.157
9700.000 0.158
9705.000 0.158
9710.000 0.158
9715.000 0.160
9720.000 0.161
9725.000 0.162
9730.000 0.164
9735.000 0.167
9740.000 0.166
9745.000 0.170
9750.000 0.170
9755.000 0.174
9760.000 0.176
9765.000 0.177
9770.000 0.180
9775.000 0.182
9780.000 0.187
9785.000 0.193
9790.000 0.193
9795.000 0.201
9800.000 0.204
9805.000 0.211
9810.000 0.224
9815.000 0.231
9820.000 0.241
9825.000 0.247
9830.000 0.261
9835.000 0.271
9840.000 0.291
9845.000 0.315
9850.000 0.329
9855.000 0.366
9860.000 0.394
9865.000 0.463
9870.000 0.565
9875.000 0.635
9880.000 0.810
9885.000 0.907
9890.000 1.072
9895.000 1.096
9900.000 1.034
9905.000 0.841
9910.000 0.741
9915.000 0.581
9920.000 0.470
9925.000 0.430
9930.000 0.364
9935.000 0.343
9940.000 0.314
9945.000 0.293
9950.000 0.291
9955.000 0.293
9960.000 0.290
9965.000 0.291
9970.000 0.299
9975.000 0.307
9980.000 0.324
9985.000 0.337
9990.000 0.375
9995.000 0.417
10000.000 0.438
10005.000 0.517
10010.000 0.565
10015.000 0.700
10020.000 0.885
10025.000 1.018
10030.000 1.338
10035.000 1.524
10040.000 1.909
10045.000 2.245
10050.000 2.344
10055.000 2.356
10060.000 2.248
10065.000 1.908
10070.000 1.594
10075.000 1.442
10080.000 1.185
10085.000 1.083
10090.000 0.922
10095.000 0.804
10100.000 0.757
10105.000 0.685
10110.000 0.656
10115.000 0.623
10120.000 0.608
10125.000 0.586
10130.000 0.569
10135.000 0.561
10140.000 0.548
10145.000 0.542
10150.000 0.532
10155.000 0.524
10160.000 0.525
10165.000 0.521
10170.000 0.519
10175.000 0.516
10180.000 0.533
10185.000 0.534
10190.000 0.539
10195.000 0.538
10200.000 0.549
10205.000 0.554
10210.000 0.561
10215.000 0.574
10220.000 0.584
10225.000 0.603
10230.000 0.638
10235.000 0.651
10240.000 0.684
10245.000 0.704
10250.000 0.743
10255.000 0.791
10260.000 0.820
10265.000 0.902
10270.000 0.928
10275.000 1.040
10280.000 1.167
10285.000 1.240
10290.000 1.378
10295.000 1.440
10300.000 1.495
10305.000 1.421
10310.000 1.346
10315.000 1.165
10320.000 1.072
10325.000 0.911
10330.000 0.772
10335.000 0.713
10340.000 0.609
10345.000 0.565
10350.000 0.488
10355.000 0.429
10360.000 0.404
10365.000 0.357
10370.000 0.337
10375.000 0.303
10380.000 0.275
10385.000 0.262
10390.000 0.240
10395.000 0.221
10400.000 0.215
10405.000 0.197
10410.000 0.189
10415.000 0.175
10420.000 0.167
10425.000 0.154
10430.000 0.146
10435.000 0.141
10440.000 0.135
10445.000 0.132
10450.000 0.127
10455.000 0.123
10460.000 0.124
10465.000 0.124
10470.000 0.124
10475.000 0.127
10480.000 0.129
10485.000 0.133
10490.000 0.140
10495.000 0.145
10500.000 0.157
10505.000 0.172
10510.000 0.183
10515.000 0.203
10520.000 0.214
10525.000 0.236
10530.000 0.268
10535.000 0.287
10540.000 0.335
10545.000 0.359
10550.000 0.422
10555.000 0.502
10560.000 0.543
10565.000 0.637
10570.000 0.683
10575.000 0.759
10580.000 0.804
10585.000 0.815
10590.000 0.823
10595.000 0.833
10600.000 0.872
10605.000 0.949
10610.000 0.976
10615.000 0.984
10620.000 0.959
10625.000 0.869
10630.000 0.772
10635.000 0.726
10640.000 0.643
10645.000 0.608
10650.000 0.554
10655.000 0.515
10660.000 0.502
10665.000 0.473
10670.000 0.460
10675.000 0.445
10680.000 0.428
10685.000 0.422
10690.000 0.408
10695.000 0.404
10700.000 0.394
10705.000 0.390
10710.000 0.379
10715.000 0.370
10720.000 0.366
10725.000 0.359
10730.000 0.356
10735.000 0.353
10740.000 0.348
10745.000 0.346
10750.000 0.344
10755.000 0.345
10760.000 0.346
10765.000 0.344
10770.000 0.344
10775.000 0.345
10780.000 0.345
10785.000 0.350
10790.000 0.357
10795.000 0.358
10800.000 0.360
10805.000 0.364
10810.000 0.370
10815.000 0.375
10820.000 0.381
10825.000 0.395
10830.000 0.401
10835.000 0.417
10840.000 0.436
10845.000 0.448
10850.000 0.474
10855.000 0.489
10860.000 0.517
10865.000 0.545
10870.000 0.559
10875.000 0.581
10880.000 0.584
10885.000 0.573
10890.000 0.529
10895.000 0.496
10900.000 0.423
10905.000 0.388
10910.000 0.312
10915.000 0.251
10920.000 0.223
10925.000 0.185
10930.000 0.167
10935.000 0.135
10940.000 0.108
10945.000 0.097
10950.000 0.074
10955.000 0.065
10960.000 0.050
10965.000 0.038
10970.000 0.034
10975.000 0.024
10980.000 0.021
10985.000 0.018
10990.000 0.014
10995.000 0.015
11000.000 0.016
11005.000 0.018
11010.000 0.019
11015.000 0.023
11020.000 0.022
11025.000 0.024
11030.000 0.023
11035.000 0.025
11040.000 0.025
11045.000 0.027
11050.000 0.031
11055.000 0.030
11060.000 0.036
11065.000 0.044
11070.000 0.048
11075.000 0.064
11080.000 0.073
11085.000 0.104
11090.000 0.151
11095.000 0.184
11100.000 0.254
11105.000 0.284
11110.000 0.330
11115.000 0.345
11120.000 0.346
11125.000 0.334
11130.000 0.323
11135.000 0.298
11140.000 0.273
11145.000 0.261
11150.000 0.242
11155.000 0.230
11160.000 0.214
11165.000 0.197
11170.000 0.190
11175.000 0.179
11180.000 0.174
11185.000 0.166
11190.000 0.162
11195.000 0.160
11200.000 0.156
11205.000 0.155
11210.000 0.154
11215.000 0.153
11220.000 0.153
11225.000 0.151
11230.000 0.150
11235.000 0.149
11240.000 0.149
11245.000 0.148
11250.000 0.146
11255.000 0.147
11260.000 0.145
11265.000 0.146
11270.000 0.147
11275.000 0.145
11280.000 0.144
11285.000 0.144
11290.000 0.144
11295.000 0.143
11300.000 0.143
11305.000 0.143
11310.000 0.143
11315.000 0.144
11320.000 0.140
11325.000 0.141
11330.000 0.143
11335.000 0.140
11340.000 0.141
11345.000 0.140
11350.000 0.141
11355.000 0.141
11360.000 0.141
11365.000 0.142
11370.000 0.140
11375.000 0.140
11380.000 0.141
11385.000 0.140
11390.000 0.141
11395.000 0.140
11400.000 0.139
11405.000 0.139
11410.000 0.140
11415.000 0.138
11420.000 0.138
11425.000 0.138
11430.000 0.138
11435.000 0.140
11440.000 0.140
11445.000 0.140
11450.000 0.139
11455.000 0.138
11460.000 0.139
11465.000 0.139
11470.000 0.137
11475.000 0.137
11480.000 0.137
11485.000 0.137
11490.000 0.137
11495.000 0.136
11500.000 0.136
11505.000 0.136
11510.000 0.136
11515.000 0.137
11520.000 0.137
11525.000 0.136
11530.000 0.137
11535.000 0.136
11540.000 0.137
11545.000 0.136
11550.000 0.136
11555.000 0.135
11560.000 0.136
11565.000 0.135
11570.000 0.135
11575.000 0.134
11580.000 0.136
11585.000 0.137
11590.000 0.134
11595.000 0.136
11600.000 0.136
11605.000 0.136
11610.000 0.136
11615.000 0.135
11620.000 0.135
11625.000 0.137
11630.000 0.134
11635.000 0.134
11640.000 0.133
11645.000 0.135
11650.000 0.134
11655.000 0.134
11660.000 0.134
11665.000 0.133
11670.000 0.134
11675.000 0.134
11680.000 0.132
11685.000 0.132
11690.000 0.134
11695.000 0.133
11700.000 0.135
11705.000 0.134
11710.000 0.132
11715.000 0.133
11720.000 0.134
11725.000 0.136
11730.000 0.135
11735.000 0.134
11740.000 0.134
11745.000 0.134
11750.000 0.134
11755.000 0.134
11760.000 0.136
11765.000 0.134
11770.000 0.133
11775.000 0.131
11780.000 0.132
11785.000 0.131
11790.000 0.131
11795.000 0.132
11800.000 0.131
11805.000 0.130
11810.000 0.132
11815.000 0.132
11820.000 0.130
11825.000 0.131
11830.000 0.131
11835.000 0.132
11840.000 0.132
11845.000 0.133
11850.000 0.132
11855.000 0.133
11860.000 0.130
11865.000 0.131
11870.000 0.132
11875.000 0.133
11880.000 0.132
11885.000 0.133
11890.000 0.131
11895.000 0.132
11900.000 0.132
11905.000 0.130
11910.000 0.132
11915.000 0.131
11920.000 0.130
11925.000 0.130
11930.000 0.129
11935.000 0.130
11940.000 0.130
11945.000 0.130
11950.000 0.129
11955.000 0.128
11960.000 0.129
11965.000 0.129
11970.000 0.131
11975.000 0.130
11980.000 0.130
11985.000 0.131
11990.000 0.130
11995.000 0.130
12000.000 0.131
