105.000 0.012
110.000 0.015
115.000 1.530
120.000 1.743
125.000 2.186
130.000 2.546
135.000 2.679
140.000 3.045
145.000 3.202
150.000 3.533
155.000 3.781
160.000 3.743
165.000 3.846
170.000 3.799
175.000 3.788
180.000 3.681
185.000 3.505
190.000 3.073
195.000 2.920
200.000 2.584
205.000 2.323
210.000 2.225
215.000 2.070
220.000 2.019
225.000 1.921
230.000 1.870
235.000 1.831
240.000 1.788
245.000 1.759
250.000 1.743
255.000 1.769
260.000 1.782
265.000 1.809
270.000 1.830
275.000 1.899
280.000 1.941
285.000 2.038
290.000 2.171
295.000 2.267
300.000 2.385
305.000 2.464
310.000 2.676
315.000 2.935
320.000 3.100
325.000 3.455
330.000 3.660
335.000 4.189
340.000 4.806
345.000 5.150
350.000 5.929
355.000 6.352
360.000 7.261
365.000 8.238
370.000 8.771
375.000 9.886
380.000 10.491
385.000 11.844
390.000 13.535
395.000 14.530
400.000 16.972
405.000 18.394
410.000 21.425
415.000 24.488
420.000 25.976
425.000 28.812
430.000 30.193
435.000 32.807
440.000 35.183
445.000 36.269
450.000 38.194
455.000 38.990
460.000 40.206
465.000 40.745
470.000 40.675
475.000 39.638
480.000 38.615
485.000 35.768
490.000 32.316
495.000 30.454
500.000 26.842
505.000 25.178
510.000 22.020
515.000 19.113
520.000 17.727
525.000 15.105
530.000 13.747
535.000 11.628
540.000 10.680
545.000 8.997
550.000 7.593
555.000 6.990
560.000 5.907
565.000 5.448
570.000 4.636
575.000 3.997
580.000 3.721
585.000 3.255
590.000 3.055
595.000 2.705
600.000 2.424
605.000 2.297
610.000 2.077
615.000 1.974
620.000 1.802
625.000 1.653
630.000 1.586
635.000 1.471
640.000 1.421
645.000 1.332
650.000 1.249
655.000 1.214
660.000 1.149
665.000 1.121
670.000 1.067
675.000 1.024
680.000 1.002
685.000 0.971
690.000 0.954
695.000 0.929
700.000 0.904
705.000 0.898
710.000 0.879
715.000 0.874
720.000 0.861
725.000 0.856
730.000 0.854
735.000 0.851
740.000 0.851
745.000 0.856
750.000 0.862
755.000 0.865
760.000 0.879
765.000 0.891
770.000 0.910
775.000 0.938
780.000 0.956
785.000 0.995
790.000 1.021
795.000 1.081
800.000 1.165
805.000 1.220
810.000 1.381
815.000 1.488
820.000 1.770
825.000 2.184
830.000 2.424
835.000 2.871
840.000 3.081
845.000 3.460
850.000 3.632
855.000 3.566
860.000 3.207
865.000 2.957
870.000 2.430
875.000 1.979
880.000 1.791
885.000 1.482
890.000 1.352
895.000 1.142
900.000 0.974
905.000 0.909
910.000 0.795
915.000 0.750
920.000 0.669
925.000 0.606
930.000 0.577
935.000 0.529
940.000 0.513
945.000 0.475
950.000 0.445
955.000 0.430
960.000 0.406
965.000 0.395
970.000 0.375
975.000 0.363
980.000 0.356
985.000 0.340
990.000 0.340
995.000 0.327
1000.000 0.326
1005.000 0.319
1010.000 0.312
1015.000 0.309
1020.000 0.310
1025.000 0.308
1030.000 0.304
1035.000 0.302
1040.000 0.301
1045.000 0.301
1050.000 0.306
1055.000 0.305
1060.000 0.305
1065.000 0.308
1070.000 0.312
1075.000 0.316
1080.000 0.317
1085.000 0.326
1090.000 0.327
1095.000 0.332
1100.000 0.340
1105.000 0.345
1110.000 0.354
1115.000 0.360
1120.000 0.370
1125.000 0.377
1130.000 0.392
1135.000 0.408
1140.000 0.419
1145.000 0.438
1150.000 0.450
1155.000 0.477
1160.000 0.506
1165.000 0.524
1170.000 0.562
1175.000 0.585
1180.000 0.638
1185.000 0.703
1190.000 0.742
1195.000 0.835
1200.000 0.894
1205.000 1.048
1210.000 1.272
1215.000 1.436
1220.000 1.910
1225.000 2.264
1230.000 3.273
1235.000 4.557
1240.000 5.155
1245.000 5.886
1250.000 5.896
1255.000 5.090
1260.000 3.951
1265.000 3.426
1270.000 2.604
1275.000 2.286
1280.000 1.809
1285.000 1.471
1290.000 1.336
1295.000 1.125
1300.000 1.041
1305.000 0.899
1310.000 0.795
1315.000 0.755
1320.000 0.677
1325.000 0.646
1330.000 0.593
1335.000 0.551
1340.000 0.533
1345.000 0.499
1350.000 0.485
1355.000 0.461
1360.000 0.442
1365.000 0.432
1370.000 0.416
1375.000 0.409
1380.000 0.397
1385.000 0.388
1390.000 0.384
1395.000 0.377
1400.000 0.374
1405.000 0.371
1410.000 0.368
1415.000 0.365
1420.000 0.364
1425.000 0.364
1430.000 0.365
1435.000 0.366
1440.000 0.367
1445.000 0.370
1450.000 0.372
1455.000 0.377
1460.000 0.384
1465.000 0.390
1470.000 0.398
1475.000 0.403
1480.000 0.414
1485.000 0.428
1490.000 0.436
1495.000 0.454
1500.000 0.464
1505.000 0.485
1510.000 0.511
1515.000 0.526
1520.000 0.562
1525.000 0.582
1530.000 0.630
1535.000 0.690
1540.000 0.722
1545.000 0.790
1550.000 0.823
1555.000 0.887
1560.000 0.971
1565.000 1.020
1570.000 1.139
1575.000 1.212
1580.000 1.394
1585.000 1.637
1590.000 1.793
1595.000 2.199
1600.000 2.459
1605.000 3.167
1610.000 4.148
1615.000 4.730
1620.000 6.039
1625.000 6.653
1630.000 7.453
1635.000 7.186
1640.000 6.615
1645.000 5.187
1650.000 4.512
1655.000 3.388
1660.000 2.610
1665.000 2.319
1670.000 1.873
1675.000 1.704
1680.000 1.447
1685.000 1.277
1690.000 1.224
1695.000 1.152
1700.000 1.128
1705.000 1.102
1710.000 1.093
1715.000 1.090
1720.000 1.093
1725.000 1.097
1730.000 1.103
1735.000 1.107
1740.000 1.115
1745.000 1.124
1750.000 1.124
1755.000 1.131
1760.000 1.133
1765.000 1.139
1770.000 1.146
1775.000 1.153
1780.000 1.160
1785.000 1.164
1790.000 1.173
1795.000 1.186
1800.000 1.194
1805.000 1.211
1810.000 1.218
1815.000 1.241
1820.000 1.266
1825.000 1.278
1830.000 1.308
1835.000 1.323
1840.000 1.355
1845.000 1.393
1850.000 1.413
1855.000 1.461
1860.000 1.484
1865.000 1.538
1870.000 1.602
1875.000 1.638
1880.000 1.711
1885.000 1.748
1890.000 1.829
1895.000 1.920
1900.000 1.970
1905.000 2.082
1910.000 2.147
1915.000 2.286
1920.000 2.453
1925.000 2.547
1930.000 2.763
1935.000 2.873
1940.000 3.119
1945.000 3.430
1950.000 3.608
1955.000 4.042
1960.000 4.241
1965.000 4.849
1970.000 5.658
1975.000 6.124
1980.000 7.235
1985.000 7.864
1990.000 9.173
1995.000 10.245
2000.000 10.545
2005.000 10.490
2010.000 10.082
2015.000 8.716
2020.000 7.322
2025.000 6.700
2030.000 5.640
2035.000 5.194
2040.000 4.486
2045.000 4.009
2050.000 3.808
2055.000 3.459
2060.000 3.298
2065.000 3.025
2070.000 2.783
2075.000 2.669
2080.000 2.463
2085.000 2.285
2090.000 2.056
2100.000 2.326
2105.000 2.052
2110.000 1.844
2115.000 1.695
2120.000 1.644
2125.000 1.602
2130.000 1.525
2135.000 1.460
2140.000 1.429
2145.000 1.352
2155.000 1.574
2160.000 1.490
2165.000 1.358
2170.000 1.306
2175.000 1.225
2180.000 1.185
2185.000 1.172
2190.000 1.146
2195.000 1.136
2200.000 1.118
2205.000 1.108
2210.000 1.103
2215.000 1.097
2220.000 1.097
2225.000 1.099
2230.000 1.103
2235.000 1.108
2240.000 1.121
2245.000 1.131
2250.000 1.155
2255.000 1.189
2260.000 1.207
2265.000 1.253
2270.000 1.280
2275.000 1.345
2280.000 1.429
2285.000 1.478
2290.000 1.602
2295.000 1.685
2300.000 1.908
2305.000 2.236
2310.000 2.458
2315.000 3.085
2320.000 3.514
2325.000 4.680
2330.000 6.191
2335.000 6.898
2340.000 7.504
2345.000 7.102
2350.000 5.380
2355.000 3.746
2360.000 3.152
2365.000 2.305
2370.000 2.003
2375.000 1.558
2380.000 1.254
2385.000 1.141
2390.000 0.980
2395.000 0.917
2400.000 0.791
2405.000 0.689
2410.000 0.643
2415.000 0.568
2420.000 0.535
2425.000 0.479
2430.000 0.433
2435.000 0.413
2440.000 0.378
2445.000 0.363
2450.000 0.335
2455.000 0.310
2460.000 0.298
2465.000 0.277
2470.000 0.269
2475.000 0.252
2480.000 0.238
2485.000 0.231
2490.000 0.220
2495.000 0.214
2500.000 0.205
2505.000 0.195
2510.000 0.191
2515.000 0.183
2520.000 0.179
2525.000 0.173
2530.000 0.168
2535.000 0.164
2540.000 0.160
2545.000 0.157
2550.000 0.152
2555.000 0.149
2560.000 0.146
2565.000 0.142
2570.000 0.142
2575.000 0.137
2580.000 0.137
2585.000 0.134
2590.000 0.131
2595.000 0.130
2600.000 0.128
2605.000 0.126
2610.000 0.125
2615.000 0.122
2620.000 0.120
2625.000 0.119
2630.000 0.118
2635.000 0.117
2640.000 0.115
2645.000 0.115
2650.000 0.114
2655.000 0.112
2660.000 0.110
2665.000 0.111
2670.000 0.110
2675.000 0.109
2680.000 0.108
2685.000 0.108
2690.000 0.107
2695.000 0.106
2700.000 0.107
2705.000 0.105
2710.000 0.105
2715.000 0.104
2720.000 0.105
2725.000 0.104
2730.000 0.104
2735.000 0.102
2740.000 0.103
2745.000 0.102
2750.000 0.102
2755.000 0.102
2760.000 0.103
2765.000 0.103
2770.000 0.102
2775.000 0.101
2780.000 0.102
2785.000 0.101
2790.000 0.101
2795.000 0.103
2800.000 0.103
2805.000 0.103
2810.000 0.104
2815.000 0.103
2820.000 0.103
2825.000 0.103
2830.000 0.104
2835.000 0.104
2840.000 0.103
2845.000 0.105
2850.000 0.103
2855.000 0.104
2860.000 0.105
2865.000 0.103
2870.000 0.103
2875.000 0.105
2880.000 0.104
2885.000 0.104
2890.000 0.104
2895.000 0.105
2900.000 0.106
2905.000 0.105
2910.000 0.104
2915.000 0.104
2920.000 0.103
2925.000 0.104
2930.000 0.105
2935.000 0.104
2940.000 0.106
2945.000 0.106
2950.000 0.107
2955.000 0.107
2960.000 0.109
2965.000 0.105
2970.000 0.107
2975.000 0.107
2980.000 0.107
2985.000 0.106
2990.000 0.110
2995.000 0.109
3000.000 0.113
3005.000 0.108
3010.000 0.108
3015.000 0.110
3020.000 0.116
3025.000 0.111
3030.000 0.112
3035.000 0.111
3040.000 0.112
3045.000 0.111
3050.000 0.116
3055.000 0.117
3060.000 0.117
3065.000 0.116
3070.000 0.118
3075.000 0.119
3080.000 0.119
3085.000 0.121
3090.000 0.122
3095.000 0.130
3100.000 0.130
3105.000 0.130
3110.000 0.131
3115.000 0.132
3120.000 0.134
3125.000 0.134
3130.000 0.136
3135.000 0.138
3140.000 0.142
3145.000 0.144
3150.000 0.147
3155.000 0.150
3160.000 0.151
3165.000 0.155
3170.000 0.159
3175.000 0.165
3180.000 0.168
3185.000 0.173
3190.000 0.176
3195.000 0.185
3200.000 0.191
3205.000 0.196
3210.000 0.206
3215.000 0.212
3220.000 0.223
3225.000 0.237
3230.000 0.244
3235.000 0.261
3240.000 0.272
3245.000 0.294
3250.000 0.322
3255.000 0.339
3260.000 0.376
3265.000 0.399
3270.000 0.454
3275.000 0.536
3280.000 0.591
3285.000 0.735
3290.000 0.834
3295.000 1.058
3300.000 1.385
3305.000 1.603
3310.000 2.169
3315.000 2.525
3320.000 3.410
3325.000 4.558
3330.000 5.241
3335.000 6.756
3340.000 7.442
3345.000 8.033
3350.000 7.137
3355.000 6.363
3360.000 4.904
3365.000 4.275
3370.000 3.292
3375.000 2.595
3380.000 2.326
3385.000 1.916
3390.000 1.763
3395.000 1.535
3400.000 1.379
3405.000 1.322
3410.000 1.237
3415.000 1.214
3420.000 1.204
3425.000 1.201
3430.000 1.234
3435.000 1.238
3440.000 1.257
3445.000 1.297
3450.000 1.317
3455.000 1.374
3460.000 1.452
3465.000 1.499
3470.000 1.623
3475.000 1.706
3480.000 1.896
3485.000 2.234
3490.000 2.473
3495.000 2.994
3500.000 3.313
3505.000 4.192
3510.000 5.342
3515.000 5.980
3520.000 7.250
3525.000 7.512
3530.000 6.971
3535.000 5.569
3540.000 4.825
3545.000 3.597
3550.000 3.144
3555.000 2.464
3560.000 1.989
3565.000 1.812
3570.000 1.558
3575.000 1.469
3580.000 1.326
3585.000 1.211
3590.000 1.161
3595.000 1.074
3600.000 1.036
3605.000 0.975
3610.000 0.915
3615.000 0.895
3620.000 0.852
3625.000 0.831
3630.000 0.800
3635.000 0.774
3640.000 0.758
3645.000 0.735
3650.000 0.723
3655.000 0.701
3660.000 0.681
3665.000 0.675
3670.000 0.663
3675.000 0.658
3680.000 0.651
3685.000 0.667
3690.000 0.664
3695.000 0.668
3700.000 0.671
3705.000 0.674
3710.000 0.675
3715.000 0.681
3720.000 0.691
3725.000 0.700
3730.000 0.720
3735.000 0.741
3740.000 0.756
3745.000 0.781
3750.000 0.793
3755.000 0.826
3760.000 0.880
3765.000 0.904
3770.000 0.959
3775.000 0.991
3780.000 1.064
3785.000 1.170
3790.000 1.238
3795.000 1.413
3800.000 1.524
3805.000 1.831
3810.000 2.276
3815.000 2.578
3820.000 3.370
3825.000 3.855
3830.000 4.976
3835.000 5.614
3840.000 5.555
3845.000 4.739
3850.000 4.128
3855.000 3.029
3860.000 2.230
3865.000 1.940
3870.000 1.520
3875.000 1.366
3880.000 1.122
3885.000 0.965
3890.000 0.908
3895.000 0.819
3900.000 0.780
3905.000 0.712
3910.000 0.653
3915.000 0.625
3920.000 0.574
3925.000 0.552
3930.000 0.512
3935.000 0.482
3940.000 0.466
3945.000 0.442
3950.000 0.433
3955.000 0.413
3960.000 0.395
3965.000 0.388
3970.000 0.372
3975.000 0.368
3980.000 0.355
3985.000 0.343
3990.000 0.337
3995.000 0.339
4000.000 0.343
4005.000 0.336
4010.000 0.339
4015.000 0.334
4020.000 0.342
4025.000 0.337
4030.000 0.336
4035.000 0.349
4040.000 0.350
4045.000 0.355
4050.000 0.360
4055.000 0.359
4060.000 0.371
4065.000 0.378
4070.000 0.403
4075.000 0.407
4080.000 0.423
4085.000 0.432
4090.000 0.448
4095.000 0.466
4100.000 0.491
4105.000 0.522
4110.000 0.544
4115.000 0.587
4120.000 0.641
4125.000 0.674
4130.000 0.752
4135.000 0.796
4140.000 0.913
4145.000 1.113
4150.000 1.246
4155.000 1.551
4160.000 1.761
4165.000 2.316
4170.000 3.091
4175.000 3.532
4180.000 4.313
4185.000 4.523
4190.000 4.314
4195.000 3.395
4200.000 2.909
4205.000 2.113
4210.000 1.818
4215.000 1.388
4220.000 1.108
4225.000 1.002
4230.000 0.841
4235.000 0.776
4240.000 0.686
4245.000 0.628
4250.000 0.602
4255.000 0.556
4260.000 0.540
4265.000 0.511
4270.000 0.479
4275.000 0.462
4280.000 0.429
4285.000 0.417
4290.000 0.390
4295.000 0.370
4300.000 0.361
4305.000 0.342
4310.000 0.334
4315.000 0.320
4320.000 0.310
4325.000 0.303
4330.000 0.295
4335.000 0.289
4340.000 0.284
4345.000 0.280
4350.000 0.280
4355.000 0.278
4360.000 0.279
4365.000 0.278
4370.000 0.281
4375.000 0.280
4380.000 0.284
4385.000 0.286
4390.000 0.291
4395.000 0.294
4400.000 0.298
4405.000 0.303
4410.000 0.304
4415.000 0.311
4420.000 0.322
4425.000 0.331
4430.000 0.339
4435.000 0.345
4440.000 0.356
4445.000 0.368
4450.000 0.377
4455.000 0.399
4460.000 0.411
4465.000 0.440
4470.000 0.475
4475.000 0.497
4480.000 0.555
4485.000 0.596
4490.000 0.689
4495.000 0.821
4500.000 0.909
4505.000 1.146
4510.000 1.306
4515.000 1.681
4520.000 2.150
4525.000 2.300
4530.000 2.282
4535.000 2.108
4540.000 1.592
4545.000 1.137
4550.000 0.969
4555.000 0.726
4560.000 0.639
4565.000 0.512
4570.000 0.420
4575.000 0.388
4580.000 0.337
4585.000 0.316
4590.000 0.281
4595.000 0.254
4600.000 0.244
4605.000 0.221
4610.000 0.212
4615.000 0.192
4620.000 0.177
4625.000 0.171
4630.000 0.161
4635.000 0.157
4640.000 0.151
4645.000 0.149
4650.000 0.146
4655.000 0.149
4660.000 0.147
4665.000 0.148
4670.000 0.148
4675.000 0.151
4680.000 0.152
4685.000 0.153
4690.000 0.156
4695.000 0.161
4700.000 0.164
4705.000 0.173
4710.000 0.179
4715.000 0.184
4720.000 0.188
4725.000 0.196
4730.000 0.203
4735.000 0.208
4740.000 0.215
4745.000 0.218
4750.000 0.226
4755.000 0.236
4760.000 0.241
4765.000 0.254
4770.000 0.259
4775.000 0.275
4780.000 0.295
4785.000 0.305
4790.000 0.330
4795.000 0.344
4800.000 0.383
4805.000 0.440
4810.000 0.477
4815.000 0.586
4820.000 0.662
4825.000 0.874
4830.000 1.155
4835.000 1.303
4840.000 1.527
4845.000 1.530
4850.000 1.305
4855.000 0.993
4860.000 0.866
4865.000 0.676
4870.000 0.605
4875.000 0.505
4880.000 0.434
4885.000 0.411
4890.000 0.379
4895.000 0.368
4900.000 0.347
4905.000 0.334
4910.000 0.328
4915.000 0.319
4920.000 0.315
4925.000 0.311
4930.000 0.304
4935.000 0.304
4940.000 0.303
4945.000 0.301
4950.000 0.302
4955.000 0.307
4960.000 0.302
4965.000 0.314
4970.000 0.318
4975.000 0.325
4980.000 0.332
4985.000 0.335
4990.000 0.344
4995.000 0.355
5000.000 0.362
5005.000 0.375
5010.000 0.382
5015.000 0.410
5020.000 0.419
5025.000 0.443
5030.000 0.476
5035.000 0.487
5040.000 0.535
5045.000 0.559
5050.000 0.620
5055.000 0.719
5060.000 0.786
5065.000 0.950
5070.000 1.058
5075.000 1.283
5080.000 1.413
5085.000 1.377
5090.000 1.127
5095.000 0.973
5100.000 0.676
5105.000 0.474
5110.000 0.398
5115.000 0.288
5120.000 0.248
5125.000 0.186
5130.000 0.142
5135.000 0.124
5140.000 0.093
5145.000 0.082
5150.000 0.063
5155.000 0.052
5160.000 0.048
5165.000 0.044
5170.000 0.044
5175.000 0.043
5180.000 0.046
5185.000 0.046
5190.000 0.051
5195.000 0.051
5200.000 0.055
5205.000 0.058
5210.000 0.060
5215.000 0.065
5220.000 0.067
5225.000 0.070
5230.000 0.071
5235.000 0.074
5240.000 0.077
5245.000 0.079
5250.000 0.082
5255.000 0.082
5260.000 0.084
5265.000 0.088
5270.000 0.089
5275.000 0.090
5280.000 0.092
5285.000 0.094
5290.000 0.096
5295.000 0.096
5300.000 0.099
5305.000 0.098
5310.000 0.100
5315.000 0.101
5320.000 0.104
5325.000 0.104
5330.000 0.105
5335.000 0.107
5340.000 0.110
5345.000 0.109
5350.000 0.110
5355.000 0.111
5360.000 0.111
5365.000 0.112
5370.000 0.113
5375.000 0.114
5380.000 0.115
5385.000 0.115
5390.000 0.114
5395.000 0.114
5400.000 0.116
5405.000 0.114
5410.000 0.116
5415.000 0.115
5420.000 0.115
5425.000 0.115
5430.000 0.116
5435.000 0.115
5440.000 0.117
5445.000 0.117
5450.000 0.117
5455.000 0.117
5460.000 0.118
5465.000 0.116
5470.000 0.118
5475.000 0.119
5480.000 0.119
5485.000 0.118
5490.000 0.119
5495.000 0.119
5500.000 0.119
5505.000 0.120
5510.000 0.120
5515.000 0.118
5520.000 0.121
5525.000 0.121
5530.000 0.125
5535.000 0.124
5540.000 0.120
5545.000 0.121
5550.000 0.120
5555.000 0.120
5560.000 0.121
5565.000 0.121
5570.000 0.120
5575.000 0.121
5580.000 0.121
5585.000 0.121
5590.000 0.122
5595.000 0.121
5600.000 0.122
5605.000 0.123
5610.000 0.121
5615.000 0.121
5620.000 0.120
5625.000 0.121
5630.000 0.121
5635.000 0.122
5640.000 0.121
5645.000 0.123
5650.000 0.124
5655.000 0.122
5660.000 0.121
5665.000 0.123
5670.000 0.124
5675.000 0.124
5680.000 0.122
5685.000 0.123
5690.000 0.125
5695.000 0.125
5700.000 0.125
5705.000 0.125
5710.000 0.124
5715.000 0.124
5720.000 0.124
5725.000 0.122
5730.000 0.123
5735.000 0.124
5740.000 0.124
5745.000 0.124
5750.000 0.126
5755.000 0.124
5760.000 0.124
5765.000 0.124
5770.000 0.123
5775.000 0.126
5780.000 0.125
5785.000 0.127
5790.000 0.125
5795.000 0.124
5800.000 0.126
5805.000 0.126
5810.000 0.125
5815.000 0.125
5820.000 0.125
5825.000 0.126
5830.000 0.126
5835.000 0.129
5840.000 0.129
5845.000 0.127
5850.000 0.127
5855.000 0.128
5860.000 0.129
5865.000 0.126
5870.000 0.128
5875.000 0.127
5880.000 0.130
5885.000 0.130
5890.000 0.131
5895.000 0.131
5900.000 0.128
5905.000 0.136
5910.000 0.135
5915.000 0.136
5920.000 0.133
5925.000 0.133
5930.000 0.133
5935.000 0.131
5940.000 0.132
5945.000 0.130
5950.000 0.131
5955.000 0.133
5960.000 0.130
5965.000 0.131
5970.000 0.130
5975.000 0.130
5980.000 0.131
5985.000 0.128
5990.000 0.129
5995.000 0.127
6000.000 0.134
6005.000 0.127
6010.000 0.127
6015.000 0.127
6020.000 0.134
6025.000 0.131
6030.000 0.137
6035.000 0.133
6040.000 0.132
6045.000 0.130
6050.000 0.133
6055.000 0.133
6060.000 0.134
6065.000 0.131
6070.000 0.131
6075.000 0.130
6080.000 0.130
6085.000 0.131
6090.000 0.131
6095.000 0.130
6100.000 0.130
6105.000 0.129
6110.000 0.130
6115.000 0.132
6120.000 0.132
6125.000 0.132
6130.000 0.132
6135.000 0.133
6140.000 0.133
6145.000 0.133
6150.000 0.133
6155.000 0.134
6160.000 0.133
6165.000 0.133
6170.000 0.132
6175.000 0.132
6180.000 0.132
6185.000 0.132
6190.000 0.132
6195.000 0.131
6200.000 0.132
6205.000 0.134
6210.000 0.133
6215.000 0.132
6220.000 0.133
6225.000 0.133
6230.000 0.133
6235.000 0.134
6240.000 0.134
6245.000 0.134
6250.000 0.134
6255.000 0.136
6260.000 0.135
6265.000 0.134
6270.000 0.134
6275.000 0.135
6280.000 0.136
6285.000 0.133
6290.000 0.133
6295.000 0.134
6300.000 0.136
6305.000 0.138
6310.000 0.143
6315.000 0.141
6320.000 0.140
6325.000 0.139
6330.000 0.136
6335.000 0.139
6340.000 0.137
6345.000 0.137
6350.000 0.139
6355.000 0.141
6360.000 0.141
6365.000 0.142
6370.000 0.141
6375.000 0.140
6380.000 0.140
6385.000 0.141
6390.000 0.140
6395.000 0.145
6400.000 0.145
6405.000 0.147
6410.000 0.146
6415.000 0.146
6420.000 0.148
6425.000 0.149
6430.000 0.150
6435.000 0.151
6440.000 0.151
6445.000 0.150
6450.000 0.155
6455.000 0.157
6460.000 0.159
6465.000 0.159
6470.000 0.159
6475.000 0.161
6480.000 0.162
6485.000 0.165
6490.000 0.164
6495.000 0.167
6500.000 0.170
6505.000 0.178
6510.000 0.185
6515.000 0.188
6520.000 0.191
6525.000 0.195
6530.000 0.209
6535.000 0.219
6540.000 0.222
6545.000 0.234
6550.000 0.247
6555.000 0.264
6560.000 0.284
6565.000 0.298
6570.000 0.335
6575.000 0.354
6580.000 0.408
6585.000 0.484
6590.000 0.537
6595.000 0.680
6600.000 0.777
6605.000 1.047
6610.000 1.455
6615.000 1.719
6620.000 2.430
6625.000 2.837
6630.000 3.703
6635.000 4.392
6640.000 4.513
6645.000 4.137
6650.000 3.742
6655.000 2.980
6660.000 2.371
6665.000 2.131
6670.000 1.766
6675.000 1.628
6680.000 1.417
6685.000 1.276
6690.000 1.226
6695.000 1.165
6700.000 1.149
6705.000 1.145
6710.000 1.178
6715.000 1.219
6720.000 1.332
6725.000 1.412
6730.000 1.654
6735.000 1.815
6740.000 2.241
6745.000 2.891
6750.000 3.308
6755.000 4.254
6760.000 4.698
6765.000 5.195
6770.000 4.846
6775.000 4.376
6780.000 3.373
6785.000 2.956
6790.000 2.293
6795.000 1.841
6800.000 1.673
6805.000 1.422
6810.000 1.325
6815.000 1.196
6820.000 1.106
6825.000 1.066
6830.000 1.006
6835.000 0.977
6840.000 0.935
6845.000 0.904
6850.000 0.889
6855.000 0.868
6860.000 0.855
6865.000 0.845
6870.000 0.840
6875.000 0.837
6880.000 0.836
6885.000 0.838
6890.000 0.846
6895.000 0.863
6900.000 0.875
6905.000 0.907
6910.000 0.922
6915.000 0.952
6920.000 0.985
6925.000 1.007
6930.000 1.063
6935.000 1.094
6940.000 1.167
6945.000 1.266
6950.000 1.331
6955.000 1.492
6960.000 1.595
6965.000 1.872
6970.000 2.279
6975.000 2.537
6980.000 3.191
6985.000 3.578
6990.000 4.359
6995.000 4.835
7000.000 4.818
7005.000 4.238
7010.000 3.742
7015.000 2.871
7020.000 2.207
7025.000 1.961
7030.000 1.590
7035.000 1.444
7040.000 1.235
7045.000 1.092
7050.000 1.035
7055.000 0.942
7060.000 0.902
7065.000 0.829
7070.000 0.769
7075.000 0.741
7080.000 0.698
7085.000 0.679
7090.000 0.644
7095.000 0.616
7100.000 0.603
7105.000 0.581
7110.000 0.574
7115.000 0.553
7120.000 0.540
7125.000 0.535
7130.000 0.522
7135.000 0.520
7140.000 0.512
7145.000 0.509
7150.000 0.510
7155.000 0.511
7160.000 0.513
7165.000 0.521
7170.000 0.526
7175.000 0.528
7180.000 0.538
7185.000 0.550
7190.000 0.567
7195.000 0.588
7200.000 0.597
7205.000 0.631
7210.000 0.648
7215.000 0.687
7220.000 0.737
7225.000 0.767
7230.000 0.845
7235.000 0.893
7240.000 1.024
7245.000 1.205
7250.000 1.324
7255.000 1.633
7260.000 1.836
7265.000 2.330
7270.000 2.906
7275.000 3.171
7280.000 3.537
7285.000 3.568
7290.000 3.164
7295.000 2.517
7300.000 2.212
7305.000 1.696
7310.000 1.514
7315.000 1.233
7320.000 1.128
7325.000 0.969
7330.000 0.860
7335.000 0.820
7340.000 0.757
7345.000 0.732
7350.000 0.687
7355.000 0.648
7360.000 0.628
7365.000 0.645
7370.000 0.621
7375.000 0.575
7380.000 0.547
7385.000 0.539
7390.000 0.523
7395.000 0.518
7400.000 0.500
7405.000 0.492
7410.000 0.489
7415.000 0.481
7420.000 0.481
7425.000 0.479
7430.000 0.480
7435.000 0.479
7440.000 0.483
7445.000 0.482
7450.000 0.485
7455.000 0.492
7460.000 0.498
7465.000 0.505
7470.000 0.510
7475.000 0.522
7480.000 0.540
7485.000 0.548
7490.000 0.569
7495.000 0.579
7500.000 0.610
7505.000 0.642
7510.000 0.663
7515.000 0.710
7520.000 0.735
7525.000 0.801
7530.000 0.891
7535.000 0.946
7540.000 1.091
7545.000 1.181
7550.000 1.412
7555.000 1.703
7560.000 1.867
7565.000 2.147
7570.000 2.238
7575.000 2.227
7580.000 1.909
7585.000 1.712
7590.000 1.353
7595.000 1.199
7600.000 0.964
7605.000 0.795
7610.000 0.733
7615.000 0.637
7620.000 0.603
7625.000 0.535
7630.000 0.481
7635.000 0.456
7640.000 0.421
7645.000 0.406
7650.000 0.376
7655.000 0.351
7660.000 0.339
7665.000 0.312
7670.000 0.301
7675.000 0.279
7680.000 0.262
7685.000 0.255
7690.000 0.252
7695.000 0.247
7700.000 0.234
7705.000 0.224
7710.000 0.222
7715.000 0.215
7720.000 0.213
7725.000 0.212
7730.000 0.212
7735.000 0.210
7740.000 0.209
7745.000 0.209
7750.000 0.211
7755.000 0.220
7760.000 0.224
7765.000 0.232
7770.000 0.236
7775.000 0.250
7780.000 0.271
7785.000 0.286
7790.000 0.325
7795.000 0.345
7800.000 0.386
7805.000 0.444
7810.000 0.482
7815.000 0.577
7820.000 0.632
7825.000 0.751
7830.000 0.881
7835.000 0.928
7840.000 0.912
7845.000 0.861
7850.000 0.725
7855.000 0.601
7860.000 0.554
7865.000 0.473
7870.000 0.441
7875.000 0.393
7880.000 0.359
7885.000 0.346
7890.000 0.323
7895.000 0.316
7900.000 0.300
7905.000 0.292
7910.000 0.282
7915.000 0.277
7920.000 0.274
7925.000 0.268
7930.000 0.265
7935.000 0.258
7940.000 0.257
7945.000 0.254
7950.000 0.254
7955.000 0.257
7960.000 0.257
7965.000 0.265
7970.000 0.269
7975.000 0.280
7980.000 0.284
7985.000 0.295
7990.000 0.302
7995.000 0.313
8000.000 0.324
8005.000 0.340
8010.000 0.348
8015.000 0.357
8020.000 0.362
8025.000 0.381
8030.000 0.377
8035.000 0.342
8040.000 0.282
8045.000 0.256
8050.000 0.210
8055.000 0.193
8060.000 0.171
8065.000 0.154
8070.000 0.151
8075.000 0.139
8080.000 0.133
8085.000 0.131
8090.000 0.125
8095.000 0.124
8100.000 0.123
8105.000 0.121
8110.000 0.120
8115.000 0.117
8120.000 0.114
8125.000 0.112
8130.000 0.112
8135.000 0.111
8140.000 0.112
8145.000 0.112
8150.000 0.113
8155.000 0.112
8160.000 0.113
8165.000 0.113
8170.000 0.113
8175.000 0.112
8180.000 0.111
8185.000 0.112
8190.000 0.112
8195.000 0.113
8200.000 0.112
8205.000 0.112
8210.000 0.113
8215.000 0.113
8220.000 0.114
8225.000 0.113
8230.000 0.114
8235.000 0.114
8240.000 0.113
8245.000 0.114
8250.000 0.114
8255.000 0.115
8260.000 0.116
8265.000 0.116
8270.000 0.116
8275.000 0.117
8280.000 0.116
8285.000 0.116
8290.000 0.116
8295.000 0.116
8300.000 0.117
8305.000 0.117
8310.000 0.119
8315.000 0.119
8320.000 0.121
8325.000 0.121
8330.000 0.120
8335.000 0.121
8340.000 0.123
8345.000 0.123
8350.000 0.121
8355.000 0.121
8360.000 0.121
8365.000 0.127
8370.000 0.125
8375.000 0.124
8380.000 0.123
8385.000 0.123
8390.000 0.124
8395.000 0.124
8400.000 0.123
8405.000 0.124
8410.000 0.123
8415.000 0.123
8420.000 0.123
8425.000 0.123
8430.000 0.123
8435.000 0.123
8440.000 0.123
8445.000 0.124
8450.000 0.125
8455.000 0.125
8460.000 0.124
8465.000 0.125
8470.000 0.124
8475.000 0.124
8480.000 0.125
8485.000 0.124
8490.000 0.125
8495.000 0.126
8500.000 0.126
8505.000 0.126
8510.000 0.126
8515.000 0.125
8520.000 0.128
8525.000 0.127
8530.000 0.127
8535.000 0.126
8540.000 0.125
8545.000 0.128
8550.000 0.130
8555.000 0.129
8560.000 0.128
8565.000 0.129
8570.000 0.129
8575.000 0.130
8580.000 0.129
8585.000 0.129
8590.000 0.129
8595.000 0.130
8600.000 0.130
8605.000 0.131
8610.000 0.130
8615.000 0.130
8620.000 0.130
8625.000 0.132
8630.000 0.130
8635.000 0.134
8640.000 0.135
8645.000 0.138
8650.000 0.136
8655.000 0.136
8660.000 0.135
8665.000 0.134
8670.000 0.135
8675.000 0.134
8680.000 0.135
8685.000 0.134
8690.000 0.135
8695.000 0.135
8700.000 0.136
8705.000 0.136
8710.000 0.136
8715.000 0.135
8720.000 0.136
8725.000 0.137
8730.000 0.137
8735.000 0.137
8740.000 0.136
8745.000 0.137
8750.000 0.138
8755.000 0.137
8760.000 0.136
8765.000 0.137
8770.000 0.137
8775.000 0.138
8780.000 0.138
8785.000 0.138
8790.000 0.137
8795.000 0.138
8800.000 0.138
8805.000 0.138
8810.000 0.139
8815.000 0.139
8820.000 0.136
8825.000 0.142
8830.000 0.148
8835.000 0.136
8840.000 0.140
8845.000 0.140
8850.000 0.141
8855.000 0.142
8860.000 0.140
8865.000 0.143
8870.000 0.143
8875.000 0.141
8880.000 0.142
8885.000 0.141
8890.000 0.141
8895.000 0.139
8900.000 0.139
8905.000 0.138
8910.000 0.140
8915.000 0.139
8920.000 0.140
8925.000 0.140
8930.000 0.141
8935.000 0.140
8940.000 0.139
8945.000 0.138
8950.000 0.140
8955.000 0.141
8960.000 0.140
8965.000 0.141
8970.000 0.138
8975.000 0.140
8980.000 0.140
8985.000 0.137
8990.000 0.141
8995.000 0.138
9000.000 0.144
9005.000 0.140
9010.000 0.139
9015.000 0.140
9020.000 0.143
9025.000 0.140
9030.000 0.140
9035.000 0.141
9040.000 0.139
9045.000 0.138
9050.000 0.139
9055.000 0.139
9060.000 0.140
9065.000 0.140
9070.000 0.139
9075.000 0.140
9080.000 0.138
9085.000 0.142
9090.000 0.141
9095.000 0.142
9100.000 0.140
9105.000 0.140
9110.000 0.140
9115.000 0.140
9120.000 0.139
9125.000 0.139
9130.000 0.140
9135.000 0.140
9140.000 0.141
9145.000 0.140
9150.000 0.141
9155.000 0.141
9160.000 0.141
9165.000 0.140
9170.000 0.140
9175.000 0.139
9180.000 0.140
9185.000 0.139
9190.000 0.140
9195.000 0.141
9200.000 0.140
9205.000 0.140
9210.000 0.140
9215.000 0.141
9220.000 0.139
9225.000 0.141
9230.000 0.141
9235.000 0.142
9240.000 0.142
9245.000 0.142
9250.000 0.141
9255.000 0.141
9260.000 0.139
9265.000 0.140
9270.000 0.139
9275.000 0.140
9280.000 0.141
9285.000 0.141
9290.000 0.140
9295.000 0.141
9300.000 0.141
9305.000 0.141
9310.000 0.141
9315.000 0.141
9320.000 0.141
9325.000 0.141
9330.000 0.141
9335.000 0.140
9340.000 0.139
9345.000 0.140
9350.000 0.140
9355.000 0.139
9360.000 0.140
9365.000 0.141
9370.000 0.142
9375.000 0.141
9380.000 0.140
9385.000 0.142
9390.000 0.142
9395.000 0.140
9400.000 0.142
9405.000 0.141
9410.000 0.140
9415.000 0.141
9420.000 0.139
9425.000 0.139
9430.000 0.142
9435.000 0.142
9440.000 0.141
9445.000 0.139
9450.000 0.140
9455.000 0.141
9460.000 0.142
9465.000 0.140
9470.000 0.140
9475.000 0.143
9480.000 0.145
9485.000 0.143
9490.000 0.144
9495.000 0.143
9500.000 0.143
9505.000 0.142
9510.000 0.140
9515.000 0.140
9520.000 0.138
9525.000 0.141
9530.000 0.140
9535.000 0.143
9540.000 0.143
9545.000 0.144
9550.000 0.142
9555.000 0.141
9560.000 0.141
9565.000 0.140
9570.000 0.139
9575.000 0.140
9580.000 0.145
9585.000 0.143
9590.000 0.141
9595.000 0.141
9600.000 0.142
9605.000 0.141
9610.000 0.141
9615.000 0.140
9620.000 0.138
9625.000 0.139
9630.000 0.136
9635.000 0.137
9640.000 0.137
9645.000 0.137
9650.000 0.137
9655.000 0.138
9660.000 0.136
9665.000 0.137
9670.000 0.137
9675.000 0.139
9680.000 0.136
9685.000 0.135
9690.000 0.134
9695.000 0.135
9700.000 0.135
9705.000 0.134
9710.000 0.133
9715.000 0.133
9720.000 0.129
9725.000 0.128
9730.000 0.128
9735.000 0.126
9740.000 0.125
9745.000 0.124
9750.000 0.124
9755.000 0.123
9760.000 0.120
9765.000 0.117
9770.000 0.116
9775.000 0.116
9780.000 0.111
9785.000 0.111
9790.000 0.108
9795.000 0.104
9800.000 0.101
9805.000 0.096
9810.000 0.093
9815.000 0.084
9820.000 0.077
9825.000 0.072
9830.000 0.061
9835.000 0.057
9840.000 0.053
9845.000 0.057
9850.000 0.066
9855.000 0.111
9860.000 0.151
9865.000 0.303
9870.000 0.550
9875.000 0.692
9880.000 0.983
9885.000 1.130
9890.000 1.334
9895.000 1.381
9900.000 1.358
9905.000 1.280
9910.000 1.241
9915.000 1.183
9920.000 1.129
9925.000 1.111
9930.000 1.076
9935.000 1.062
9940.000 1.053
9945.000 1.051
9950.000 1.056
9955.000 1.082
9960.000 1.096
9965.000 1.148
9970.000 1.244
9975.000 1.296
9980.000 1.450
9985.000 1.541
9990.000 1.754
9995.000 1.864
10000.000 2.087
10005.000 2.212
10010.000 2.204
10015.000 1.973
10020.000 1.773
10025.000 1.366
10030.000 1.026
10035.000 0.889
10040.000 0.685
10045.000 0.609
10050.000 0.495
10055.000 0.412
10060.000 0.381
10065.000 0.336
10070.000 0.319
10075.000 0.302
10080.000 0.282
10085.000 0.275
10090.000 0.263
10095.000 0.260
10100.000 0.255
10105.000 0.254
10110.000 0.254
10115.000 0.256
10120.000 0.261
10125.000 0.272
10130.000 0.282
10135.000 0.290
10140.000 0.305
10145.000 0.318
10150.000 0.345
10155.000 0.383
10160.000 0.406
10165.000 0.465
10170.000 0.510
10175.000 0.619
10180.000 0.768
10185.000 0.866
10190.000 1.120
10195.000 1.273
10200.000 1.621
10205.000 1.998
10210.000 2.112
10215.000 2.177
10220.000 2.114
10225.000 1.838
10230.000 1.548
10235.000 1.404
10240.000 1.161
10245.000 1.058
10250.000 0.895
10255.000 0.773
10260.000 0.727
10265.000 0.662
10270.000 0.634
10275.000 0.596
10280.000 0.576
10285.000 0.563
10290.000 0.541
10295.000 0.530
10300.000 0.515
10305.000 0.499
10310.000 0.494
10315.000 0.485
10320.000 0.483
10325.000 0.478
10330.000 0.474
10335.000 0.473
10340.000 0.474
10345.000 0.476
10350.000 0.478
10355.000 0.482
10360.000 0.484
10365.000 0.492
10370.000 0.495
10375.000 0.510
10380.000 0.520
10385.000 0.531
10390.000 0.546
10395.000 0.560
10400.000 0.586
10405.000 0.617
10410.000 0.640
10415.000 0.679
10420.000 0.701
10425.000 0.757
10430.000 0.827
10435.000 0.868
10440.000 0.956
10445.000 1.000
10450.000 1.074
10455.000 1.083
10460.000 1.059
10465.000 0.973
10470.000 0.915
10475.000 0.783
10480.000 0.654
10485.000 0.595
10490.000 0.498
10495.000 0.457
10500.000 0.387
10505.000 0.331
10510.000 0.305
10515.000 0.264
10520.000 0.247
10525.000 0.217
10530.000 0.193
10535.000 0.183
10540.000 0.164
10545.000 0.156
10550.000 0.139
10555.000 0.123
10560.000 0.118
10565.000 0.110
10570.000 0.105
10575.000 0.097
10580.000 0.094
10585.000 0.089
10590.000 0.087
10595.000 0.086
10600.000 0.085
10605.000 0.085
10610.000 0.088
10615.000 0.092
10620.000 0.095
10625.000 0.103
10630.000 0.109
10635.000 0.121
10640.000 0.136
10645.000 0.144
10650.000 0.162
10655.000 0.171
10660.000 0.188
10665.000 0.208
10670.000 0.218
10675.000 0.263
10680.000 0.288
10685.000 0.338
10690.000 0.429
10695.000 0.488
10700.000 0.633
10705.000 0.714
10710.000 0.897
10715.000 1.078
10720.000 1.144
10725.000 1.214
10730.000 1.207
10735.000 1.116
10740.000 0.968
10745.000 0.894
10750.000 0.757
10755.000 0.700
10760.000 0.599
10765.000 0.529
10770.000 0.501
10775.000 0.452
10780.000 0.432
10785.000 0.399
10790.000 0.379
10795.000 0.373
10800.000 0.359
10805.000 0.351
10810.000 0.344
10815.000 0.334
10820.000 0.330
10825.000 0.328
10830.000 0.325
10835.000 0.321
10840.000 0.318
10845.000 0.320
10850.000 0.314
10855.000 0.315
10860.000 0.314
10865.000 0.316
10870.000 0.314
10875.000 0.317
10880.000 0.320
10885.000 0.325
10890.000 0.330
10895.000 0.334
10900.000 0.342
10905.000 0.349
10910.000 0.361
10915.000 0.376
10920.000 0.385
10925.000 0.403
10930.000 0.414
10935.000 0.433
10940.000 0.448
10945.000 0.454
10950.000 0.452
10955.000 0.440
10960.000 0.396
10965.000 0.329
10970.000 0.297
10975.000 0.229
10980.000 0.199
10985.000 0.153
10990.000 0.112
10995.000 0.100
11000.000 0.073
11005.000 0.063
11010.000 0.045
11015.000 0.038
11020.000 0.032
11025.000 0.031
11030.000 0.029
11035.000 0.030
11040.000 0.031
11045.000 0.032
11050.000 0.033
11055.000 0.034
11060.000 0.035
11065.000 0.037
11070.000 0.039
11075.000 0.039
11080.000 0.041
11085.000 0.044
11090.000 0.049
11095.000 0.054
11100.000 0.066
11105.000 0.076
11110.000 0.103
11115.000 0.147
11120.000 0.173
11125.000 0.230
11130.000 0.250
11135.000 0.274
11140.000 0.277
11145.000 0.272
11150.000 0.256
11155.000 0.245
11160.000 0.226
11165.000 0.207
11170.000 0.200
11175.000 0.185
11180.000 0.178
11185.000 0.168
11190.000 0.165
11195.000 0.157
11200.000 0.154
11205.000 0.153
11210.000 0.152
11215.000 0.150
11220.000 0.151
11225.000 0.148
11230.000 0.148
11235.000 0.148
11240.000 0.147
11245.000 0.146
11250.000 0.147
11255.000 0.147
11260.000 0.144
11265.000 0.144
11270.000 0.144
11275.000 0.143
11280.000 0.143
11285.000 0.144
11290.000 0.144
11295.000 0.143
11300.000 0.141
11305.000 0.143
11310.000 0.141
11315.000 0.142
11320.000 0.142
11325.000 0.143
11330.000 0.143
11335.000 0.142
11340.000 0.140
11345.000 0.141
11350.000 0.139
11355.000 0.139
11360.000 0.139
11365.000 0.140
11370.000 0.141
11375.000 0.140
11380.000 0.140
11385.000 0.140
11390.000 0.140
11395.000 0.140
11400.000 0.139
11405.000 0.139
11410.000 0.137
11415.000 0.140
11420.000 0.138
11425.000 0.140
11430.000 0.140
11435.000 0.139
11440.000 0.139
11445.000 0.139
11450.000 0.137
11455.000 0.137
11460.000 0.138
11465.000 0.139
11470.000 0.139
11475.000 0.139
11480.000 0.136
11485.000 0.137
11490.000 0.138
11495.000 0.137
11500.000 0.136
11505.000 0.136
11510.000 0.135
11515.000 0.135
11520.000 0.138
11525.000 0.136
11530.000 0.137
11535.000 0.137
11540.000 0.137
11545.000 0.137
11550.000 0.137
11555.000 0.136
11560.000 0.136
11565.000 0.136
11570.000 0.136
11575.000 0.135
11580.000 0.136
11585.000 0.136
11590.000 0.136
11595.000 0.137
11600.000 0.135
11605.000 0.136
11610.000 0.136
11615.000 0.137
11620.000 0.136
11625.000 0.136
11630.000 0.135
11635.000 0.135
11640.000 0.134
11645.000 0.136
11650.000 0.136
11655.000 0.136
11660.000 0.135
11665.000 0.136
11670.000 0.136
11675.000 0.136
11680.000 0.137
11685.000 0.136
11690.000 0.137
11695.000 0.137
11700.000 0.138
11705.000 0.135
11710.000 0.136
11715.000 0.139
11720.000 0.137
11725.000 0.135
11730.000 0.136
11735.000 0.137
11740.000 0.135
11745.000 0.135
11750.000 0.134
11755.000 0.136
11760.000 0.134
11765.000 0.137
11770.000 0.133
11775.000 0.133
11780.000 0.132
11785.000 0.134
11790.000 0.134
11795.000 0.135
11800.000 0.135
11805.000 0.134
11810.000 0.134
11815.000 0.133
11820.000 0.132
11825.000 0.133
11830.000 0.134
11835.000 0.132
11840.000 0.134
11845.000 0.134
11850.000 0.132
11855.000 0.133
11860.000 0.133
11865.000 0.133
11870.000 0.133
11875.000 0.132
11880.000 0.134
11885.000 0.130
11890.000 0.132
11895.000 0.134
11900.000 0.133
11905.000 0.133
11910.000 0.133
11915.000 0.135
11920.000 0.132
11925.000 0.133
11930.000 0.132
11935.000 0.132
11940.000 0.132
11945.000 0.133
11950.000 0.132
11955.000 0.133
11960.000 0.134
11965.000 0.132
11970.000 0.132
11975.000 0.131
11980.000 0.131
11985.000 0.132
11990.000 0.133
11995.000 0.133
12000.000 0.131
