105.000 0.023
110.000 0.036
115.000 1.443
120.000 1.685
125.000 2.027
130.000 2.328
135.000 2.425
140.000 2.729
145.000 2.924
150.000 3.156
155.000 3.388
160.000 3.482
165.000 3.552
170.000 3.464
175.000 3.377
180.000 3.165
185.000 3.096
190.000 3.141
195.000 3.170
200.000 3.138
205.000 3.085
210.000 3.087
215.000 3.083
220.000 2.911
225.000 2.711
230.000 2.451
235.000 2.358
240.000 2.187
245.000 2.095
250.000 2.008
255.000 1.952
260.000 1.954
265.000 1.964
270.000 1.965
275.000 2.002
280.000 2.040
285.000 2.157
290.000 2.354
295.000 2.461
300.000 2.721
305.000 2.901
310.000 3.306
315.000 3.826
320.000 4.114
325.000 4.859
330.000 5.300
335.000 6.240
340.000 7.316
345.000 7.862
350.000 9.052
355.000 9.675
360.000 11.051
365.000 12.643
370.000 13.560
375.000 15.781
380.000 17.154
385.000 20.483
390.000 24.540
395.000 26.666
400.000 30.567
405.000 32.230
410.000 34.869
415.000 36.620
420.000 37.147
425.000 37.555
430.000 37.465
435.000 36.566
440.000 34.839
445.000 33.806
450.000 31.588
455.000 30.374
460.000 27.888
465.000 25.358
470.000 24.100
475.000 21.673
480.000 20.464
485.000 18.146
490.000 15.838
495.000 14.695
500.000 12.475
505.000 11.454
510.000 9.611
515.000 8.070
520.000 7.402
525.000 6.290
530.000 5.798
535.000 5.002
540.000 4.346
545.000 4.082
550.000 3.614
555.000 3.426
560.000 3.060
565.000 2.770
570.000 2.653
575.000 2.445
580.000 2.352
585.000 2.189
590.000 2.053
595.000 1.990
600.000 1.886
605.000 1.840
610.000 1.761
615.000 1.690
620.000 1.657
625.000 1.603
630.000 1.577
635.000 1.543
640.000 1.516
645.000 1.506
650.000 1.494
655.000 1.488
660.000 1.490
665.000 1.513
670.000 1.527
675.000 1.569
680.000 1.594
685.000 1.668
690.000 1.770
695.000 1.836
700.000 2.002
705.000 2.112
710.000 2.384
715.000 2.693
720.000 2.854
725.000 3.259
730.000 3.509
735.000 4.076
740.000 4.669
745.000 4.906
750.000 5.052
755.000 4.895
760.000 4.266
765.000 3.485
770.000 3.116
775.000 2.501
780.000 2.269
785.000 1.872
790.000 1.548
795.000 1.417
800.000 1.203
805.000 1.122
810.000 0.987
815.000 0.890
820.000 0.847
825.000 0.768
830.000 0.734
835.000 0.666
840.000 0.613
845.000 0.589
850.000 0.546
855.000 0.525
860.000 0.491
865.000 0.477
870.000 0.451
875.000 0.427
880.000 0.417
885.000 0.398
890.000 0.389
895.000 0.376
900.000 0.364
905.000 0.358
910.000 0.347
915.000 0.343
920.000 0.335
925.000 0.328
930.000 0.326
935.000 0.323
940.000 0.321
945.000 0.321
950.000 0.319
955.000 0.320
960.000 0.319
965.000 0.320
970.000 0.321
975.000 0.325
980.000 0.328
985.000 0.335
990.000 0.342
995.000 0.350
1000.000 0.367
1005.000 0.369
1010.000 0.384
1015.000 0.393
1020.000 0.417
1025.000 0.441
1030.000 0.458
1035.000 0.493
1040.000 0.513
1045.000 0.565
1050.000 0.627
1055.000 0.667
1060.000 0.760
1065.000 0.815
1070.000 0.965
1075.000 1.174
1080.000 1.309
1085.000 1.651
1090.000 1.843
1095.000 2.119
1100.000 2.030
1105.000 1.868
1110.000 1.507
1115.000 1.343
1120.000 1.084
1125.000 0.892
1130.000 0.817
1135.000 0.693
1140.000 0.646
1145.000 0.568
1150.000 0.510
1155.000 0.486
1160.000 0.448
1165.000 0.433
1170.000 0.404
1175.000 0.378
1180.000 0.368
1185.000 0.349
1190.000 0.343
1195.000 0.329
1200.000 0.317
1205.000 0.312
1210.000 0.302
1215.000 0.299
1220.000 0.293
1225.000 0.288
1230.000 0.286
1235.000 0.283
1240.000 0.283
1245.000 0.281
1250.000 0.280
1255.000 0.280
1260.000 0.280
1265.000 0.280
1270.000 0.285
1275.000 0.288
1280.000 0.291
1285.000 0.295
1290.000 0.298
1295.000 0.304
1300.000 0.314
1305.000 0.316
1310.000 0.328
1315.000 0.333
1320.000 0.344
1325.000 0.362
1330.000 0.370
1335.000 0.388
1340.000 0.401
1345.000 0.423
1350.000 0.451
1355.000 0.467
1360.000 0.501
1365.000 0.523
1370.000 0.571
1375.000 0.628
1380.000 0.662
1385.000 0.746
1390.000 0.796
1395.000 0.930
1400.000 1.125
1405.000 1.260
1410.000 1.681
1415.000 1.996
1420.000 3.022
1425.000 4.542
1430.000 5.379
1435.000 6.655
1440.000 6.880
1445.000 6.280
1450.000 5.514
1455.000 4.152
1460.000 3.121
1465.000 2.725
1470.000 2.135
1475.000 1.906
1480.000 1.570
1485.000 1.321
1490.000 1.224
1495.000 1.069
1500.000 1.016
1505.000 0.907
1510.000 0.829
1515.000 0.795
1520.000 0.741
1525.000 0.715
1530.000 0.675
1535.000 0.641
1540.000 0.628
1545.000 0.603
1550.000 0.592
1555.000 0.576
1560.000 0.561
1565.000 0.555
1570.000 0.546
1575.000 0.543
1580.000 0.537
1585.000 0.534
1590.000 0.533
1595.000 0.530
1600.000 0.531
1605.000 0.531
1610.000 0.532
1615.000 0.533
1620.000 0.535
1625.000 0.536
1630.000 0.539
1635.000 0.543
1640.000 0.546
1645.000 0.551
1650.000 0.555
1655.000 0.562
1660.000 0.571
1665.000 0.578
1670.000 0.596
1675.000 0.609
1680.000 0.641
1685.000 0.693
1690.000 0.731
1695.000 0.832
1700.000 0.904
1705.000 1.110
1710.000 1.377
1715.000 1.538
1720.000 1.954
1725.000 2.219
1730.000 2.895
1735.000 3.821
1740.000 4.409
1745.000 6.059
1750.000 7.009
1755.000 9.278
1760.000 11.911
1765.000 13.232
1770.000 15.373
1775.000 15.850
1780.000 14.968
1785.000 12.268
1790.000 10.867
1795.000 8.376
1800.000 7.339
1805.000 5.698
1810.000 4.510
1815.000 4.055
1820.000 3.345
1825.000 3.071
1830.000 2.639
1835.000 2.320
1840.000 2.190
1845.000 1.992
1850.000 1.920
1855.000 1.816
1860.000 1.729
1865.000 1.694
1870.000 1.630
1875.000 1.601
1880.000 1.555
1885.000 1.515
1890.000 1.499
1895.000 1.468
1900.000 1.456
1905.000 1.435
1910.000 1.423
1915.000 1.419
1920.000 1.415
1925.000 1.416
1930.000 1.422
1935.000 1.429
1940.000 1.434
1945.000 1.457
1950.000 1.466
1955.000 1.490
1960.000 1.517
1965.000 1.537
1970.000 1.570
1975.000 1.592
1980.000 1.644
1985.000 1.697
1990.000 1.736
1995.000 1.808
2000.000 1.847
2005.000 1.945
2010.000 2.054
2015.000 2.121
2020.000 2.271
2025.000 2.344
2030.000 2.543
2035.000 2.809
2040.000 2.955
2045.000 3.337
2050.000 3.554
2055.000 4.056
2060.000 4.362
2065.000 5.120
2070.000 6.100
2075.000 6.678
2080.000 7.976
2085.000 8.635
2090.000 9.743
2095.000 10.132
2100.000 9.882
2105.000 8.670
2110.000 7.941
2115.000 6.487
2120.000 5.279
2125.000 4.786
2130.000 3.999
2135.000 3.699
2140.000 3.265
2145.000 2.924
2150.000 2.770
2155.000 2.490
2160.000 2.377
2165.000 2.178
2170.000 2.011
2175.000 1.935
2180.000 1.798
2185.000 1.734
2190.000 1.619
2195.000 1.523
2200.000 1.478
2205.000 1.404
2210.000 1.371
2215.000 1.308
2220.000 1.255
2225.000 1.230
2230.000 1.186
2235.000 1.168
2240.000 1.135
2245.000 1.108
2250.000 1.098
2255.000 1.077
2260.000 1.072
2265.000 1.062
2270.000 1.058
2275.000 1.058
2280.000 1.064
2285.000 1.067
2290.000 1.083
2295.000 1.104
2300.000 1.121
2305.000 1.161
2310.000 1.186
2315.000 1.251
2320.000 1.323
2325.000 1.368
2330.000 1.481
2335.000 1.555
2340.000 1.779
2345.000 2.128
2350.000 2.372
2355.000 3.043
2360.000 3.482
2365.000 4.492
2370.000 5.054
2375.000 4.792
2380.000 3.511
2385.000 2.851
2390.000 1.913
2395.000 1.360
2400.000 1.166
2405.000 0.878
2410.000 0.769
2415.000 0.599
2420.000 0.477
2425.000 0.430
2430.000 0.353
2435.000 0.323
2440.000 0.272
2445.000 0.232
2450.000 0.215
2455.000 0.186
2460.000 0.175
2465.000 0.152
2470.000 0.136
2475.000 0.129
2480.000 0.116
2485.000 0.109
2490.000 0.100
2495.000 0.092
2500.000 0.088
2505.000 0.082
2510.000 0.079
2515.000 0.075
2520.000 0.070
2525.000 0.069
2530.000 0.066
2535.000 0.065
2540.000 0.062
2545.000 0.061
2550.000 0.060
2555.000 0.059
2560.000 0.059
2565.000 0.059
2570.000 0.058
2575.000 0.057
2580.000 0.057
2585.000 0.056
2590.000 0.056
2595.000 0.056
2600.000 0.057
2605.000 0.056
2610.000 0.057
2615.000 0.057
2620.000 0.057
2625.000 0.056
2630.000 0.056
2635.000 0.057
2640.000 0.056
2645.000 0.057
2650.000 0.058
2655.000 0.057
2660.000 0.057
2665.000 0.058
2670.000 0.058
2675.000 0.058
2680.000 0.058
2685.000 0.059
2690.000 0.058
2695.000 0.059
2700.000 0.058
2705.000 0.059
2710.000 0.060
2715.000 0.059
2720.000 0.059
2725.000 0.058
2730.000 0.060
2735.000 0.060
2740.000 0.059
2745.000 0.061
2750.000 0.061
2755.000 0.061
2760.000 0.061
2765.000 0.060
2770.000 0.062
2775.000 0.062
2780.000 0.061
2785.000 0.061
2790.000 0.062
2795.000 0.061
2800.000 0.063
2805.000 0.062
2810.000 0.063
2815.000 0.063
2820.000 0.062
2825.000 0.062
2830.000 0.062
2835.000 0.062
2840.000 0.063
2845.000 0.062
2850.000 0.062
2855.000 0.062
2860.000 0.063
2865.000 0.062
2870.000 0.063
2875.000 0.063
2880.000 0.063
2885.000 0.063
2890.000 0.063
2895.000 0.063
2900.000 0.063
2905.000 0.063
2910.000 0.063
2915.000 0.064
2920.000 0.065
2925.000 0.063
2930.000 0.063
2935.000 0.064
2940.000 0.064
2945.000 0.064
2950.000 0.065
2955.000 0.063
2960.000 0.067
2965.000 0.066
2970.000 0.063
2975.000 0.064
2980.000 0.065
2985.000 0.063
2990.000 0.066
2995.000 0.063
3000.000 0.064
3005.000 0.063
3010.000 0.065
3015.000 0.064
3020.000 0.062
3025.000 0.065
3030.000 0.067
3035.000 0.067
3040.000 0.068
3045.000 0.068
3050.000 0.068
3055.000 0.066
3060.000 0.066
3065.000 0.068
3070.000 0.068
3075.000 0.068
3080.000 0.069
3085.000 0.070
3090.000 0.070
3095.000 0.072
3100.000 0.072
3105.000 0.073
3110.000 0.074
3115.000 0.076
3120.000 0.076
3125.000 0.077
3130.000 0.077
3135.000 0.080
3140.000 0.080
3145.000 0.082
3150.000 0.084
3155.000 0.085
3160.000 0.087
3165.000 0.091
3170.000 0.093
3175.000 0.097
3180.000 0.100
3185.000 0.105
3190.000 0.110
3195.000 0.113
3200.000 0.118
3205.000 0.122
3210.000 0.129
3215.000 0.138
3220.000 0.143
3225.000 0.153
3230.000 0.159
3235.000 0.172
3240.000 0.189
3245.000 0.198
3250.000 0.219
3255.000 0.231
3260.000 0.260
3265.000 0.298
3270.000 0.321
3275.000 0.381
3280.000 0.420
3285.000 0.525
3290.000 0.693
3295.000 0.815
3300.000 1.204
3305.000 1.466
3310.000 2.138
3315.000 2.986
3320.000 3.491
3325.000 4.756
3330.000 5.454
3335.000 6.998
3340.000 7.754
3345.000 7.507
3350.000 6.121
3355.000 5.432
3360.000 4.345
3365.000 3.512
3370.000 3.171
3375.000 2.604
3380.000 2.382
3385.000 2.030
3390.000 1.776
3395.000 1.678
3400.000 1.533
3405.000 1.477
3410.000 1.404
3415.000 1.381
3420.000 1.385
3425.000 1.423
3430.000 1.458
3435.000 1.554
3440.000 1.695
3445.000 1.796
3450.000 2.063
3455.000 2.245
3460.000 2.787
3465.000 3.576
3470.000 4.096
3475.000 5.497
3480.000 6.202
3485.000 7.066
3490.000 6.452
3495.000 5.733
3500.000 4.219
3505.000 3.590
3510.000 2.667
3515.000 2.063
3520.000 1.842
3525.000 1.510
3530.000 1.377
3535.000 1.213
3540.000 1.152
3545.000 1.051
3550.000 0.970
3555.000 0.941
3560.000 0.894
3565.000 0.865
3570.000 0.820
3575.000 0.784
3580.000 0.771
3585.000 0.771
3590.000 0.756
3595.000 0.723
3600.000 0.697
3605.000 0.687
3610.000 0.671
3615.000 0.664
3620.000 0.659
3625.000 0.658
3630.000 0.658
3635.000 0.668
3640.000 0.674
3645.000 0.719
3650.000 0.734
3655.000 0.744
3660.000 0.778
3665.000 0.793
3670.000 0.832
3675.000 0.879
3680.000 0.906
3685.000 0.972
3690.000 1.021
3695.000 1.116
3700.000 1.250
3705.000 1.342
3710.000 1.623
3715.000 1.782
3720.000 2.218
3725.000 2.884
3730.000 3.338
3735.000 4.490
3740.000 5.153
3745.000 6.373
3750.000 6.823
3755.000 6.555
3760.000 5.157
3765.000 4.374
3770.000 3.108
3775.000 2.287
3780.000 1.997
3785.000 1.574
3790.000 1.417
3795.000 1.178
3800.000 1.009
3805.000 0.955
3810.000 0.870
3815.000 0.833
3820.000 0.774
3825.000 0.724
3830.000 0.700
3835.000 0.664
3840.000 0.646
3845.000 0.612
3850.000 0.580
3855.000 0.566
3860.000 0.541
3865.000 0.533
3870.000 0.514
3875.000 0.501
3880.000 0.493
3885.000 0.484
3890.000 0.479
3895.000 0.472
3900.000 0.469
3905.000 0.468
3910.000 0.468
3915.000 0.468
3920.000 0.472
3925.000 0.475
3930.000 0.480
3935.000 0.486
3940.000 0.488
3945.000 0.501
3950.000 0.515
3955.000 0.526
3960.000 0.545
3965.000 0.562
3970.000 0.593
3975.000 0.631
3980.000 0.652
3985.000 0.698
3990.000 0.714
3995.000 0.781
4000.000 0.853
4005.000 0.916
4010.000 1.066
4015.000 1.160
4020.000 1.402
4025.000 1.819
4030.000 2.078
4035.000 2.799
4040.000 3.241
4045.000 4.097
4050.000 4.417
4055.000 4.185
4060.000 3.213
4065.000 2.709
4070.000 1.900
4075.000 1.398
4080.000 1.218
4085.000 0.962
4090.000 0.863
4095.000 0.715
4100.000 0.619
4105.000 0.583
4110.000 0.520
4115.000 0.495
4120.000 0.450
4125.000 0.429
4130.000 0.394
4135.000 0.369
4140.000 0.357
4145.000 0.336
4150.000 0.327
4155.000 0.312
4160.000 0.299
4165.000 0.293
4170.000 0.281
4175.000 0.277
4180.000 0.268
4185.000 0.263
4190.000 0.260
4195.000 0.257
4200.000 0.255
4205.000 0.253
4210.000 0.254
4215.000 0.256
4220.000 0.259
4225.000 0.262
4230.000 0.268
4235.000 0.276
4240.000 0.279
4245.000 0.286
4250.000 0.291
4255.000 0.300
4260.000 0.311
4265.000 0.317
4270.000 0.334
4275.000 0.344
4280.000 0.364
4285.000 0.387
4290.000 0.403
4295.000 0.435
4300.000 0.455
4305.000 0.506
4310.000 0.579
4315.000 0.627
4320.000 0.752
4325.000 0.836
4330.000 1.074
4335.000 1.452
4340.000 1.708
4345.000 2.345
4350.000 2.667
4355.000 3.066
4360.000 2.797
4365.000 2.459
4370.000 1.789
4375.000 1.521
4380.000 1.132
4385.000 0.885
4390.000 0.795
4395.000 0.659
4400.000 0.607
4405.000 0.531
4410.000 0.478
4415.000 0.459
4420.000 0.425
4425.000 0.410
4430.000 0.388
4435.000 0.365
4440.000 0.355
4445.000 0.338
4450.000 0.331
4455.000 0.319
4460.000 0.313
4465.000 0.307
4470.000 0.302
4475.000 0.299
4480.000 0.294
4485.000 0.289
4490.000 0.289
4495.000 0.289
4500.000 0.288
4505.000 0.287
4510.000 0.286
4515.000 0.290
4520.000 0.290
4525.000 0.291
4530.000 0.296
4535.000 0.302
4540.000 0.304
4545.000 0.312
4550.000 0.317
4555.000 0.326
4560.000 0.337
4565.000 0.345
4570.000 0.360
4575.000 0.370
4580.000 0.392
4585.000 0.421
4590.000 0.437
4595.000 0.477
4600.000 0.506
4605.000 0.571
4610.000 0.656
4615.000 0.713
4620.000 0.872
4625.000 0.981
4630.000 1.276
4635.000 1.686
4640.000 1.913
4645.000 2.297
4650.000 2.381
4655.000 2.141
4660.000 1.597
4665.000 1.344
4670.000 0.968
4675.000 0.834
4680.000 0.639
4685.000 0.508
4690.000 0.460
4695.000 0.387
4700.000 0.352
4705.000 0.310
4710.000 0.278
4715.000 0.264
4720.000 0.242
4725.000 0.231
4730.000 0.214
4735.000 0.207
4740.000 0.194
4745.000 0.183
4750.000 0.180
4755.000 0.170
4760.000 0.164
4765.000 0.156
4770.000 0.148
4775.000 0.146
4780.000 0.139
4785.000 0.137
4790.000 0.132
4795.000 0.129
4800.000 0.127
4805.000 0.120
4810.000 0.121
4815.000 0.117
4820.000 0.114
4825.000 0.114
4830.000 0.113
4835.000 0.113
4840.000 0.115
4845.000 0.122
4850.000 0.124
4855.000 0.134
4860.000 0.142
4865.000 0.168
4870.000 0.199
4875.000 0.226
4880.000 0.304
4885.000 0.362
4890.000 0.530
4895.000 0.794
4900.000 0.963
4905.000 1.337
4910.000 1.499
4915.000 1.644
4920.000 1.497
4925.000 1.356
4930.000 1.083
4935.000 0.970
4940.000 0.784
4945.000 0.650
4950.000 0.599
4955.000 0.512
4960.000 0.484
4965.000 0.433
4970.000 0.401
4975.000 0.389
4980.000 0.374
4985.000 0.372
4990.000 0.356
4995.000 0.355
5000.000 0.361
5005.000 0.354
5010.000 0.355
5015.000 0.356
5020.000 0.371
5025.000 0.368
5030.000 0.375
5035.000 0.387
5040.000 0.394
5045.000 0.412
5050.000 0.425
5055.000 0.440
5060.000 0.458
5065.000 0.484
5070.000 0.525
5075.000 0.548
5080.000 0.611
5085.000 0.653
5090.000 0.762
5095.000 0.883
5100.000 0.927
5105.000 0.898
5110.000 0.822
5115.000 0.612
5120.000 0.423
5125.000 0.346
5130.000 0.230
5135.000 0.190
5140.000 0.130
5145.000 0.086
5150.000 0.070
5155.000 0.048
5160.000 0.040
5165.000 0.034
5170.000 0.035
5175.000 0.037
5180.000 0.042
5185.000 0.045
5190.000 0.050
5195.000 0.055
5200.000 0.059
5205.000 0.063
5210.000 0.067
5215.000 0.072
5220.000 0.078
5225.000 0.081
5230.000 0.084
5235.000 0.087
5240.000 0.091
5245.000 0.094
5250.000 0.095
5255.000 0.099
5260.000 0.101
5265.000 0.102
5270.000 0.103
5275.000 0.105
5280.000 0.106
5285.000 0.107
5290.000 0.108
5295.000 0.108
5300.000 0.110
5305.000 0.110
5310.000 0.110
5315.000 0.111
5320.000 0.112
5325.000 0.112
5330.000 0.114
5335.000 0.115
5340.000 0.113
5345.000 0.115
5350.000 0.113
5355.000 0.115
5360.000 0.117
5365.000 0.116
5370.000 0.115
5375.000 0.116
5380.000 0.115
5385.000 0.116
5390.000 0.116
5395.000 0.116
5400.000 0.118
5405.000 0.117
5410.000 0.117
5415.000 0.117
5420.000 0.118
5425.000 0.116
5430.000 0.117
5435.000 0.116
5440.000 0.116
5445.000 0.116
5450.000 0.121
5455.000 0.121
5460.000 0.121
5465.000 0.121
5470.000 0.122
5475.000 0.121
5480.000 0.119
5485.000 0.120
5490.000 0.121
5495.000 0.120
5500.000 0.121
5505.000 0.124
5510.000 0.121
5515.000 0.118
5520.000 0.121
5525.000 0.124
5530.000 0.128
5535.000 0.126
5540.000 0.122
5545.000 0.120
5550.000 0.121
5555.000 0.122
5560.000 0.122
5565.000 0.121
5570.000 0.122
5575.000 0.119
5580.000 0.121
5585.000 0.121
5590.000 0.121
5595.000 0.122
5600.000 0.121
5605.000 0.123
5610.000 0.122
5615.000 0.122
5620.000 0.121
5625.000 0.122
5630.000 0.124
5635.000 0.123
5640.000 0.126
5645.000 0.124
5650.000 0.124
5655.000 0.123
5660.000 0.125
5665.000 0.124
5670.000 0.123
5675.000 0.124
5680.000 0.123
5685.000 0.123
5690.000 0.125
5695.000 0.123
5700.000 0.124
5705.000 0.125
5710.000 0.124
5715.000 0.124
5720.000 0.123
5725.000 0.123
5730.000 0.123
5735.000 0.124
5740.000 0.128
5745.000 0.128
5750.000 0.128
5755.000 0.127
5760.000 0.126
5765.000 0.125
5770.000 0.125
5775.000 0.126
5780.000 0.126
5785.000 0.126
5790.000 0.124
5795.000 0.124
5800.000 0.123
5805.000 0.125
5810.000 0.123
5815.000 0.125
5820.000 0.125
5825.000 0.127
5830.000 0.126
5835.000 0.127
5840.000 0.126
5845.000 0.127
5850.000 0.125
5855.000 0.126
5860.000 0.126
5865.000 0.127
5870.000 0.126
5875.000 0.127
5880.000 0.126
5885.000 0.127
5890.000 0.128
5895.000 0.128
5900.000 0.129
5905.000 0.128
5910.000 0.128
5915.000 0.130
5920.000 0.129
5925.000 0.127
5930.000 0.129
5935.000 0.128
5940.000 0.128
5945.000 0.129
5950.000 0.127
5955.000 0.128
5960.000 0.131
5965.000 0.129
5970.000 0.132
5975.000 0.129
5980.000 0.129
5985.000 0.132
5990.000 0.131
5995.000 0.134
6000.000 0.135
6005.000 0.131
6010.000 0.129
6015.000 0.132
6020.000 0.135
6025.000 0.130
6030.000 0.134
6035.000 0.131
6040.000 0.134
6045.000 0.132
6050.000 0.130
6055.000 0.134
6060.000 0.132
6065.000 0.133
6070.000 0.133
6075.000 0.132
6080.000 0.132
6085.000 0.131
6090.000 0.132
6095.000 0.131
6100.000 0.131
6105.000 0.132
6110.000 0.133
6115.000 0.132
6120.000 0.131
6125.000 0.132
6130.000 0.133
6135.000 0.132
6140.000 0.132
6145.000 0.133
6150.000 0.133
6155.000 0.131
6160.000 0.132
6165.000 0.131
6170.000 0.134
6175.000 0.132
6180.000 0.132
6185.000 0.133
6190.000 0.133
6195.000 0.132
6200.000 0.133
6205.000 0.133
6210.000 0.134
6215.000 0.133
6220.000 0.135
6225.000 0.134
6230.000 0.134
6235.000 0.134
6240.000 0.134
6245.000 0.135
6250.000 0.134
6255.000 0.135
6260.000 0.136
6265.000 0.135
6270.000 0.137
6275.000 0.137
6280.000 0.137
6285.000 0.136
6290.000 0.136
6295.000 0.137
6300.000 0.135
6305.000 0.135
6310.000 0.141
6315.000 0.138
6320.000 0.140
6325.000 0.138
6330.000 0.137
6335.000 0.138
6340.000 0.137
6345.000 0.139
6350.000 0.138
6355.000 0.137
6360.000 0.138
6365.000 0.137
6370.000 0.135
6375.000 0.138
6380.000 0.139
6385.000 0.140
6390.000 0.140
6395.000 0.140
6400.000 0.139
6405.000 0.140
6410.000 0.143
6415.000 0.141
6420.000 0.142
6425.000 0.143
6430.000 0.144
6435.000 0.143
6440.000 0.142
6445.000 0.145
6450.000 0.146
6455.000 0.148
6460.000 0.146
6465.000 0.148
6470.000 0.149
6475.000 0.150
6480.000 0.150
6485.000 0.152
6490.000 0.155
6495.000 0.158
6500.000 0.161
6505.000 0.163
6510.000 0.165
6515.000 0.168
6520.000 0.174
6525.000 0.178
6530.000 0.180
6535.000 0.189
6540.000 0.193
6545.000 0.203
6550.000 0.218
6555.000 0.225
6560.000 0.241
6565.000 0.253
6570.000 0.281
6575.000 0.319
6580.000 0.345
6585.000 0.413
6590.000 0.460
6595.000 0.594
6600.000 0.809
6605.000 0.960
6610.000 1.372
6615.000 1.641
6620.000 2.319
6625.000 3.105
6630.000 3.488
6635.000 3.901
6640.000 3.823
6645.000 3.252
6650.000 2.644
6655.000 2.398
6660.000 1.995
6665.000 1.843
6670.000 1.613
6675.000 1.470
6680.000 1.421
6685.000 1.385
6690.000 1.401
6695.000 1.500
6700.000 1.697
6705.000 1.844
6710.000 2.265
6715.000 2.549
6720.000 3.311
6725.000 4.241
6730.000 4.690
6735.000 5.262
6740.000 5.268
6745.000 4.524
6750.000 3.430
6755.000 2.961
6760.000 2.250
6765.000 1.992
6770.000 1.613
6775.000 1.364
6780.000 1.274
6785.000 1.136
6790.000 1.083
6795.000 1.014
6800.000 0.993
6805.000 0.951
6810.000 0.929
6815.000 0.919
6820.000 0.912
6825.000 0.909
6830.000 0.907
6835.000 0.917
6840.000 0.927
6845.000 0.949
6850.000 0.962
6855.000 0.999
6860.000 1.047
6865.000 1.077
6870.000 1.150
6875.000 1.190
6880.000 1.301
6885.000 1.465
6890.000 1.573
6895.000 1.866
6900.000 2.065
6905.000 2.598
6910.000 3.346
6915.000 3.794
6920.000 4.653
6925.000 4.949
6930.000 4.963
6935.000 4.129
6940.000 3.613
6945.000 2.698
6950.000 2.346
6955.000 1.825
6960.000 1.468
6965.000 1.340
6970.000 1.142
6975.000 1.072
6980.000 0.970
6985.000 0.884
6990.000 0.850
6995.000 0.788
7000.000 0.768
7005.000 0.719
7010.000 0.682
7015.000 0.668
7020.000 0.650
7025.000 0.635
7030.000 0.614
7035.000 0.603
7040.000 0.595
7045.000 0.589
7050.000 0.587
7055.000 0.588
7060.000 0.590
7065.000 0.592
7070.000 0.599
7075.000 0.605
7080.000 0.618
7085.000 0.643
7090.000 0.654
7095.000 0.683
7100.000 0.701
7105.000 0.748
7110.000 0.802
7115.000 0.832
7120.000 0.919
7125.000 0.981
7130.000 1.135
7135.000 1.370
7140.000 1.526
7145.000 1.945
7150.000 2.215
7155.000 2.866
7160.000 3.524
7165.000 3.777
7170.000 3.903
7175.000 3.696
7180.000 2.960
7185.000 2.249
7190.000 1.966
7195.000 1.540
7200.000 1.382
7205.000 1.142
7210.000 0.980
7215.000 0.918
7220.000 0.831
7225.000 0.800
7230.000 0.740
7235.000 0.697
7240.000 0.678
7245.000 0.647
7250.000 0.633
7255.000 0.608
7260.000 0.590
7265.000 0.582
7270.000 0.569
7275.000 0.563
7280.000 0.554
7285.000 0.551
7290.000 0.550
7295.000 0.546
7300.000 0.545
7305.000 0.549
7310.000 0.557
7315.000 0.556
7320.000 0.565
7325.000 0.570
7330.000 0.584
7335.000 0.603
7340.000 0.615
7345.000 0.643
7350.000 0.665
7355.000 0.711
7360.000 0.766
7365.000 0.800
7370.000 0.872
7375.000 0.912
7380.000 1.011
7385.000 1.148
7390.000 1.239
7395.000 1.494
7400.000 1.647
7405.000 2.034
7410.000 2.261
7415.000 2.729
7420.000 3.045
7425.000 3.071
7430.000 2.727
7435.000 2.439
7440.000 1.866
7445.000 1.424
7450.000 1.254
7455.000 0.997
7460.000 0.902
7465.000 0.758
7470.000 0.660
7475.000 0.621
7480.000 0.561
7485.000 0.535
7490.000 0.491
7495.000 0.453
7500.000 0.437
7505.000 0.407
7510.000 0.398
7515.000 0.376
7520.000 0.359
7525.000 0.350
7530.000 0.333
7535.000 0.327
7540.000 0.312
7545.000 0.304
7550.000 0.298
7555.000 0.292
7560.000 0.290
7565.000 0.288
7570.000 0.289
7575.000 0.290
7580.000 0.293
7585.000 0.297
7590.000 0.306
7595.000 0.321
7600.000 0.328
7605.000 0.347
7610.000 0.358
7615.000 0.379
7620.000 0.408
7625.000 0.427
7630.000 0.475
7635.000 0.508
7640.000 0.589
7645.000 0.712
7650.000 0.790
7655.000 0.990
7660.000 1.111
7665.000 1.368
7670.000 1.605
7675.000 1.668
7680.000 1.556
7685.000 1.421
7690.000 1.121
7695.000 0.892
7700.000 0.803
7705.000 0.671
7710.000 0.621
7715.000 0.544
7720.000 0.491
7725.000 0.470
7730.000 0.439
7735.000 0.428
7740.000 0.406
7745.000 0.388
7750.000 0.380
7755.000 0.368
7760.000 0.365
7765.000 0.354
7770.000 0.351
7775.000 0.348
7780.000 0.347
7785.000 0.345
7790.000 0.342
7795.000 0.347
7800.000 0.348
7805.000 0.351
7810.000 0.353
7815.000 0.361
7820.000 0.371
7825.000 0.378
7830.000 0.395
7835.000 0.400
7840.000 0.425
7845.000 0.456
7850.000 0.469
7855.000 0.510
7860.000 0.535
7865.000 0.600
7870.000 0.683
7875.000 0.727
7880.000 0.811
7885.000 0.842
7890.000 0.829
7895.000 0.715
7900.000 0.646
7905.000 0.517
7910.000 0.463
7915.000 0.377
7920.000 0.317
7925.000 0.291
7930.000 0.251
7935.000 0.233
7940.000 0.203
7945.000 0.181
7950.000 0.170
7955.000 0.152
7960.000 0.149
7965.000 0.137
7970.000 0.126
7975.000 0.124
7980.000 0.120
7985.000 0.116
7990.000 0.111
7995.000 0.108
8000.000 0.100
8005.000 0.096
8010.000 0.091
8015.000 0.084
8020.000 0.078
8025.000 0.060
8030.000 0.046
8035.000 0.042
8040.000 0.052
8045.000 0.059
8050.000 0.074
8055.000 0.081
8060.000 0.090
8065.000 0.105
8070.000 0.112
8075.000 0.117
8080.000 0.119
8085.000 0.118
8090.000 0.121
8095.000 0.121
8100.000 0.123
8105.000 0.124
8110.000 0.123
8115.000 0.123
8120.000 0.123
8125.000 0.122
8130.000 0.124
8135.000 0.123
8140.000 0.123
8145.000 0.124
8150.000 0.123
8155.000 0.122
8160.000 0.122
8165.000 0.122
8170.000 0.122
8175.000 0.122
8180.000 0.123
8185.000 0.122
8190.000 0.122
8195.000 0.123
8200.000 0.124
8205.000 0.124
8210.000 0.123
8215.000 0.124
8220.000 0.124
8225.000 0.123
8230.000 0.124
8235.000 0.123
8240.000 0.124
8245.000 0.123
8250.000 0.125
8255.000 0.126
8260.000 0.125
8265.000 0.125
8270.000 0.124
8275.000 0.124
8280.000 0.124
8285.000 0.125
8290.000 0.126
8295.000 0.125
8300.000 0.125
8305.000 0.125
8310.000 0.126
8315.000 0.126
8320.000 0.125
8325.000 0.126
8330.000 0.126
8335.000 0.126
8340.000 0.126
8345.000 0.126
8350.000 0.126
8355.000 0.127
8360.000 0.125
8365.000 0.128
8370.000 0.127
8375.000 0.127
8380.000 0.127
8385.000 0.126
8390.000 0.128
8395.000 0.127
8400.000 0.127
8405.000 0.129
8410.000 0.129
8415.000 0.129
8420.000 0.129
8425.000 0.131
8430.000 0.131
8435.000 0.130
8440.000 0.130
8445.000 0.132
8450.000 0.132
8455.000 0.130
8460.000 0.130
8465.000 0.130
8470.000 0.131
8475.000 0.135
8480.000 0.137
8485.000 0.135
8490.000 0.135
8495.000 0.136
8500.000 0.133
8505.000 0.135
8510.000 0.134
8515.000 0.135
8520.000 0.134
8525.000 0.134
8530.000 0.133
8535.000 0.134
8540.000 0.137
8545.000 0.139
8550.000 0.138
8555.000 0.137
8560.000 0.138
8565.000 0.137
8570.000 0.136
8575.000 0.136
8580.000 0.137
8585.000 0.137
8590.000 0.138
8595.000 0.137
8600.000 0.136
8605.000 0.139
8610.000 0.139
8615.000 0.138
8620.000 0.138
8625.000 0.138
8630.000 0.138
8635.000 0.137
8640.000 0.138
8645.000 0.138
8650.000 0.140
8655.000 0.139
8660.000 0.139
8665.000 0.140
8670.000 0.140
8675.000 0.140
8680.000 0.139
8685.000 0.139
8690.000 0.138
8695.000 0.140
8700.000 0.142
8705.000 0.140
8710.000 0.140
8715.000 0.141
8720.000 0.141
8725.000 0.140
8730.000 0.140
8735.000 0.139
8740.000 0.137
8745.000 0.140
8750.000 0.140
8755.000 0.140
8760.000 0.141
8765.000 0.141
8770.000 0.140
8775.000 0.140
8780.000 0.139
8785.000 0.140
8790.000 0.140
8795.000 0.140
8800.000 0.138
8805.000 0.139
8810.000 0.141
8815.000 0.144
8820.000 0.144
8825.000 0.137
8830.000 0.146
8835.000 0.146
8840.000 0.140
8845.000 0.143
8850.000 0.144
8855.000 0.142
8860.000 0.143
8865.000 0.140
8870.000 0.141
8875.000 0.140
8880.000 0.139
8885.000 0.140
8890.000 0.140
8895.000 0.141
8900.000 0.139
8905.000 0.138
8910.000 0.138
8915.000 0.141
8920.000 0.140
8925.000 0.142
8930.000 0.142
8935.000 0.140
8940.000 0.143
8945.000 0.144
8950.000 0.144
8955.000 0.145
8960.000 0.145
8965.000 0.144
8970.000 0.143
8975.000 0.146
8980.000 0.145
8985.000 0.144
8990.000 0.147
8995.000 0.143
9000.000 0.144
9005.000 0.142
9010.000 0.145
9015.000 0.141
9020.000 0.140
9025.000 0.138
9030.000 0.144
9035.000 0.143
9040.000 0.145
9045.000 0.143
9050.000 0.141
9055.000 0.141
9060.000 0.140
9065.000 0.141
9070.000 0.141
9075.000 0.143
9080.000 0.143
9085.000 0.141
9090.000 0.143
9095.000 0.145
9100.000 0.143
9105.000 0.145
9110.000 0.144
9115.000 0.144
9120.000 0.145
9125.000 0.144
9130.000 0.147
9135.000 0.146
9140.000 0.146
9145.000 0.145
9150.000 0.146
9155.000 0.145
9160.000 0.147
9165.000 0.145
9170.000 0.144
9175.000 0.146
9180.000 0.143
9185.000 0.144
9190.000 0.144
9195.000 0.143
9200.000 0.143
9205.000 0.142
9210.000 0.143
9215.000 0.144
9220.000 0.145
9225.000 0.144
9230.000 0.144
9235.000 0.145
9240.000 0.146
9245.000 0.144
9250.000 0.145
9255.000 0.144
9260.000 0.143
9265.000 0.143
9270.000 0.142
9275.000 0.144
9280.000 0.144
9285.000 0.143
9290.000 0.145
9295.000 0.145
9300.000 0.146
9305.000 0.144
9310.000 0.143
9315.000 0.143
9320.000 0.143
9325.000 0.143
9330.000 0.145
9335.000 0.143
9340.000 0.144
9345.000 0.143
9350.000 0.144
9355.000 0.145
9360.000 0.145
9365.000 0.145
9370.000 0.143
9375.000 0.145
9380.000 0.146
9385.000 0.146
9390.000 0.147
9395.000 0.145
9400.000 0.146
9405.000 0.146
9410.000 0.143
9415.000 0.144
9420.000 0.144
9425.000 0.146
9430.000 0.146
9435.000 0.147
9440.000 0.148
9445.000 0.146
9450.000 0.145
9455.000 0.145
9460.000 0.144
9465.000 0.144
9470.000 0.145
9475.000 0.146
9480.000 0.145
9485.000 0.144
9490.000 0.142
9495.000 0.143
9500.000 0.145
9505.000 0.145
9510.000 0.145
9515.000 0.145
9520.000 0.144
9525.000 0.147
9530.000 0.146
9535.000 0.146
9540.000 0.146
9545.000 0.146
9550.000 0.146
9555.000 0.146
9560.000 0.146
9565.000 0.147
9570.000 0.148
9575.000 0.148
9580.000 0.146
9585.000 0.146
9590.000 0.147
9595.000 0.146
9600.000 0.147
9605.000 0.146
9610.000 0.146
9615.000 0.149
9620.000 0.149
9625.000 0.149
9630.000 0.146
9635.000 0.148
9640.000 0.149
9645.000 0.148
9650.000 0.149
9655.000 0.147
9660.000 0.149
9665.000 0.148
9670.000 0.149
9675.000 0.147
9680.000 0.149
9685.000 0.148
9690.000 0.149
9695.000 0.149
9700.000 0.149
9705.000 0.149
9710.000 0.151
9715.000 0.151
9720.000 0.151
9725.000 0.150
9730.000 0.152
9735.000 0.153
9740.000 0.154
9745.000 0.155
9750.000 0.155
9755.000 0.157
9760.000 0.158
9765.000 0.160
9770.000 0.161
9775.000 0.162
9780.000 0.164
9785.000 0.168
9790.000 0.171
9795.000 0.176
9800.000 0.178
9805.000 0.183
9810.000 0.189
9815.000 0.190
9820.000 0.201
9825.000 0.204
9830.000 0.213
9835.000 0.231
9840.000 0.238
9845.000 0.260
9850.000 0.277
9855.000 0.316
9860.000 0.377
9865.000 0.417
9870.000 0.510
9875.000 0.549
9880.000 0.583
9885.000 0.522
9890.000 0.472
9895.000 0.373
9900.000 0.332
9905.000 0.276
9910.000 0.250
9915.000 0.244
9920.000 0.244
9925.000 0.249
9930.000 0.263
9935.000 0.296
9940.000 0.321
9945.000 0.399
9950.000 0.455
9955.000 0.621
9960.000 0.881
9965.000 1.038
9970.000 1.393
9975.000 1.561
9980.000 1.825
9985.000 1.881
9990.000 1.821
9995.000 1.574
10000.000 1.435
10005.000 1.180
10010.000 0.980
10015.000 0.900
10020.000 0.778
10025.000 0.725
10030.000 0.647
10035.000 0.597
10040.000 0.576
10045.000 0.556
10050.000 0.553
10055.000 0.548
10060.000 0.546
10065.000 0.549
10070.000 0.562
10075.000 0.566
10080.000 0.584
10085.000 0.608
10090.000 0.636
10095.000 0.664
10100.000 0.679
10105.000 0.727
10110.000 0.756
10115.000 0.825
10120.000 0.922
10125.000 0.981
10130.000 1.121
10135.000 1.193
10140.000 1.321
10145.000 1.336
10150.000 1.288
10155.000 1.120
10160.000 1.018
10165.000 0.834
10170.000 0.693
10175.000 0.631
10180.000 0.529
10185.000 0.488
10190.000 0.423
10195.000 0.370
10200.000 0.346
10205.000 0.310
10210.000 0.295
10215.000 0.270
10220.000 0.248
10225.000 0.240
10230.000 0.226
10235.000 0.220
10240.000 0.213
10245.000 0.208
10250.000 0.207
10255.000 0.205
10260.000 0.206
10265.000 0.210
10270.000 0.217
10275.000 0.221
10280.000 0.233
10285.000 0.240
10290.000 0.261
10295.000 0.287
10300.000 0.305
10305.000 0.344
10310.000 0.369
10315.000 0.439
10320.000 0.534
10325.000 0.603
10330.000 0.770
10335.000 0.879
10340.000 1.143
10345.000 1.439
10350.000 1.575
10355.000 1.777
10360.000 1.811
10365.000 1.729
10370.000 1.496
10375.000 1.368
10380.000 1.135
10385.000 1.029
10390.000 0.860
10395.000 0.737
10400.000 0.691
10405.000 0.613
10410.000 0.582
10415.000 0.537
10420.000 0.507
10425.000 0.497
10430.000 0.480
10435.000 0.471
10440.000 0.459
10445.000 0.450
10450.000 0.444
10455.000 0.438
10460.000 0.435
10465.000 0.429
10470.000 0.429
10475.000 0.429
10480.000 0.430
10485.000 0.432
10490.000 0.437
10495.000 0.440
10500.000 0.445
10505.000 0.455
10510.000 0.460
10515.000 0.478
10520.000 0.496
10525.000 0.505
10530.000 0.531
10535.000 0.542
10540.000 0.577
10545.000 0.622
10550.000 0.641
10555.000 0.673
10560.000 0.689
10565.000 0.716
10570.000 0.731
10575.000 0.729
10580.000 0.709
10585.000 0.693
10590.000 0.644
10595.000 0.564
10600.000 0.523
10605.000 0.439
10610.000 0.399
10615.000 0.335
10620.000 0.281
10625.000 0.261
10630.000 0.226
10635.000 0.213
10640.000 0.192
10645.000 0.175
10650.000 0.166
10655.000 0.149
10660.000 0.140
10665.000 0.123
10670.000 0.115
10675.000 0.099
10680.000 0.088
10685.000 0.083
10690.000 0.075
10695.000 0.072
10700.000 0.068
10705.000 0.064
10710.000 0.063
10715.000 0.062
10720.000 0.063
10725.000 0.066
10730.000 0.071
10735.000 0.079
10740.000 0.084
10745.000 0.101
10750.000 0.112
10755.000 0.140
10760.000 0.180
10765.000 0.207
10770.000 0.276
10775.000 0.315
10780.000 0.408
10785.000 0.521
10790.000 0.586
10795.000 0.731
10800.000 0.798
10805.000 0.914
10810.000 0.989
10815.000 1.005
10820.000 0.990
10825.000 0.962
10830.000 0.875
10835.000 0.766
10840.000 0.711
10845.000 0.609
10850.000 0.568
10855.000 0.494
10860.000 0.436
10865.000 0.413
10870.000 0.373
10875.000 0.358
10880.000 0.335
10885.000 0.316
10890.000 0.310
10895.000 0.301
10900.000 0.303
10905.000 0.298
10910.000 0.300
10915.000 0.301
10920.000 0.298
10925.000 0.297
10930.000 0.299
10935.000 0.300
10940.000 0.299
10945.000 0.305
10950.000 0.307
10955.000 0.315
10960.000 0.318
10965.000 0.329
10970.000 0.343
10975.000 0.346
10980.000 0.354
10985.000 0.359
10990.000 0.362
10995.000 0.352
11000.000 0.344
11005.000 0.302
11010.000 0.274
11015.000 0.218
11020.000 0.168
11025.000 0.144
11030.000 0.108
11035.000 0.093
11040.000 0.076
11045.000 0.059
11050.000 0.052
11055.000 0.048
11060.000 0.047
11065.000 0.047
11070.000 0.047
11075.000 0.048
11080.000 0.051
11085.000 0.051
11090.000 0.053
11095.000 0.056
11100.000 0.058
11105.000 0.062
11110.000 0.063
11115.000 0.074
11120.000 0.093
11125.000 0.100
11130.000 0.128
11135.000 0.145
11140.000 0.180
11145.000 0.207
11150.000 0.214
11155.000 0.216
11160.000 0.213
11165.000 0.201
11170.000 0.189
11175.000 0.185
11180.000 0.172
11185.000 0.168
11190.000 0.160
11195.000 0.155
11200.000 0.154
11205.000 0.153
11210.000 0.152
11215.000 0.149
11220.000 0.147
11225.000 0.147
11230.000 0.146
11235.000 0.147
11240.000 0.146
11245.000 0.146
11250.000 0.145
11255.000 0.143
11260.000 0.143
11265.000 0.144
11270.000 0.144
11275.000 0.142
11280.000 0.144
11285.000 0.143
11290.000 0.144
11295.000 0.143
11300.000 0.142
11305.000 0.141
11310.000 0.142
11315.000 0.141
11320.000 0.142
11325.000 0.142
11330.000 0.140
11335.000 0.139
11340.000 0.141
11345.000 0.141
11350.000 0.140
11355.000 0.139
11360.000 0.140
11365.000 0.139
11370.000 0.140
11375.000 0.140
11380.000 0.141
11385.000 0.139
11390.000 0.141
11395.000 0.141
11400.000 0.140
11405.000 0.141
11410.000 0.143
11415.000 0.142
11420.000 0.139
11425.000 0.140
11430.000 0.140
11435.000 0.140
11440.000 0.139
11445.000 0.140
11450.000 0.139
11455.000 0.139
11460.000 0.139
11465.000 0.139
11470.000 0.141
11475.000 0.140
11480.000 0.139
11485.000 0.138
11490.000 0.139
11495.000 0.140
11500.000 0.139
11505.000 0.139
11510.000 0.139
11515.000 0.139
11520.000 0.138
11525.000 0.138
11530.000 0.139
11535.000 0.139
11540.000 0.140
11545.000 0.140
11550.000 0.139
11555.000 0.139
11560.000 0.138
11565.000 0.139
11570.000 0.138
11575.000 0.140
11580.000 0.139
11585.000 0.141
11590.000 0.140
11595.000 0.140
11600.000 0.140
11605.000 0.138
11610.000 0.140
11615.000 0.139
11620.000 0.137
11625.000 0.138
11630.000 0.138
11635.000 0.137
11640.000 0.137
11645.000 0.137
11650.000 0.139
11655.000 0.138
11660.000 0.137
11665.000 0.138
11670.000 0.137
11675.000 0.138
11680.000 0.139
11685.000 0.140
11690.000 0.137
11695.000 0.137
11700.000 0.138
11705.000 0.137
11710.000 0.137
11715.000 0.136
11720.000 0.136
11725.000 0.137
11730.000 0.135
11735.000 0.137
11740.000 0.137
11745.000 0.138
11750.000 0.137
11755.000 0.139
11760.000 0.138
11765.000 0.137
11770.000 0.136
11775.000 0.137
11780.000 0.138
11785.000 0.135
11790.000 0.137
11795.000 0.136
11800.000 0.135
11805.000 0.136
11810.000 0.136
11815.000 0.135
11820.000 0.134
11825.000 0.134
11830.000 0.136
11835.000 0.136
11840.000 0.134
11845.000 0.134
11850.000 0.136
11855.000 0.136
11860.000 0.134
11865.000 0.133
11870.000 0.134
11875.000 0.135
11880.000 0.137
11885.000 0.136
11890.000 0.134
11895.000 0.135
11900.000 0.136
11905.000 0.136
11910.000 0.136
11915.000 0.134
11920.000 0.135
11925.000 0.135
11930.000 0.136
11935.000 0.134
11940.000 0.136
11945.000 0.135
11950.000 0.135
11955.000 0.136
11960.000 0.134
11965.000 0.135
11970.000 0.133
11975.000 0.134
11980.000 0.134
11985.000 0.134
11990.000 0.133
11995.000 0.133
12000.000 0.133
