105.000 0.036
110.000 0.025
115.000 0.993
120.000 1.487
125.000 1.613
130.000 1.797
135.000 1.872
140.000 2.088
145.000 2.401
150.000 2.548
155.000 2.964
160.000 2.490
165.000 2.954
170.000 3.245
175.000 3.196
180.000 3.368
185.000 3.462
190.000 3.736
195.000 4.116
200.000 4.311
205.000 4.399
210.000 4.812
215.000 5.184
220.000 5.508
225.000 5.363
230.000 5.477
235.000 5.084
240.000 4.613
245.000 4.416
250.000 4.035
255.000 4.218
260.000 4.362
265.000 4.883
270.000 5.108
275.000 5.410
280.000 5.566
285.000 6.069
290.000 6.357
295.000 6.898
300.000 7.531
305.000 7.912
310.000 8.750
315.000 9.314
320.000 10.513
325.000 11.910
330.000 12.711
335.000 14.277
340.000 15.000
345.000 16.195
350.000 17.202
355.000 17.791
360.000 17.989
365.000 18.146
370.000 18.277
375.000 18.341
380.000 18.323
385.000 18.493
390.000 18.636
395.000 18.640
400.000 18.811
405.000 18.921
410.000 19.013
415.000 18.944
420.000 19.211
425.000 19.219
430.000 19.212
435.000 19.071
440.000 18.974
445.000 18.622
450.000 18.298
455.000 17.752
460.000 17.430
465.000 16.733
470.000 16.391
475.000 15.526
480.000 15.158
485.000 14.411
490.000 13.999
495.000 13.294
500.000 12.709
505.000 12.172
510.000 11.932
515.000 11.800
520.000 11.123
525.000 10.569
530.000 9.955
535.000 9.661
540.000 9.367
545.000 8.943
550.000 8.619
555.000 8.333
560.000 8.232
565.000 8.157
570.000 8.110
575.000 8.138
580.000 8.229
585.000 8.509
590.000 8.922
595.000 9.149
600.000 9.676
605.000 9.941
610.000 10.459
615.000 10.679
620.000 10.894
625.000 10.561
630.000 10.134
635.000 8.805
640.000 7.996
645.000 6.457
650.000 5.044
655.000 4.466
660.000 3.542
665.000 2.839
670.000 2.515
675.000 2.161
680.000 1.982
685.000 1.702
690.000 1.619
695.000 1.469
700.000 1.314
705.000 1.252
710.000 1.153
715.000 1.111
720.000 1.046
725.000 0.960
730.000 0.925
735.000 0.844
740.000 0.809
745.000 0.750
750.000 0.701
755.000 0.677
760.000 0.641
765.000 0.622
770.000 0.598
775.000 0.600
780.000 0.585
785.000 0.565
790.000 0.547
795.000 0.554
800.000 0.543
805.000 0.543
810.000 0.568
815.000 0.584
820.000 0.594
825.000 0.625
830.000 0.634
835.000 0.653
840.000 0.687
845.000 0.714
850.000 0.797
855.000 0.861
860.000 0.920
865.000 0.945
870.000 1.010
875.000 1.057
880.000 1.194
885.000 1.330
890.000 1.480
895.000 1.546
900.000 1.607
905.000 1.668
910.000 1.516
915.000 1.276
920.000 1.149
925.000 1.041
930.000 0.863
935.000 0.682
940.000 0.639
945.000 0.608
950.000 0.540
955.000 0.455
960.000 0.386
965.000 0.362
970.000 0.320
975.000 0.280
980.000 0.269
985.000 0.246
990.000 0.233
995.000 0.217
1000.000 0.210
1005.000 0.196
1010.000 0.188
1015.000 0.185
1020.000 0.174
1025.000 0.176
1030.000 0.173
1035.000 0.166
1040.000 0.172
1045.000 0.174
1050.000 0.171
1055.000 0.170
1060.000 0.173
1065.000 0.173
1070.000 0.179
1075.000 0.182
1080.000 0.190
1085.000 0.198
1090.000 0.211
1095.000 0.217
1100.000 0.225
1105.000 0.244
1110.000 0.268
1115.000 0.280
1120.000 0.308
1125.000 0.346
1130.000 0.369
1135.000 0.425
1140.000 0.462
1145.000 0.555
1150.000 0.623
1155.000 0.825
1160.000 1.154
1165.000 1.411
1170.000 2.006
1175.000 2.363
1180.000 3.078
1185.000 3.609
1190.000 3.768
1195.000 3.650
1200.000 3.077
1205.000 2.744
1210.000 2.143
1215.000 1.895
1220.000 1.497
1225.000 1.219
1230.000 1.117
1235.000 0.951
1240.000 0.886
1245.000 0.781
1250.000 0.741
1255.000 0.681
1260.000 0.634
1265.000 0.614
1270.000 0.580
1275.000 0.570
1280.000 0.546
1285.000 0.526
1290.000 0.519
1295.000 0.504
1300.000 0.499
1305.000 0.492
1310.000 0.487
1315.000 0.491
1320.000 0.491
1325.000 0.492
1330.000 0.492
1335.000 0.499
1340.000 0.503
1345.000 0.514
1350.000 0.517
1355.000 0.534
1360.000 0.552
1365.000 0.562
1370.000 0.582
1375.000 0.598
1380.000 0.628
1385.000 0.668
1390.000 0.695
1395.000 0.772
1400.000 0.828
1405.000 0.864
1410.000 0.974
1415.000 1.041
1420.000 1.169
1425.000 1.352
1430.000 1.488
1435.000 1.895
1440.000 2.093
1445.000 2.655
1450.000 3.026
1455.000 3.873
1460.000 4.761
1465.000 5.124
1470.000 5.194
1475.000 4.410
1480.000 3.901
1485.000 2.957
1490.000 2.573
1495.000 1.987
1500.000 1.588
1505.000 1.439
1510.000 1.204
1515.000 1.116
1520.000 0.993
1525.000 0.945
1530.000 0.899
1535.000 0.886
1540.000 0.806
1545.000 0.740
1550.000 0.713
1555.000 0.672
1560.000 0.656
1565.000 0.628
1570.000 0.608
1575.000 0.597
1580.000 0.578
1585.000 0.570
1590.000 0.554
1595.000 0.541
1600.000 0.545
1605.000 0.544
1610.000 0.538
1615.000 0.535
1620.000 0.534
1625.000 0.534
1630.000 0.547
1635.000 0.557
1640.000 0.559
1645.000 0.565
1650.000 0.573
1655.000 0.596
1660.000 0.628
1665.000 0.645
1670.000 0.684
1675.000 0.709
1680.000 0.786
1685.000 0.842
1690.000 1.025
1695.000 1.357
1700.000 1.605
1705.000 2.385
1710.000 2.958
1715.000 4.261
1720.000 5.841
1725.000 7.610
1730.000 8.535
1735.000 10.127
1740.000 10.605
1745.000 10.515
1750.000 9.921
1755.000 8.167
1760.000 6.282
1765.000 5.519
1770.000 4.309
1775.000 3.839
1780.000 3.086
1785.000 2.798
1790.000 2.353
1795.000 2.032
1800.000 1.914
1805.000 1.723
1810.000 1.600
1815.000 1.566
1820.000 1.514
1825.000 1.492
1830.000 1.458
1835.000 1.433
1840.000 1.421
1845.000 1.411
1850.000 1.407
1855.000 1.400
1860.000 1.400
1865.000 1.402
1870.000 1.409
1875.000 1.413
1880.000 1.428
1885.000 1.439
1890.000 1.465
1895.000 1.498
1900.000 1.518
1905.000 1.564
1910.000 1.617
1915.000 1.646
1920.000 1.718
1925.000 1.752
1930.000 1.833
1935.000 1.880
1940.000 1.974
1945.000 2.077
1950.000 2.147
1955.000 2.310
1960.000 2.405
1965.000 2.609
1970.000 2.901
1975.000 3.075
1980.000 3.508
1985.000 3.784
1990.000 4.451
1995.000 5.306
2000.000 5.784
2005.000 6.787
2010.000 7.626
2015.000 7.881
2020.000 7.763
2025.000 7.376
2030.000 6.407
2035.000 5.360
2040.000 4.901
2045.000 4.116
2050.000 3.795
2055.000 3.309
2060.000 3.120
2065.000 2.839
2070.000 2.706
2075.000 2.485
2080.000 2.308
2085.000 2.237
2090.000 2.132
2095.000 2.066
2100.000 1.932
2105.000 1.841
2110.000 1.810
2115.000 1.739
2120.000 1.709
2125.000 1.658
2130.000 1.675
2135.000 1.668
2140.000 1.632
2145.000 1.622
2150.000 1.607
2155.000 1.616
2160.000 1.652
2165.000 1.660
2170.000 1.672
2175.000 1.746
2180.000 1.809
2185.000 1.847
2190.000 1.980
2195.000 2.119
2200.000 2.204
2205.000 2.454
2210.000 2.633
2215.000 3.157
2220.000 3.524
2225.000 4.421
2230.000 5.613
2235.000 6.225
2240.000 6.967
2245.000 6.839
2250.000 5.649
2255.000 4.154
2260.000 3.541
2265.000 2.635
2270.000 2.306
2275.000 1.816
2280.000 1.498
2285.000 1.388
2290.000 1.203
2295.000 1.128
2300.000 0.997
2305.000 0.892
2310.000 0.847
2315.000 0.768
2320.000 0.687
2325.000 0.649
2330.000 0.587
2335.000 0.559
2340.000 0.511
2345.000 0.489
2350.000 0.452
2355.000 0.422
2360.000 0.408
2365.000 0.385
2370.000 0.363
2375.000 0.356
2380.000 0.341
2385.000 0.335
2390.000 0.323
2395.000 0.317
2400.000 0.308
2405.000 0.302
2410.000 0.299
2415.000 0.295
2420.000 0.291
2425.000 0.291
2430.000 0.291
2435.000 0.290
2440.000 0.293
2445.000 0.298
2450.000 0.301
2455.000 0.309
2460.000 0.314
2465.000 0.326
2470.000 0.334
2475.000 0.354
2480.000 0.385
2485.000 0.406
2490.000 0.457
2495.000 0.493
2500.000 0.598
2505.000 0.772
2510.000 0.895
2515.000 1.209
2520.000 1.318
2525.000 1.210
2530.000 0.824
2535.000 0.652
2540.000 0.422
2545.000 0.347
2550.000 0.246
2555.000 0.183
2560.000 0.159
2565.000 0.125
2570.000 0.101
2575.000 0.092
2580.000 0.078
2585.000 0.072
2590.000 0.065
2595.000 0.062
2600.000 0.058
2605.000 0.055
2610.000 0.054
2615.000 0.054
2620.000 0.053
2625.000 0.053
2630.000 0.053
2635.000 0.054
2640.000 0.055
2645.000 0.056
2650.000 0.057
2655.000 0.057
2660.000 0.057
2665.000 0.056
2670.000 0.058
2675.000 0.057
2680.000 0.059
2685.000 0.059
2690.000 0.059
2695.000 0.059
2700.000 0.060
2705.000 0.061
2710.000 0.062
2715.000 0.062
2720.000 0.061
2725.000 0.063
2730.000 0.063
2735.000 0.064
2740.000 0.065
2745.000 0.065
2750.000 0.065
2755.000 0.065
2760.000 0.065
2765.000 0.067
2770.000 0.067
2775.000 0.067
2780.000 0.067
2785.000 0.068
2790.000 0.067
2795.000 0.068
2800.000 0.068
2805.000 0.067
2810.000 0.068
2815.000 0.069
2820.000 0.069
2825.000 0.070
2830.000 0.069
2835.000 0.070
2840.000 0.071
2845.000 0.070
2850.000 0.071
2855.000 0.072
2860.000 0.071
2865.000 0.071
2870.000 0.071
2875.000 0.071
2880.000 0.071
2885.000 0.071
2890.000 0.071
2895.000 0.070
2900.000 0.072
2905.000 0.072
2910.000 0.071
2915.000 0.071
2920.000 0.071
2925.000 0.071
2930.000 0.071
2935.000 0.072
2940.000 0.072
2945.000 0.073
2950.000 0.072
2955.000 0.071
2960.000 0.073
2965.000 0.073
2970.000 0.069
2975.000 0.073
2980.000 0.073
2985.000 0.070
2990.000 0.076
2995.000 0.070
3000.000 0.070
3005.000 0.070
3010.000 0.073
3015.000 0.070
3020.000 0.070
3025.000 0.072
3030.000 0.075
3035.000 0.074
3040.000 0.075
3045.000 0.074
3050.000 0.072
3055.000 0.075
3060.000 0.072
3065.000 0.074
3070.000 0.072
3075.000 0.071
3080.000 0.071
3085.000 0.074
3090.000 0.072
3095.000 0.073
3100.000 0.073
3105.000 0.074
3110.000 0.073
3115.000 0.073
3120.000 0.073
3125.000 0.074
3130.000 0.073
3135.000 0.074
3140.000 0.075
3145.000 0.074
3150.000 0.074
3155.000 0.075
3160.000 0.076
3165.000 0.075
3170.000 0.076
3175.000 0.076
3180.000 0.075
3185.000 0.076
3190.000 0.076
3195.000 0.076
3200.000 0.078
3205.000 0.078
3210.000 0.078
3215.000 0.079
3220.000 0.080
3225.000 0.082
3230.000 0.081
3235.000 0.084
3240.000 0.085
3245.000 0.087
3250.000 0.090
3255.000 0.091
3260.000 0.095
3265.000 0.096
3270.000 0.101
3275.000 0.107
3280.000 0.113
3285.000 0.118
3290.000 0.122
3295.000 0.132
3300.000 0.147
3305.000 0.154
3310.000 0.169
3315.000 0.182
3320.000 0.210
3325.000 0.248
3330.000 0.273
3335.000 0.340
3340.000 0.387
3345.000 0.532
3350.000 0.782
3355.000 0.964
3360.000 1.464
3365.000 1.782
3370.000 2.507
3375.000 3.459
3380.000 4.025
3385.000 5.220
3390.000 5.705
3395.000 6.064
3400.000 5.598
3405.000 5.263
3410.000 4.687
3415.000 4.471
3420.000 4.168
3425.000 4.038
3430.000 4.029
3435.000 4.139
3440.000 4.256
3445.000 4.602
3450.000 5.046
3455.000 5.265
3460.000 5.524
3465.000 5.467
3470.000 4.953
3475.000 3.788
3480.000 3.224
3485.000 2.305
3490.000 1.684
3495.000 1.470
3500.000 1.165
3505.000 1.036
3510.000 0.846
3515.000 0.773
3520.000 0.669
3525.000 0.596
3530.000 0.547
3535.000 0.527
3540.000 0.508
3545.000 0.473
3550.000 0.460
3555.000 0.431
3560.000 0.406
3565.000 0.396
3570.000 0.391
3575.000 0.378
3580.000 0.372
3585.000 0.366
3590.000 0.365
3595.000 0.363
3600.000 0.362
3605.000 0.375
3610.000 0.384
3615.000 0.392
3620.000 0.397
3625.000 0.408
3630.000 0.417
3635.000 0.442
3640.000 0.457
3645.000 0.487
3650.000 0.498
3655.000 0.529
3660.000 0.569
3665.000 0.620
3670.000 0.652
3675.000 0.693
3680.000 0.796
3685.000 0.941
3690.000 1.037
3695.000 1.299
3700.000 1.713
3705.000 1.994
3710.000 2.712
3715.000 3.652
3720.000 4.235
3725.000 4.731
3730.000 5.266
3735.000 4.849
3740.000 3.751
3745.000 3.202
3750.000 2.336
3755.000 2.011
3760.000 1.550
3765.000 1.263
3770.000 1.160
3775.000 0.984
3780.000 0.920
3785.000 0.835
3790.000 0.778
3795.000 0.753
3800.000 0.735
3805.000 0.718
3810.000 0.697
3815.000 0.698
3820.000 0.688
3825.000 0.675
3830.000 0.672
3835.000 0.673
3840.000 0.679
3845.000 0.694
3850.000 0.702
3855.000 0.713
3860.000 0.737
3865.000 0.748
3870.000 0.786
3875.000 0.808
3880.000 0.870
3885.000 0.958
3890.000 1.015
3895.000 1.182
3900.000 1.291
3905.000 1.569
3910.000 1.960
3915.000 2.179
3920.000 2.535
3925.000 2.618
3930.000 2.437
3935.000 1.948
3940.000 1.726
3945.000 1.300
3950.000 1.136
3955.000 0.901
3960.000 0.737
3965.000 0.682
3970.000 0.609
3975.000 0.550
3980.000 0.521
3985.000 0.464
3990.000 0.446
3995.000 0.405
4000.000 0.392
4005.000 0.371
4010.000 0.345
4015.000 0.336
4020.000 0.324
4025.000 0.302
4030.000 0.288
4035.000 0.285
4040.000 0.278
4045.000 0.271
4050.000 0.270
4055.000 0.262
4060.000 0.264
4065.000 0.266
4070.000 0.259
4075.000 0.263
4080.000 0.267
4085.000 0.270
4090.000 0.272
4095.000 0.280
4100.000 0.288
4105.000 0.300
4110.000 0.311
4115.000 0.317
4120.000 0.341
4125.000 0.366
4130.000 0.390
4135.000 0.430
4140.000 0.449
4145.000 0.505
4150.000 0.537
4155.000 0.622
4160.000 0.685
4165.000 0.857
4170.000 1.114
4175.000 1.302
4180.000 1.777
4185.000 2.369
4190.000 2.655
4195.000 2.991
4200.000 2.942
4205.000 2.448
4210.000 2.102
4215.000 1.516
4220.000 1.127
4225.000 1.005
4230.000 0.805
4235.000 0.656
4240.000 0.602
4245.000 0.518
4250.000 0.488
4255.000 0.445
4260.000 0.427
4265.000 0.398
4270.000 0.375
4275.000 0.366
4280.000 0.358
4285.000 0.349
4290.000 0.328
4295.000 0.310
4300.000 0.303
4305.000 0.290
4310.000 0.285
4315.000 0.278
4320.000 0.274
4325.000 0.271
4330.000 0.271
4335.000 0.271
4340.000 0.273
4345.000 0.272
4350.000 0.274
4355.000 0.283
4360.000 0.285
4365.000 0.295
4370.000 0.305
4375.000 0.313
4380.000 0.328
4385.000 0.338
4390.000 0.363
4395.000 0.390
4400.000 0.404
4405.000 0.442
4410.000 0.469
4415.000 0.535
4420.000 0.624
4425.000 0.693
4430.000 0.854
4435.000 1.045
4440.000 1.124
4445.000 1.156
4450.000 1.096
4455.000 0.886
4460.000 0.769
4465.000 0.577
4470.000 0.444
4475.000 0.392
4480.000 0.322
4485.000 0.273
4490.000 0.252
4495.000 0.221
4500.000 0.211
4505.000 0.191
4510.000 0.183
4515.000 0.170
4520.000 0.166
4525.000 0.160
4530.000 0.153
4535.000 0.150
4540.000 0.148
4545.000 0.145
4550.000 0.145
4555.000 0.148
4560.000 0.147
4565.000 0.151
4570.000 0.161
4575.000 0.163
4580.000 0.170
4585.000 0.175
4590.000 0.187
4595.000 0.204
4600.000 0.216
4605.000 0.246
4610.000 0.265
4615.000 0.317
4620.000 0.400
4625.000 0.457
4630.000 0.625
4635.000 0.739
4640.000 1.028
4645.000 1.385
4650.000 1.572
4655.000 1.878
4660.000 1.912
4665.000 1.793
4670.000 1.414
4675.000 1.229
4680.000 0.931
4685.000 0.819
4690.000 0.647
4695.000 0.533
4700.000 0.488
4705.000 0.418
4710.000 0.393
4715.000 0.350
4720.000 0.323
4725.000 0.311
4730.000 0.293
4735.000 0.278
4740.000 0.270
4745.000 0.263
4750.000 0.248
4755.000 0.240
4760.000 0.234
4765.000 0.225
4770.000 0.220
4775.000 0.214
4780.000 0.209
4785.000 0.205
4790.000 0.201
4795.000 0.198
4800.000 0.195
4805.000 0.196
4810.000 0.200
4815.000 0.205
4820.000 0.203
4825.000 0.201
4830.000 0.198
4835.000 0.197
4840.000 0.200
4845.000 0.201
4850.000 0.206
4855.000 0.210
4860.000 0.214
4865.000 0.224
4870.000 0.239
4875.000 0.245
4880.000 0.265
4885.000 0.277
4890.000 0.308
4895.000 0.344
4900.000 0.370
4905.000 0.442
4910.000 0.492
4915.000 0.622
4920.000 0.758
4925.000 0.806
4930.000 0.780
4935.000 0.718
4940.000 0.567
4945.000 0.494
4950.000 0.377
4955.000 0.308
4960.000 0.267
4965.000 0.258
4970.000 0.246
4975.000 0.233
4980.000 0.232
4985.000 0.242
4990.000 0.258
4995.000 0.260
5000.000 0.293
5005.000 0.364
5010.000 0.407
5015.000 0.551
5020.000 0.769
5025.000 0.886
5030.000 1.051
5035.000 1.027
5040.000 0.884
5045.000 0.780
5050.000 0.591
5055.000 0.468
5060.000 0.415
5065.000 0.345
5070.000 0.317
5075.000 0.278
5080.000 0.253
5085.000 0.244
5090.000 0.230
5095.000 0.223
5100.000 0.210
5105.000 0.199
5110.000 0.195
5115.000 0.187
5120.000 0.176
5125.000 0.173
5130.000 0.168
5135.000 0.166
5140.000 0.161
5145.000 0.158
5150.000 0.155
5155.000 0.153
5160.000 0.151
5165.000 0.147
5170.000 0.147
5175.000 0.142
5180.000 0.140
5185.000 0.138
5190.000 0.135
5195.000 0.136
5200.000 0.137
5205.000 0.134
5210.000 0.133
5215.000 0.131
5220.000 0.131
5225.000 0.128
5230.000 0.127
5235.000 0.125
5240.000 0.128
5245.000 0.127
5250.000 0.126
5255.000 0.123
5260.000 0.124
5265.000 0.124
5270.000 0.123
5275.000 0.123
5280.000 0.122
5285.000 0.122
5290.000 0.121
5295.000 0.121
5300.000 0.122
5305.000 0.122
5310.000 0.122
5315.000 0.123
5320.000 0.123
5325.000 0.123
5330.000 0.121
5335.000 0.121
5340.000 0.121
5345.000 0.121
5350.000 0.120
5355.000 0.121
5360.000 0.120
5365.000 0.121
5370.000 0.118
5375.000 0.120
5380.000 0.120
5385.000 0.120
5390.000 0.121
5395.000 0.121
5400.000 0.121
5405.000 0.123
5410.000 0.122
5415.000 0.121
5420.000 0.120
5425.000 0.121
5430.000 0.121
5435.000 0.119
5440.000 0.120
5445.000 0.121
5450.000 0.120
5455.000 0.121
5460.000 0.122
5465.000 0.122
5470.000 0.123
5475.000 0.122
5480.000 0.122
5485.000 0.122
5490.000 0.122
5495.000 0.122
5500.000 0.124
5505.000 0.125
5510.000 0.126
5515.000 0.123
5520.000 0.125
5525.000 0.127
5530.000 0.127
5535.000 0.124
5540.000 0.124
5545.000 0.124
5550.000 0.123
5555.000 0.122
5560.000 0.122
5565.000 0.123
5570.000 0.122
5575.000 0.123
5580.000 0.123
5585.000 0.122
5590.000 0.122
5595.000 0.121
5600.000 0.121
5605.000 0.122
5610.000 0.124
5615.000 0.122
5620.000 0.122
5625.000 0.122
5630.000 0.121
5635.000 0.119
5640.000 0.116
5645.000 0.114
5650.000 0.110
5655.000 0.109
5660.000 0.111
5665.000 0.116
5670.000 0.117
5675.000 0.122
5680.000 0.122
5685.000 0.124
5690.000 0.128
5695.000 0.128
5700.000 0.127
5705.000 0.132
5710.000 0.129
5715.000 0.128
5720.000 0.129
5725.000 0.129
5730.000 0.129
5735.000 0.127
5740.000 0.129
5745.000 0.128
5750.000 0.126
5755.000 0.127
5760.000 0.127
5765.000 0.127
5770.000 0.129
5775.000 0.128
5780.000 0.128
5785.000 0.128
5790.000 0.128
5795.000 0.130
5800.000 0.133
5805.000 0.133
5810.000 0.145
5815.000 0.143
5820.000 0.142
5825.000 0.137
5830.000 0.135
5835.000 0.137
5840.000 0.135
5845.000 0.133
5850.000 0.132
5855.000 0.139
5860.000 0.138
5865.000 0.134
5870.000 0.134
5875.000 0.133
5880.000 0.131
5885.000 0.130
5890.000 0.130
5895.000 0.132
5900.000 0.135
5905.000 0.135
5910.000 0.135
5915.000 0.142
5920.000 0.139
5925.000 0.139
5930.000 0.138
5935.000 0.138
5940.000 0.136
5945.000 0.135
5950.000 0.135
5955.000 0.132
5960.000 0.136
5965.000 0.132
5970.000 0.135
5975.000 0.131
5980.000 0.130
5985.000 0.132
5990.000 0.137
5995.000 0.135
6000.000 0.137
6005.000 0.130
6010.000 0.131
6015.000 0.128
6020.000 0.137
6025.000 0.132
6030.000 0.135
6035.000 0.131
6040.000 0.132
6045.000 0.130
6050.000 0.133
6055.000 0.134
6060.000 0.135
6065.000 0.132
6070.000 0.135
6075.000 0.134
6080.000 0.133
6085.000 0.131
6090.000 0.134
6095.000 0.134
6100.000 0.139
6105.000 0.139
6110.000 0.137
6115.000 0.138
6120.000 0.137
6125.000 0.134
6130.000 0.132
6135.000 0.134
6140.000 0.131
6145.000 0.133
6150.000 0.132
6155.000 0.132
6160.000 0.134
6165.000 0.133
6170.000 0.132
6175.000 0.133
6180.000 0.133
6185.000 0.136
6190.000 0.140
6195.000 0.142
6200.000 0.138
6205.000 0.139
6210.000 0.139
6215.000 0.137
6220.000 0.135
6225.000 0.135
6230.000 0.136
6235.000 0.134
6240.000 0.133
6245.000 0.139
6250.000 0.137
6255.000 0.135
6260.000 0.135
6265.000 0.136
6270.000 0.135
6275.000 0.133
6280.000 0.134
6285.000 0.136
6290.000 0.138
6295.000 0.136
6300.000 0.137
6305.000 0.135
6310.000 0.140
6315.000 0.139
6320.000 0.141
6325.000 0.140
6330.000 0.149
6335.000 0.149
6340.000 0.149
6345.000 0.147
6350.000 0.144
6355.000 0.142
6360.000 0.141
6365.000 0.140
6370.000 0.139
6375.000 0.138
6380.000 0.135
6385.000 0.137
6390.000 0.138
6395.000 0.139
6400.000 0.137
6405.000 0.137
6410.000 0.138
6415.000 0.138
6420.000 0.137
6425.000 0.138
6430.000 0.137
6435.000 0.138
6440.000 0.137
6445.000 0.138
6450.000 0.137
6455.000 0.137
6460.000 0.136
6465.000 0.137
6470.000 0.138
6475.000 0.138
6480.000 0.137
6485.000 0.140
6490.000 0.139
6495.000 0.141
6500.000 0.142
6505.000 0.144
6510.000 0.145
6515.000 0.143
6520.000 0.146
6525.000 0.145
6530.000 0.142
6535.000 0.149
6540.000 0.157
6545.000 0.158
6550.000 0.159
6555.000 0.155
6560.000 0.154
6565.000 0.154
6570.000 0.154
6575.000 0.155
6580.000 0.156
6585.000 0.168
6590.000 0.174
6595.000 0.175
6600.000 0.180
6605.000 0.183
6610.000 0.190
6615.000 0.194
6620.000 0.209
6625.000 0.218
6630.000 0.238
6635.000 0.267
6640.000 0.289
6645.000 0.371
6650.000 0.493
6655.000 0.565
6660.000 0.783
6665.000 1.125
6670.000 1.354
6675.000 1.621
6680.000 2.308
6685.000 3.087
6690.000 3.362
6695.000 3.556
6700.000 3.518
6705.000 3.371
6710.000 3.377
6715.000 3.377
6720.000 3.360
6725.000 3.070
6730.000 2.808
6735.000 2.125
6740.000 1.799
6745.000 1.283
6750.000 1.095
6755.000 0.828
6760.000 0.660
6765.000 0.602
6770.000 0.514
6775.000 0.482
6780.000 0.429
6785.000 0.396
6790.000 0.376
6795.000 0.369
6800.000 0.364
6805.000 0.352
6810.000 0.344
6815.000 0.340
6820.000 0.338
6825.000 0.337
6830.000 0.343
6835.000 0.347
6840.000 0.349
6845.000 0.354
6850.000 0.357
6855.000 0.365
6860.000 0.374
6865.000 0.381
6870.000 0.399
6875.000 0.410
6880.000 0.432
6885.000 0.457
6890.000 0.473
6895.000 0.511
6900.000 0.565
6905.000 0.600
6910.000 0.687
6915.000 0.743
6920.000 0.896
6925.000 1.000
6930.000 1.280
6935.000 1.464
6940.000 1.931
6945.000 2.464
6950.000 2.701
6955.000 3.003
6960.000 2.809
6965.000 2.540
6970.000 1.958
6975.000 1.506
6980.000 1.336
6985.000 1.191
6990.000 0.986
6995.000 0.847
7000.000 0.761
7005.000 0.724
7010.000 0.706
7015.000 0.674
7020.000 0.666
7025.000 0.657
7030.000 0.658
7035.000 0.672
7040.000 0.677
7045.000 0.702
7050.000 0.748
7055.000 0.772
7060.000 0.851
7065.000 0.909
7070.000 1.055
7075.000 1.267
7080.000 1.385
7085.000 1.644
7090.000 1.727
7095.000 1.735
7100.000 1.661
7105.000 1.380
7110.000 1.215
7115.000 0.978
7120.000 0.811
7125.000 0.744
7130.000 0.655
7135.000 0.616
7140.000 0.551
7145.000 0.508
7150.000 0.488
7155.000 0.458
7160.000 0.446
7165.000 0.425
7170.000 0.406
7175.000 0.399
7180.000 0.392
7185.000 0.385
7190.000 0.381
7195.000 0.374
7200.000 0.372
7205.000 0.374
7210.000 0.372
7215.000 0.369
7220.000 0.369
7225.000 0.370
7230.000 0.380
7235.000 0.385
7240.000 0.393
7245.000 0.400
7250.000 0.406
7255.000 0.420
7260.000 0.429
7265.000 0.450
7270.000 0.478
7275.000 0.494
7280.000 0.537
7285.000 0.564
7290.000 0.625
7295.000 0.710
7300.000 0.767
7305.000 0.915
7310.000 1.013
7315.000 1.236
7320.000 1.471
7325.000 1.560
7330.000 1.607
7335.000 1.410
7340.000 1.263
7345.000 0.981
7350.000 0.872
7355.000 0.700
7360.000 0.636
7365.000 0.527
7370.000 0.466
7375.000 0.447
7380.000 0.396
7385.000 0.355
7390.000 0.342
7395.000 0.315
7400.000 0.303
7405.000 0.285
7410.000 0.277
7415.000 0.266
7420.000 0.258
7425.000 0.264
7430.000 0.365
7435.000 0.380
7440.000 0.349
7445.000 0.327
7450.000 0.293
7455.000 0.269
7460.000 0.260
7465.000 0.250
7470.000 0.249
7475.000 0.253
7480.000 0.261
7485.000 0.269
7490.000 0.285
7495.000 0.294
7500.000 0.323
7505.000 0.369
7510.000 0.402
7515.000 0.486
7520.000 0.546
7525.000 0.696
7530.000 0.888
7535.000 1.091
7540.000 1.184
7545.000 1.229
7550.000 1.147
7555.000 0.949
7560.000 0.851
7565.000 0.714
7570.000 0.598
7575.000 0.555
7580.000 0.491
7585.000 0.467
7590.000 0.422
7595.000 0.410
7600.000 0.390
7605.000 0.376
7610.000 0.366
7615.000 0.363
7620.000 0.360
7625.000 0.366
7630.000 0.365
7635.000 0.368
7640.000 0.372
7645.000 0.374
7650.000 0.392
7655.000 0.406
7660.000 0.416
7665.000 0.439
7670.000 0.455
7675.000 0.488
7680.000 0.536
7685.000 0.565
7690.000 0.637
7695.000 0.670
7700.000 0.722
7705.000 0.726
7710.000 0.694
7715.000 0.594
7720.000 0.546
7725.000 0.440
7730.000 0.356
7735.000 0.326
7740.000 0.281
7745.000 0.240
7750.000 0.223
7755.000 0.199
7760.000 0.189
7765.000 0.171
7770.000 0.164
7775.000 0.153
7780.000 0.145
7785.000 0.139
7790.000 0.131
7795.000 0.123
7800.000 0.120
7805.000 0.117
7810.000 0.115
7815.000 0.111
7820.000 0.109
7825.000 0.107
7830.000 0.104
7835.000 0.101
7840.000 0.099
7845.000 0.094
7850.000 0.092
7855.000 0.088
7860.000 0.087
7865.000 0.083
7870.000 0.078
7875.000 0.077
7880.000 0.072
7885.000 0.068
7890.000 0.062
7895.000 0.054
7900.000 0.053
7905.000 0.053
7910.000 0.055
7915.000 0.072
7920.000 0.089
7925.000 0.154
7930.000 0.266
7935.000 0.335
7940.000 0.416
7945.000 0.438
7950.000 0.459
7955.000 0.480
7960.000 0.475
7965.000 0.467
7970.000 0.460
7975.000 0.441
7980.000 0.433
7985.000 0.418
7990.000 0.380
7995.000 0.322
8000.000 0.279
8005.000 0.256
8010.000 0.215
8015.000 0.194
8020.000 0.178
8025.000 0.181
8030.000 0.167
8035.000 0.160
8040.000 0.149
8045.000 0.146
8050.000 0.146
8055.000 0.145
8060.000 0.146
8065.000 0.140
8070.000 0.140
8075.000 0.137
8080.000 0.136
8085.000 0.135
8090.000 0.132
8095.000 0.131
8100.000 0.133
8105.000 0.132
8110.000 0.131
8115.000 0.132
8120.000 0.130
8125.000 0.131
8130.000 0.133
8135.000 0.132
8140.000 0.131
8145.000 0.131
8150.000 0.135
8155.000 0.137
8160.000 0.137
8165.000 0.135
8170.000 0.134
8175.000 0.131
8180.000 0.133
8185.000 0.132
8190.000 0.132
8195.000 0.132
8200.000 0.132
8205.000 0.132
8210.000 0.131
8215.000 0.131
8220.000 0.132
8225.000 0.133
8230.000 0.132
8235.000 0.134
8240.000 0.133
8245.000 0.136
8250.000 0.135
8255.000 0.137
8260.000 0.137
8265.000 0.135
8270.000 0.135
8275.000 0.134
8280.000 0.136
8285.000 0.136
8290.000 0.136
8295.000 0.136
8300.000 0.134
8305.000 0.133
8310.000 0.134
8315.000 0.135
8320.000 0.136
8325.000 0.134
8330.000 0.134
8335.000 0.136
8340.000 0.136
8345.000 0.135
8350.000 0.134
8355.000 0.133
8360.000 0.134
8365.000 0.134
8370.000 0.134
8375.000 0.136
8380.000 0.135
8385.000 0.135
8390.000 0.135
8395.000 0.133
8400.000 0.138
8405.000 0.139
8410.000 0.139
8415.000 0.138
8420.000 0.138
8425.000 0.138
8430.000 0.138
8435.000 0.135
8440.000 0.137
8445.000 0.136
8450.000 0.136
8455.000 0.135
8460.000 0.135
8465.000 0.135
8470.000 0.138
8475.000 0.138
8480.000 0.139
8485.000 0.136
8490.000 0.136
8495.000 0.136
8500.000 0.191
8505.000 0.198
8510.000 0.198
8515.000 0.201
8520.000 0.200
8525.000 0.182
8530.000 0.173
8535.000 0.160
8540.000 0.149
8545.000 0.146
8550.000 0.139
8555.000 0.139
8560.000 0.137
8565.000 0.135
8570.000 0.136
8575.000 0.137
8580.000 0.136
8585.000 0.136
8590.000 0.136
8595.000 0.136
8600.000 0.137
8605.000 0.135
8610.000 0.137
8615.000 0.137
8620.000 0.136
8625.000 0.137
8630.000 0.138
8635.000 0.138
8640.000 0.138
8645.000 0.138
8650.000 0.137
8655.000 0.136
8660.000 0.136
8665.000 0.138
8670.000 0.138
8675.000 0.138
8680.000 0.137
8685.000 0.137
8690.000 0.138
8695.000 0.139
8700.000 0.142
8705.000 0.141
8710.000 0.144
8715.000 0.144
8720.000 0.143
8725.000 0.141
8730.000 0.140
8735.000 0.139
8740.000 0.136
8745.000 0.138
8750.000 0.138
8755.000 0.138
8760.000 0.139
8765.000 0.139
8770.000 0.138
8775.000 0.139
8780.000 0.140
8785.000 0.139
8790.000 0.139
8795.000 0.140
8800.000 0.140
8805.000 0.140
8810.000 0.141
8815.000 0.141
8820.000 0.141
8825.000 0.139
8830.000 0.147
8835.000 0.140
8840.000 0.142
8845.000 0.142
8850.000 0.140
8855.000 0.141
8860.000 0.139
8865.000 0.140
8870.000 0.141
8875.000 0.140
8880.000 0.140
8885.000 0.140
8890.000 0.141
8895.000 0.142
8900.000 0.141
8905.000 0.140
8910.000 0.144
8915.000 0.143
8920.000 0.140
8925.000 0.143
8930.000 0.144
8935.000 0.142
8940.000 0.140
8945.000 0.140
8950.000 0.141
8955.000 0.143
8960.000 0.141
8965.000 0.142
8970.000 0.138
8975.000 0.141
8980.000 0.142
8985.000 0.142
8990.000 0.140
8995.000 0.140
9000.000 0.140
9005.000 0.139
9010.000 0.141
9015.000 0.141
9020.000 0.142
9025.000 0.140
9030.000 0.145
9035.000 0.143
9040.000 0.143
9045.000 0.143
9050.000 0.138
9055.000 0.142
9060.000 0.143
9065.000 0.141
9070.000 0.142
9075.000 0.141
9080.000 0.141
9085.000 0.143
9090.000 0.145
9095.000 0.143
9100.000 0.142
9105.000 0.142
9110.000 0.141
9115.000 0.141
9120.000 0.142
9125.000 0.141
9130.000 0.143
9135.000 0.141
9140.000 0.140
9145.000 0.142
9150.000 0.144
9155.000 0.144
9160.000 0.141
9165.000 0.143
9170.000 0.142
9175.000 0.142
9180.000 0.142
9185.000 0.142
9190.000 0.141
9195.000 0.144
9200.000 0.145
9205.000 0.143
9210.000 0.144
9215.000 0.143
9220.000 0.142
9225.000 0.141
9230.000 0.143
9235.000 0.143
9240.000 0.144
9245.000 0.144
9250.000 0.142
9255.000 0.142
9260.000 0.140
9265.000 0.141
9270.000 0.140
9275.000 0.139
9280.000 0.145
9285.000 0.146
9290.000 0.146
9295.000 0.145
9300.000 0.142
9305.000 0.142
9310.000 0.142
9315.000 0.142
9320.000 0.142
9325.000 0.142
9330.000 0.143
9335.000 0.140
9340.000 0.140
9345.000 0.140
9350.000 0.139
9355.000 0.140
9360.000 0.139
9365.000 0.139
9370.000 0.142
9375.000 0.143
9380.000 0.142
9385.000 0.142
9390.000 0.142
9395.000 0.144
9400.000 0.144
9405.000 0.143
9410.000 0.144
9415.000 0.144
9420.000 0.144
9425.000 0.145
9430.000 0.144
9435.000 0.144
9440.000 0.144
9445.000 0.143
9450.000 0.142
9455.000 0.147
9460.000 0.147
9465.000 0.146
9470.000 0.145
9475.000 0.145
9480.000 0.144
9485.000 0.145
9490.000 0.144
9495.000 0.143
9500.000 0.144
9505.000 0.144
9510.000 0.143
9515.000 0.143
9520.000 0.145
9525.000 0.144
9530.000 0.146
9535.000 0.144
9540.000 0.143
9545.000 0.146
9550.000 0.143
9555.000 0.143
9560.000 0.142
9565.000 0.144
9570.000 0.142
9575.000 0.144
9580.000 0.143
9585.000 0.143
9590.000 0.144
9595.000 0.143
9600.000 0.143
9605.000 0.145
9610.000 0.144
9615.000 0.146
9620.000 0.145
9625.000 0.147
9630.000 0.146
9635.000 0.146
9640.000 0.146
9645.000 0.145
9650.000 0.145
9655.000 0.143
9660.000 0.144
9665.000 0.144
9670.000 0.144
9675.000 0.145
9680.000 0.145
9685.000 0.144
9690.000 0.145
9695.000 0.144
9700.000 0.144
9705.000 0.144
9710.000 0.144
9715.000 0.144
9720.000 0.146
9725.000 0.145
9730.000 0.145
9735.000 0.144
9740.000 0.145
9745.000 0.146
9750.000 0.150
9755.000 0.151
9760.000 0.150
9765.000 0.149
9770.000 0.149
9775.000 0.150
9780.000 0.147
9785.000 0.148
9790.000 0.149
9795.000 0.149
9800.000 0.149
9805.000 0.151
9810.000 0.153
9815.000 0.153
9820.000 0.155
9825.000 0.155
9830.000 0.156
9835.000 0.155
9840.000 0.158
9845.000 0.158
9850.000 0.160
9855.000 0.163
9860.000 0.164
9865.000 0.166
9870.000 0.170
9875.000 0.173
9880.000 0.179
9885.000 0.188
9890.000 0.191
9895.000 0.204
9900.000 0.211
9905.000 0.231
9910.000 0.256
9915.000 0.275
9920.000 0.327
9925.000 0.363
9930.000 0.447
9935.000 0.502
9940.000 0.586
9945.000 0.629
9950.000 0.636
9955.000 0.626
9960.000 0.614
9965.000 0.615
9970.000 0.676
9975.000 0.731
9980.000 0.731
9985.000 0.708
9990.000 0.630
9995.000 0.533
10000.000 0.492
10005.000 0.430
10010.000 0.406
10015.000 0.371
10020.000 0.350
10025.000 0.337
10030.000 0.321
10035.000 0.316
10040.000 0.306
10045.000 0.297
10050.000 0.293
10055.000 0.285
10060.000 0.285
10065.000 0.280
10070.000 0.283
10075.000 0.281
10080.000 0.283
10085.000 0.285
10090.000 0.288
10095.000 0.289
10100.000 0.293
10105.000 0.302
10110.000 0.304
10115.000 0.311
10120.000 0.318
10125.000 0.331
10130.000 0.346
10135.000 0.355
10140.000 0.375
10145.000 0.385
10150.000 0.416
10155.000 0.455
10160.000 0.477
10165.000 0.537
10170.000 0.574
10175.000 0.663
10180.000 0.763
10185.000 0.811
10190.000 0.838
10195.000 0.777
10200.000 0.720
10205.000 0.597
10210.000 0.540
10215.000 0.448
10220.000 0.416
10225.000 0.360
10230.000 0.319
10235.000 0.297
10240.000 0.286
10245.000 0.274
10250.000 0.270
10255.000 0.270
10260.000 0.272
10265.000 0.286
10270.000 0.297
10275.000 0.323
10280.000 0.366
10285.000 0.395
10290.000 0.475
10295.000 0.593
10300.000 0.670
10305.000 0.835
10310.000 0.966
10315.000 0.991
10320.000 0.951
10325.000 0.897
10330.000 0.771
10335.000 0.709
10340.000 0.605
10345.000 0.562
10350.000 0.494
10355.000 0.443
10360.000 0.428
10365.000 0.401
10370.000 0.387
10375.000 0.368
10380.000 0.352
10385.000 0.345
10390.000 0.335
10395.000 0.333
10400.000 0.330
10405.000 0.322
10410.000 0.321
10415.000 0.326
10420.000 0.322
10425.000 0.317
10430.000 0.318
10435.000 0.317
10440.000 0.318
10445.000 0.320
10450.000 0.325
10455.000 0.331
10460.000 0.335
10465.000 0.343
10470.000 0.355
10475.000 0.362
10480.000 0.379
10485.000 0.388
10490.000 0.412
10495.000 0.426
10500.000 0.453
10505.000 0.484
10510.000 0.501
10515.000 0.526
10520.000 0.534
10525.000 0.537
10530.000 0.497
10535.000 0.466
10540.000 0.390
10545.000 0.350
10550.000 0.283
10555.000 0.226
10560.000 0.200
10565.000 0.161
10570.000 0.132
10575.000 0.119
10580.000 0.099
10585.000 0.089
10590.000 0.075
10595.000 0.067
10600.000 0.054
10605.000 0.045
10610.000 0.041
10615.000 0.035
10620.000 0.034
10625.000 0.030
10630.000 0.030
10635.000 0.029
10640.000 0.033
10645.000 0.036
10650.000 0.045
10655.000 0.058
10660.000 0.068
10665.000 0.094
10670.000 0.114
10675.000 0.172
10680.000 0.223
10685.000 0.282
10690.000 0.372
10695.000 0.406
10700.000 0.474
10705.000 0.538
10710.000 0.573
10715.000 0.651
10720.000 0.728
10725.000 0.758
10730.000 0.783
10735.000 0.781
10740.000 0.753
10745.000 0.725
10750.000 0.663
10755.000 0.632
10760.000 0.578
10765.000 0.525
10770.000 0.479
10775.000 0.460
10780.000 0.442
10785.000 0.413
10790.000 0.385
10795.000 0.364
10800.000 0.356
10805.000 0.351
10810.000 0.338
10815.000 0.327
10820.000 0.325
10825.000 0.323
10830.000 0.326
10835.000 0.331
10840.000 0.343
10845.000 0.347
10850.000 0.350
10855.000 0.350
10860.000 0.337
10865.000 0.308
10870.000 0.286
10875.000 0.234
10880.000 0.205
10885.000 0.154
10890.000 0.118
10895.000 0.102
10900.000 0.082
10905.000 0.071
10910.000 0.069
10915.000 0.065
10920.000 0.065
10925.000 0.066
10930.000 0.067
10935.000 0.069
10940.000 0.072
10945.000 0.072
10950.000 0.073
10955.000 0.074
10960.000 0.076
10965.000 0.077
10970.000 0.075
10975.000 0.080
10980.000 0.080
10985.000 0.079
10990.000 0.077
10995.000 0.077
11000.000 0.076
11005.000 0.076
11010.000 0.075
11015.000 0.077
11020.000 0.075
11025.000 0.082
11030.000 0.086
11035.000 0.107
11040.000 0.136
11045.000 0.162
11050.000 0.228
11055.000 0.295
11060.000 0.326
11065.000 0.371
11070.000 0.376
11075.000 0.375
11080.000 0.369
11085.000 0.343
11090.000 0.314
11095.000 0.302
11100.000 0.273
11105.000 0.259
11110.000 0.227
11115.000 0.191
11120.000 0.175
11125.000 0.151
11130.000 0.143
11135.000 0.133
11140.000 0.130
11145.000 0.129
11150.000 0.130
11155.000 0.130
11160.000 0.129
11165.000 0.132
11170.000 0.132
11175.000 0.132
11180.000 0.133
11185.000 0.142
11190.000 0.141
11195.000 0.141
11200.000 0.139
11205.000 0.141
11210.000 0.137
11215.000 0.137
11220.000 0.136
11225.000 0.136
11230.000 0.136
11235.000 0.135
11240.000 0.135
11245.000 0.134
11250.000 0.135
11255.000 0.134
11260.000 0.134
11265.000 0.135
11270.000 0.136
11275.000 0.136
11280.000 0.136
11285.000 0.134
11290.000 0.134
11295.000 0.134
11300.000 0.134
11305.000 0.134
11310.000 0.136
11315.000 0.135
11320.000 0.136
11325.000 0.136
11330.000 0.136
11335.000 0.136
11340.000 0.136
11345.000 0.136
11350.000 0.135
11355.000 0.136
11360.000 0.135
11365.000 0.136
11370.000 0.137
11375.000 0.135
11380.000 0.134
11385.000 0.136
11390.000 0.136
11395.000 0.136
11400.000 0.135
11405.000 0.135
11410.000 0.135
11415.000 0.135
11420.000 0.135
11425.000 0.133
11430.000 0.135
11435.000 0.136
11440.000 0.135
11445.000 0.135
11450.000 0.136
11455.000 0.135
11460.000 0.136
11465.000 0.137
11470.000 0.134
11475.000 0.135
11480.000 0.136
11485.000 0.137
11490.000 0.134
11495.000 0.135
11500.000 0.135
11505.000 0.134
11510.000 0.136
11515.000 0.135
11520.000 0.134
11525.000 0.137
11530.000 0.134
11535.000 0.134
11540.000 0.134
11545.000 0.133
11550.000 0.134
11555.000 0.136
11560.000 0.135
11565.000 0.135
11570.000 0.135
11575.000 0.134
11580.000 0.134
11585.000 0.134
11590.000 0.133
11595.000 0.134
11600.000 0.134
11605.000 0.133
11610.000 0.133
11615.000 0.133
11620.000 0.133
11625.000 0.133
11630.000 0.134
11635.000 0.134
11640.000 0.134
11645.000 0.133
11650.000 0.134
11655.000 0.133
11660.000 0.134
11665.000 0.133
11670.000 0.133
11675.000 0.134
11680.000 0.134
11685.000 0.134
11690.000 0.133
11695.000 0.132
11700.000 0.134
11705.000 0.133
11710.000 0.134
11715.000 0.133
11720.000 0.134
11725.000 0.134
11730.000 0.135
11735.000 0.133
11740.000 0.132
11745.000 0.133
11750.000 0.133
11755.000 0.133
11760.000 0.131
11765.000 0.131
11770.000 0.131
11775.000 0.133
11780.000 0.134
11785.000 0.132
11790.000 0.132
11795.000 0.131
11800.000 0.132
11805.000 0.134
11810.000 0.134
11815.000 0.132
11820.000 0.131
11825.000 0.133
11830.000 0.133
11835.000 0.132
11840.000 0.132
11845.000 0.130
11850.000 0.131
11855.000 0.131
11860.000 0.131
11865.000 0.130
11870.000 0.132
11875.000 0.132
11880.000 0.132
11885.000 0.133
11890.000 0.133
11895.000 0.132
11900.000 0.133
11905.000 0.131
11910.000 0.132
11915.000 0.130
11920.000 0.130
11925.000 0.131
11930.000 0.131
11935.000 0.132
11940.000 0.131
11945.000 0.132
11950.000 0.132
11955.000 0.130
11960.000 0.130
11965.000 0.130
11970.000 0.130
11975.000 0.131
11980.000 0.130
11985.000 0.129
11990.000 0.129
11995.000 0.129
12000.000 0.131
