105.000 0.037
110.000 0.782
115.000 0.974
120.000 1.060
125.000 1.146
130.000 1.256
135.000 1.273
140.000 1.334
145.000 1.335
150.000 1.280
155.000 1.302
160.000 1.271
165.000 1.251
170.000 1.205
175.000 1.208
180.000 1.191
185.000 1.182
190.000 1.188
195.000 1.197
200.000 1.176
205.000 1.176
210.000 1.280
215.000 1.226
220.000 1.260
225.000 1.315
230.000 1.314
235.000 1.326
240.000 1.365
245.000 1.378
250.000 1.354
255.000 1.412
260.000 1.415
265.000 1.420
270.000 1.444
275.000 1.457
280.000 1.464
285.000 1.464
290.000 1.462
295.000 1.452
300.000 1.450
305.000 1.440
310.000 1.452
315.000 1.464
320.000 1.475
325.000 1.487
330.000 1.521
335.000 1.586
340.000 1.622
345.000 1.692
350.000 1.752
355.000 1.836
360.000 1.919
365.000 1.969
370.000 2.030
375.000 2.139
380.000 2.242
385.000 2.380
390.000 2.502
395.000 2.608
400.000 2.689
405.000 2.753
410.000 2.753
415.000 2.703
420.000 2.571
425.000 2.474
430.000 2.239
435.000 1.981
440.000 1.739
445.000 1.518
450.000 1.327
455.000 1.181
460.000 1.055
465.000 0.976
470.000 0.911
475.000 0.844
480.000 0.783
485.000 0.740
490.000 0.717
495.000 0.664
500.000 0.620
505.000 0.593
510.000 0.557
515.000 0.532
520.000 0.500
525.000 0.478
530.000 0.444
535.000 0.429
540.000 0.407
545.000 0.396
550.000 0.383
555.000 0.366
560.000 0.347
565.000 0.322
570.000 0.305
575.000 0.290
580.000 0.281
585.000 0.267
590.000 0.260
595.000 0.245
600.000 0.237
605.000 0.234
610.000 0.220
615.000 0.214
620.000 0.209
625.000 0.200
630.000 0.196
635.000 0.194
640.000 0.190
645.000 0.183
650.000 0.175
655.000 0.173
660.000 0.166
665.000 0.167
670.000 0.165
675.000 0.160
680.000 0.158
685.000 0.157
690.000 0.148
695.000 0.147
700.000 0.144
705.000 0.146
710.000 0.143
715.000 0.139
720.000 0.134
725.000 0.134
730.000 0.137
735.000 0.133
740.000 0.130
745.000 0.128
750.000 0.126
755.000 0.124
760.000 0.125
765.000 0.125
770.000 0.122
775.000 0.122
780.000 0.118
785.000 0.119
790.000 0.120
795.000 0.118
800.000 0.118
805.000 0.117
810.000 0.118
815.000 0.115
820.000 0.117
825.000 0.115
830.000 0.114
835.000 0.113
840.000 0.111
845.000 0.115
850.000 0.110
855.000 0.111
860.000 0.110
865.000 0.106
870.000 0.109
875.000 0.107
880.000 0.107
885.000 0.105
890.000 0.107
895.000 0.107
900.000 0.101
905.000 0.107
910.000 0.109
915.000 0.107
920.000 0.104
925.000 0.106
930.000 0.105
935.000 0.105
940.000 0.105
945.000 0.106
950.000 0.102
955.000 0.103
960.000 0.107
965.000 0.102
970.000 0.106
975.000 0.103
980.000 0.100
985.000 0.106
990.000 0.102
995.000 0.102
1000.000 0.106
1005.000 0.102
1010.000 0.098
1015.000 0.104
1020.000 0.103
1025.000 0.101
1030.000 0.101
1035.000 0.103
1040.000 0.106
1045.000 0.102
1050.000 0.100
1055.000 0.102
1060.000 0.100
1065.000 0.102
1070.000 0.100
1075.000 0.101
1080.000 0.102
1085.000 0.101
1090.000 0.101
1095.000 0.103
1100.000 0.100
1105.000 0.102
1110.000 0.099
1115.000 0.100
1120.000 0.100
1125.000 0.098
1130.000 0.100
1135.000 0.100
1140.000 0.102
1145.000 0.102
1150.000 0.101
1155.000 0.101
1160.000 0.102
1165.000 0.100
1170.000 0.104
1175.000 0.103
1180.000 0.100
1185.000 0.103
1190.000 0.103
1195.000 0.104
1200.000 0.102
1205.000 0.102
1210.000 0.104
1215.000 0.104
1220.000 0.103
1225.000 0.101
1230.000 0.104
1235.000 0.103
1240.000 0.104
1245.000 0.105
1250.000 0.104
1255.000 0.103
1260.000 0.104
1265.000 0.103
1270.000 0.105
1275.000 0.105
1280.000 0.104
1285.000 0.104
1290.000 0.105
1295.000 0.105
1300.000 0.108
1305.000 0.106
1310.000 0.106
1315.000 0.106
1320.000 0.105
1325.000 0.107
1330.000 0.108
1335.000 0.109
1340.000 0.105
1345.000 0.108
1350.000 0.107
1355.000 0.108
1360.000 0.108
1365.000 0.108
1370.000 0.108
1375.000 0.106
1380.000 0.107
1385.000 0.109
1390.000 0.110
1395.000 0.109
1400.000 0.108
1405.000 0.110
1410.000 0.112
1415.000 0.112
1420.000 0.112
1425.000 0.111
1430.000 0.113
1435.000 0.111
1440.000 0.112
1445.000 0.110
1450.000 0.109
1455.000 0.110
1460.000 0.109
1465.000 0.114
1470.000 0.110
1475.000 0.110
1480.000 0.107
1485.000 0.106
1490.000 0.107
1495.000 0.108
1500.000 0.108
1505.000 0.106
1510.000 0.109
1515.000 0.113
1520.000 0.110
1525.000 0.112
1530.000 0.113
1535.000 0.114
1540.000 0.117
1545.000 0.117
1550.000 0.117
1555.000 0.118
1560.000 0.120
1565.000 0.120
1570.000 0.121
1575.000 0.123
1580.000 0.124
1585.000 0.125
1590.000 0.126
1595.000 0.132
1600.000 0.129
1605.000 0.130
1610.000 0.130
1615.000 0.133
1620.000 0.136
1625.000 0.133
1630.000 0.138
1635.000 0.136
1640.000 0.139
1645.000 0.142
1650.000 0.143
1655.000 0.144
1660.000 0.149
1665.000 0.152
1670.000 0.149
1675.000 0.150
1680.000 0.153
1685.000 0.158
1690.000 0.159
1695.000 0.161
1700.000 0.163
1705.000 0.163
1710.000 0.162
1715.000 0.169
1720.000 0.170
1725.000 0.172
1730.000 0.174
1735.000 0.181
1740.000 0.180
1745.000 0.184
1750.000 0.185
1755.000 0.188
1760.000 0.195
1765.000 0.196
1770.000 0.195
1775.000 0.198
1780.000 0.201
1785.000 0.203
1790.000 0.205
1795.000 0.208
1800.000 0.210
1805.000 0.216
1810.000 0.216
1815.000 0.217
1820.000 0.219
1825.000 0.220
1830.000 0.219
1835.000 0.220
1840.000 0.221
1845.000 0.223
1850.000 0.223
1855.000 0.222
1860.000 0.222
1865.000 0.225
1870.000 0.222
1875.000 0.220
1880.000 0.219
1885.000 0.219
1890.000 0.217
1895.000 0.215
1900.000 0.213
1905.000 0.210
1910.000 0.211
1915.000 0.206
1920.000 0.205
1925.000 0.200
1930.000 0.201
1935.000 0.197
1940.000 0.196
1945.000 0.194
1950.000 0.194
1955.000 0.191
1960.000 0.187
1965.000 0.183
1970.000 0.186
1975.000 0.180
1980.000 0.180
1985.000 0.173
1990.000 0.177
1995.000 0.173
2000.000 0.167
2005.000 0.170
2010.000 0.171
2015.000 0.163
2020.000 0.163
2025.000 0.157
2030.000 0.159
2035.000 0.157
2040.000 0.161
2045.000 0.154
2050.000 0.151
2055.000 0.146
2060.000 0.151
2065.000 0.149
2070.000 0.147
2075.000 0.144
2080.000 0.142
2085.000 0.143
2090.000 0.137
2095.000 0.138
2100.000 0.136
2105.000 0.137
2110.000 0.137
2115.000 0.133
2120.000 0.132
2125.000 0.130
2130.000 0.132
2135.000 0.129
2140.000 0.127
2145.000 0.129
2150.000 0.125
2155.000 0.125
2160.000 0.122
2165.000 0.120
2170.000 0.119
2175.000 0.131
2180.000 0.133
2185.000 0.126
2190.000 0.130
2195.000 0.124
2200.000 0.116
2205.000 0.112
2210.000 0.108
2215.000 0.103
2220.000 0.096
2225.000 0.095
2230.000 0.091
2235.000 0.084
2240.000 0.077
2245.000 0.071
2250.000 0.065
2255.000 0.063
2260.000 0.073
2265.000 0.116
2270.000 0.294
2275.000 0.709
2280.000 1.600
2285.000 3.621
2290.000 7.357
2295.000 10.306
2300.000 3.228
2305.000 0.980
2310.000 0.101
2315.000 0.140
2320.000 0.023
2325.000 0.052
2330.000 0.071
2335.000 0.077
2340.000 0.081
2345.000 0.083
2350.000 0.082
2355.000 0.083
2360.000 0.083
2365.000 0.084
2370.000 0.083
2375.000 0.083
2380.000 0.082
2385.000 0.082
2390.000 0.083
2395.000 0.083
2400.000 0.082
2405.000 0.083
2410.000 0.083
2415.000 0.083
2420.000 0.084
2425.000 0.084
2430.000 0.084
2435.000 0.083
2440.000 0.083
2445.000 0.084
2450.000 0.085
2455.000 0.084
2460.000 0.085
2465.000 0.086
2470.000 0.085
2475.000 0.086
2480.000 0.086
2485.000 0.086
2490.000 0.086
2495.000 0.086
2500.000 0.087
2505.000 0.087
2510.000 0.087
2515.000 0.089
2520.000 0.089
2525.000 0.090
2530.000 0.091
2535.000 0.091
2540.000 0.092
2545.000 0.091
2550.000 0.092
2555.000 0.093
2560.000 0.093
2565.000 0.094
2570.000 0.094
2575.000 0.095
2580.000 0.095
2585.000 0.096
2590.000 0.097
2595.000 0.097
2600.000 0.099
2605.000 0.099
2610.000 0.100
2615.000 0.100
2620.000 0.102
2625.000 0.102
2630.000 0.103
2635.000 0.105
2640.000 0.105
2645.000 0.107
2650.000 0.108
2655.000 0.108
2660.000 0.110
2665.000 0.113
2670.000 0.112
2675.000 0.115
2680.000 0.115
2685.000 0.116
2690.000 0.118
2695.000 0.120
2700.000 0.122
2705.000 0.123
2710.000 0.125
2715.000 0.126
2720.000 0.127
2725.000 0.130
2730.000 0.133
2735.000 0.132
2740.000 0.134
2745.000 0.136
2750.000 0.137
2755.000 0.138
2760.000 0.139
2765.000 0.141
2770.000 0.143
2775.000 0.145
2780.000 0.145
2785.000 0.148
2790.000 0.149
2795.000 0.150
2800.000 0.153
2805.000 0.154
2810.000 0.155
2815.000 0.156
2820.000 0.159
2825.000 0.160
2830.000 0.162
2835.000 0.164
2840.000 0.165
2845.000 0.167
2850.000 0.168
2855.000 0.170
2860.000 0.172
2865.000 0.173
2870.000 0.173
2875.000 0.175
2880.000 0.176
2885.000 0.176
2890.000 0.178
2895.000 0.180
2900.000 0.181
2905.000 0.182
2910.000 0.183
2915.000 0.184
2920.000 0.183
2925.000 0.185
2930.000 0.184
2935.000 0.185
2940.000 0.185
2945.000 0.185
2950.000 0.185
2955.000 0.190
2960.000 0.190
2965.000 0.191
2970.000 0.186
2975.000 0.187
2980.000 0.183
2985.000 0.187
2990.000 0.186
2995.000 0.188
3000.000 0.185
3005.000 0.189
3010.000 0.191
3015.000 0.186
3020.000 0.191
3025.000 0.190
3030.000 0.192
3035.000 0.188
3040.000 0.186
3045.000 0.188
3050.000 0.191
3055.000 0.189
3060.000 0.188
3065.000 0.190
3070.000 0.192
3075.000 0.189
3080.000 0.191
3085.000 0.190
3090.000 0.190
3095.000 0.188
3100.000 0.191
3105.000 0.190
3110.000 0.188
3115.000 0.187
3120.000 0.188
3125.000 0.189
3130.000 0.188
3135.000 0.187
3140.000 0.188
3145.000 0.186
3150.000 0.186
3155.000 0.186
3160.000 0.189
3165.000 0.188
3170.000 0.187
3175.000 0.186
3180.000 0.186
3185.000 0.185
3190.000 0.185
3195.000 0.186
3200.000 0.185
3205.000 0.187
3210.000 0.186
3215.000 0.185
3220.000 0.187
3225.000 0.187
3230.000 0.186
3235.000 0.186
3240.000 0.188
3245.000 0.189
3250.000 0.189
3255.000 0.189
3260.000 0.189
3265.000 0.192
3270.000 0.192
3275.000 0.195
3280.000 0.196
3285.000 0.194
3290.000 0.193
3295.000 0.194
3300.000 0.196
3305.000 0.198
3310.000 0.199
3315.000 0.200
3320.000 0.201
3325.000 0.203
3330.000 0.204
3335.000 0.205
3340.000 0.208
3345.000 0.210
3350.000 0.209
3355.000 0.212
3360.000 0.215
3365.000 0.216
3370.000 0.219
3375.000 0.219
3380.000 0.222
3385.000 0.224
3390.000 0.227
3395.000 0.229
3400.000 0.234
3405.000 0.236
3410.000 0.238
3415.000 0.241
3420.000 0.245
3425.000 0.250
3430.000 0.253
3435.000 0.257
3440.000 0.262
3445.000 0.267
3450.000 0.271
3455.000 0.277
3460.000 0.283
3465.000 0.290
3470.000 0.294
3475.000 0.299
3480.000 0.307
3485.000 0.318
3490.000 0.320
3495.000 0.326
3500.000 0.332
3505.000 0.342
3510.000 0.348
3515.000 0.356
3520.000 0.368
3525.000 0.374
3530.000 0.379
3535.000 0.390
3540.000 0.400
3545.000 0.413
3550.000 0.425
3555.000 0.442
3560.000 0.457
3565.000 0.475
3570.000 0.493
3575.000 0.515
3580.000 0.542
3585.000 0.566
3590.000 0.581
3595.000 0.609
3600.000 0.646
3605.000 0.687
3610.000 0.733
3615.000 0.791
3620.000 0.856
3625.000 0.953
3630.000 1.070
3635.000 1.230
3640.000 1.457
3645.000 1.775
3650.000 1.992
3655.000 2.572
3660.000 3.546
3665.000 5.835
3670.000 11.702
3675.000 18.329
3680.000 16.807
3685.000 10.465
3690.000 6.006
3695.000 3.886
3700.000 2.649
3705.000 1.936
3710.000 1.479
3715.000 1.310
3720.000 1.049
3725.000 0.866
3730.000 0.731
3735.000 0.631
3740.000 0.555
3745.000 0.494
3750.000 0.445
3755.000 0.406
3760.000 0.371
3765.000 0.343
3770.000 0.318
3775.000 0.308
3780.000 0.289
3785.000 0.272
3790.000 0.259
3795.000 0.246
3800.000 0.235
3805.000 0.225
3810.000 0.215
3815.000 0.208
3820.000 0.200
3825.000 0.193
3830.000 0.189
3835.000 0.184
3840.000 0.178
3845.000 0.173
3850.000 0.168
3855.000 0.164
3860.000 0.159
3865.000 0.155
3870.000 0.151
3875.000 0.147
3880.000 0.145
3885.000 0.142
3890.000 0.139
3895.000 0.136
3900.000 0.135
3905.000 0.133
3910.000 0.130
3915.000 0.127
3920.000 0.126
3925.000 0.124
3930.000 0.123
3935.000 0.121
3940.000 0.119
3945.000 0.116
3950.000 0.116
3955.000 0.114
3960.000 0.115
3965.000 0.113
3970.000 0.109
3975.000 0.110
3980.000 0.108
3985.000 0.104
3990.000 0.103
3995.000 0.102
4000.000 0.104
4005.000 0.100
4010.000 0.099
4015.000 0.102
4020.000 0.103
4025.000 0.102
4030.000 0.101
4035.000 0.095
4040.000 0.097
4045.000 0.095
4050.000 0.098
4055.000 0.096
4060.000 0.096
4065.000 0.094
4070.000 0.095
4075.000 0.094
4080.000 0.092
4085.000 0.093
4090.000 0.093
4095.000 0.093
4100.000 0.092
4105.000 0.092
4110.000 0.091
4115.000 0.091
4120.000 0.090
4125.000 0.091
4130.000 0.091
4135.000 0.090
4140.000 0.090
4145.000 0.089
4150.000 0.090
4155.000 0.089
4160.000 0.090
4165.000 0.089
4170.000 0.089
4175.000 0.089
4180.000 0.089
4185.000 0.089
4190.000 0.088
4195.000 0.089
4200.000 0.089
4205.000 0.088
4210.000 0.089
4215.000 0.088
4220.000 0.088
4225.000 0.087
4230.000 0.088
4235.000 0.088
4240.000 0.087
4245.000 0.087
4250.000 0.088
4255.000 0.085
4260.000 0.087
4265.000 0.087
4270.000 0.086
4275.000 0.086
4280.000 0.086
4285.000 0.085
4290.000 0.084
4295.000 0.085
4300.000 0.084
4305.000 0.082
4310.000 0.082
4315.000 0.082
4320.000 0.081
4325.000 0.081
4330.000 0.079
4335.000 0.080
4340.000 0.079
4345.000 0.078
4350.000 0.079
4355.000 0.078
4360.000 0.078
4365.000 0.078
4370.000 0.077
4375.000 0.077
4380.000 0.077
4385.000 0.078
4390.000 0.077
4395.000 0.076
4400.000 0.077
4405.000 0.077
4410.000 0.078
4415.000 0.077
4420.000 0.077
4425.000 0.078
4430.000 0.077
4435.000 0.077
4440.000 0.076
4445.000 0.077
4450.000 0.077
4455.000 0.077
4460.000 0.076
4465.000 0.077
4470.000 0.077
4475.000 0.077
4480.000 0.076
4485.000 0.077
4490.000 0.076
4495.000 0.077
4500.000 0.077
4505.000 0.076
4510.000 0.078
4515.000 0.076
4520.000 0.078
4525.000 0.077
4530.000 0.077
4535.000 0.076
4540.000 0.077
4545.000 0.077
4550.000 0.077
4555.000 0.077
4560.000 0.077
4565.000 0.077
4570.000 0.077
4575.000 0.077
4580.000 0.077
4585.000 0.078
4590.000 0.077
4595.000 0.077
4600.000 0.077
4605.000 0.078
4610.000 0.078
4615.000 0.078
4620.000 0.077
4625.000 0.077
4630.000 0.077
4635.000 0.077
4640.000 0.078
4645.000 0.077
4650.000 0.077
4655.000 0.077
4660.000 0.077
4665.000 0.077
4670.000 0.077
4675.000 0.077
4680.000 0.077
4685.000 0.077
4690.000 0.077
4695.000 0.077
4700.000 0.077
4705.000 0.078
4710.000 0.077
4715.000 0.078
4720.000 0.077
4725.000 0.078
4730.000 0.077
4735.000 0.078
4740.000 0.078
4745.000 0.078
4750.000 0.078
4755.000 0.078
4760.000 0.078
4765.000 0.078
4770.000 0.078
4775.000 0.078
4780.000 0.079
4785.000 0.079
4790.000 0.079
4795.000 0.079
4800.000 0.079
4805.000 0.079
4810.000 0.078
4815.000 0.080
4820.000 0.080
4825.000 0.080
4830.000 0.080
4835.000 0.081
4840.000 0.081
4845.000 0.081
4850.000 0.082
4855.000 0.083
4860.000 0.084
4865.000 0.084
4870.000 0.084
4875.000 0.086
4880.000 0.087
4885.000 0.089
4890.000 0.093
4895.000 0.096
4900.000 0.102
4905.000 0.113
4910.000 0.130
4915.000 0.165
4920.000 0.251
4925.000 0.564
4930.000 0.920
4935.000 2.212
4940.000 3.312
4945.000 0.506
4950.000 0.502
4955.000 0.128
4960.000 0.381
4965.000 0.555
4970.000 0.211
4975.000 0.156
4980.000 0.118
4985.000 0.106
4990.000 0.093
4995.000 0.086
5000.000 0.083
5005.000 0.075
5010.000 0.073
5015.000 0.069
5020.000 0.072
5025.000 0.071
5030.000 0.069
5035.000 0.068
5040.000 0.066
5045.000 0.067
5050.000 0.066
5055.000 0.068
5060.000 0.066
5065.000 0.066
5070.000 0.067
5075.000 0.066
5080.000 0.066
5085.000 0.065
5090.000 0.065
5095.000 0.065
5100.000 0.065
5105.000 0.065
5110.000 0.065
5115.000 0.064
5120.000 0.065
5125.000 0.064
5130.000 0.065
5135.000 0.064
5140.000 0.064
5145.000 0.063
5150.000 0.064
5155.000 0.064
5160.000 0.064
5165.000 0.064
5170.000 0.065
5175.000 0.065
5180.000 0.065
5185.000 0.064
5190.000 0.064
5195.000 0.065
5200.000 0.065
5205.000 0.065
5210.000 0.066
5215.000 0.066
5220.000 0.066
5225.000 0.067
5230.000 0.068
5235.000 0.068
5240.000 0.068
5245.000 0.069
5250.000 0.069
5255.000 0.069
5260.000 0.070
5265.000 0.072
5270.000 0.072
5275.000 0.072
5280.000 0.073
5285.000 0.073
5290.000 0.075
5295.000 0.075
5300.000 0.077
5305.000 0.077
5310.000 0.078
5315.000 0.078
5320.000 0.081
5325.000 0.082
5330.000 0.082
5335.000 0.083
5340.000 0.085
5345.000 0.087
5350.000 0.088
5355.000 0.090
5360.000 0.090
5365.000 0.092
5370.000 0.094
5375.000 0.095
5380.000 0.097
5385.000 0.099
5390.000 0.100
5395.000 0.102
5400.000 0.104
5405.000 0.105
5410.000 0.107
5415.000 0.109
5420.000 0.109
5425.000 0.112
5430.000 0.114
5435.000 0.117
5440.000 0.118
5445.000 0.120
5450.000 0.121
5455.000 0.123
5460.000 0.124
5465.000 0.126
5470.000 0.127
5475.000 0.127
5480.000 0.128
5485.000 0.129
5490.000 0.131
5495.000 0.131
5500.000 0.135
5505.000 0.134
5510.000 0.134
5515.000 0.138
5520.000 0.140
5525.000 0.141
5530.000 0.141
5535.000 0.142
5540.000 0.142
5545.000 0.143
5550.000 0.142
5555.000 0.141
5560.000 0.143
5565.000 0.144
5570.000 0.145
5575.000 0.147
5580.000 0.148
5585.000 0.147
5590.000 0.150
5595.000 0.151
5600.000 0.152
5605.000 0.153
5610.000 0.153
5615.000 0.153
5620.000 0.154
5625.000 0.155
5630.000 0.156
5635.000 0.157
5640.000 0.158
5645.000 0.160
5650.000 0.161
5655.000 0.162
5660.000 0.163
5665.000 0.163
5670.000 0.165
5675.000 0.166
5680.000 0.166
5685.000 0.168
5690.000 0.168
5695.000 0.170
5700.000 0.172
5705.000 0.171
5710.000 0.172
5715.000 0.174
5720.000 0.174
5725.000 0.175
5730.000 0.177
5735.000 0.180
5740.000 0.182
5745.000 0.184
5750.000 0.186
5755.000 0.186
5760.000 0.189
5765.000 0.189
5770.000 0.192
5775.000 0.192
5780.000 0.195
5785.000 0.194
5790.000 0.198
5795.000 0.199
5800.000 0.201
5805.000 0.202
5810.000 0.203
5815.000 0.206
5820.000 0.209
5825.000 0.211
5830.000 0.212
5835.000 0.215
5840.000 0.218
5845.000 0.219
5850.000 0.222
5855.000 0.224
5860.000 0.226
5865.000 0.230
5870.000 0.231
5875.000 0.236
5880.000 0.239
5885.000 0.243
5890.000 0.247
5895.000 0.251
5900.000 0.252
5905.000 0.254
5910.000 0.258
5915.000 0.260
5920.000 0.266
5925.000 0.271
5930.000 0.273
5935.000 0.279
5940.000 0.282
5945.000 0.288
5950.000 0.290
5955.000 0.299
5960.000 0.305
5965.000 0.301
5970.000 0.312
5975.000 0.313
5980.000 0.320
5985.000 0.327
5990.000 0.331
5995.000 0.335
6000.000 0.343
6005.000 0.347
6010.000 0.355
6015.000 0.364
6020.000 0.367
6025.000 0.376
6030.000 0.379
6035.000 0.385
6040.000 0.393
6045.000 0.401
6050.000 0.411
6055.000 0.418
6060.000 0.428
6065.000 0.434
6070.000 0.446
6075.000 0.460
6080.000 0.465
6085.000 0.477
6090.000 0.493
6095.000 0.506
6100.000 0.520
6105.000 0.537
6110.000 0.555
6115.000 0.577
6120.000 0.601
6125.000 0.627
6130.000 0.652
6135.000 0.684
6140.000 0.718
6145.000 0.737
6150.000 0.779
6155.000 0.829
6160.000 0.886
6165.000 0.951
6170.000 1.037
6175.000 1.143
6180.000 1.276
6185.000 1.393
6190.000 1.418
6195.000 1.318
6200.000 1.165
6205.000 1.091
6210.000 0.931
6215.000 1.024
6220.000 1.076
6225.000 1.109
6230.000 1.111
6235.000 1.088
6240.000 1.050
6245.000 1.003
6250.000 0.946
6255.000 0.888
6260.000 0.832
6265.000 0.780
6270.000 0.754
6275.000 0.706
6280.000 0.663
6285.000 0.620
6290.000 0.584
6295.000 0.552
6300.000 0.525
6305.000 0.508
6310.000 0.480
6315.000 0.467
6320.000 0.437
6325.000 0.422
6330.000 0.400
6335.000 0.379
6340.000 0.365
6345.000 0.352
6350.000 0.339
6355.000 0.327
6360.000 0.312
6365.000 0.302
6370.000 0.292
6375.000 0.283
6380.000 0.275
6385.000 0.266
6390.000 0.264
6395.000 0.254
6400.000 0.246
6405.000 0.240
6410.000 0.238
6415.000 0.230
6420.000 0.223
6425.000 0.219
6430.000 0.211
6435.000 0.210
6440.000 0.206
6445.000 0.200
6450.000 0.199
6455.000 0.195
6460.000 0.192
6465.000 0.185
6470.000 0.181
6475.000 0.178
6480.000 0.176
6485.000 0.172
6490.000 0.168
6495.000 0.167
6500.000 0.167
6505.000 0.188
6510.000 0.351
6515.000 0.637
6520.000 1.966
6525.000 3.738
6530.000 2.888
6535.000 0.380
6540.000 0.330
6545.000 0.164
6550.000 0.153
6555.000 0.140
6560.000 0.134
6565.000 0.127
6570.000 0.125
6575.000 0.121
6580.000 0.117
6585.000 0.114
6590.000 0.113
6595.000 0.110
6600.000 0.109
6605.000 0.107
6610.000 0.106
6615.000 0.105
6620.000 0.103
6625.000 0.103
6630.000 0.104
6635.000 0.103
6640.000 0.102
6645.000 0.101
6650.000 0.101
6655.000 0.100
6660.000 0.102
6665.000 0.100
6670.000 0.099
6675.000 0.100
6680.000 0.100
6685.000 0.099
6690.000 0.099
6695.000 0.099
6700.000 0.097
6705.000 0.098
6710.000 0.098
6715.000 0.098
6720.000 0.099
6725.000 0.097
6730.000 0.098
6735.000 0.097
6740.000 0.097
6745.000 0.097
6750.000 0.097
6755.000 0.097
6760.000 0.096
6765.000 0.096
6770.000 0.096
6775.000 0.095
6780.000 0.096
6785.000 0.095
6790.000 0.096
6795.000 0.096
6800.000 0.095
6805.000 0.096
6810.000 0.096
6815.000 0.095
6820.000 0.095
6825.000 0.095
6830.000 0.095
6835.000 0.095
6840.000 0.095
6845.000 0.094
6850.000 0.095
6855.000 0.094
6860.000 0.094
6865.000 0.095
6870.000 0.095
6875.000 0.094
6880.000 0.094
6885.000 0.094
6890.000 0.094
6895.000 0.096
6900.000 0.095
6905.000 0.094
6910.000 0.094
6915.000 0.094
6920.000 0.094
6925.000 0.094
6930.000 0.094
6935.000 0.095
6940.000 0.094
6945.000 0.093
6950.000 0.094
6955.000 0.095
6960.000 0.096
6965.000 0.097
6970.000 0.092
6975.000 0.095
6980.000 0.093
6985.000 0.094
6990.000 0.092
6995.000 0.092
7000.000 0.093
7005.000 0.094
7010.000 0.092
7015.000 0.096
7020.000 0.092
7025.000 0.093
7030.000 0.092
7035.000 0.096
7040.000 0.096
7045.000 0.095
7050.000 0.093
7055.000 0.095
7060.000 0.095
7065.000 0.094
7070.000 0.095
7075.000 0.096
7080.000 0.094
7085.000 0.097
7090.000 0.095
7095.000 0.096
7100.000 0.096
7105.000 0.095
7110.000 0.095
7115.000 0.095
7120.000 0.095
7125.000 0.095
7130.000 0.095
7135.000 0.094
7140.000 0.095
7145.000 0.096
7150.000 0.095
7155.000 0.095
7160.000 0.095
7165.000 0.095
7170.000 0.095
7175.000 0.094
7180.000 0.094
7185.000 0.094
7190.000 0.095
7195.000 0.094
7200.000 0.095
7205.000 0.094
7210.000 0.095
7215.000 0.095
7220.000 0.095
7225.000 0.095
7230.000 0.095
7235.000 0.095
7240.000 0.095
7245.000 0.095
7250.000 0.097
7255.000 0.095
7260.000 0.096
7265.000 0.097
7270.000 0.097
7275.000 0.097
7280.000 0.097
7285.000 0.097
7290.000 0.098
7295.000 0.097
7300.000 0.097
7305.000 0.098
7310.000 0.098
7315.000 0.098
7320.000 0.099
7325.000 0.097
7330.000 0.097
7335.000 0.100
7340.000 0.097
7345.000 0.099
7350.000 0.097
7355.000 0.098
7360.000 0.098
7365.000 0.105
7370.000 0.101
7375.000 0.095
7380.000 0.087
7385.000 0.078
7390.000 0.066
7395.000 0.056
7400.000 0.042
7405.000 0.039
7410.000 0.277
7415.000 0.833
7420.000 0.857
7425.000 0.714
7430.000 0.434
7435.000 0.303
7440.000 0.228
7445.000 0.182
7450.000 0.153
7455.000 0.134
7460.000 0.123
7465.000 0.114
7470.000 0.107
7475.000 0.106
7480.000 0.102
7485.000 0.103
7490.000 0.100
7495.000 0.099
7500.000 0.099
7505.000 0.098
7510.000 0.098
7515.000 0.097
7520.000 0.097
7525.000 0.097
7530.000 0.097
7535.000 0.098
7540.000 0.097
7545.000 0.098
7550.000 0.097
7555.000 0.097
7560.000 0.096
7565.000 0.096
7570.000 0.096
7575.000 0.098
7580.000 0.097
7585.000 0.096
7590.000 0.094
7595.000 0.095
7600.000 0.094
7605.000 0.094
7610.000 0.096
7615.000 0.094
7620.000 0.094
7625.000 0.095
7630.000 0.096
7635.000 0.094
7640.000 0.095
7645.000 0.093
7650.000 0.095
7655.000 0.093
7660.000 0.093
7665.000 0.093
7670.000 0.091
7675.000 0.093
7680.000 0.092
7685.000 0.093
7690.000 0.093
7695.000 0.092
7700.000 0.093
7705.000 0.092
7710.000 0.091
7715.000 0.090
7720.000 0.090
7725.000 0.091
7730.000 0.091
7735.000 0.092
7740.000 0.091
7745.000 0.091
7750.000 0.090
7755.000 0.092
7760.000 0.090
7765.000 0.090
7770.000 0.091
7775.000 0.088
7780.000 0.090
7785.000 0.091
7790.000 0.091
7795.000 0.091
7800.000 0.090
7805.000 0.089
7810.000 0.091
7815.000 0.089
7820.000 0.089
7825.000 0.091
7830.000 0.090
7835.000 0.092
7840.000 0.091
7845.000 0.091
7850.000 0.092
7855.000 0.093
7860.000 0.092
7865.000 0.092
7870.000 0.094
7875.000 0.095
7880.000 0.096
7885.000 0.097
7890.000 0.099
7895.000 0.101
7900.000 0.104
7905.000 0.104
7910.000 0.108
7915.000 0.112
7920.000 0.116
7925.000 0.121
7930.000 0.129
7935.000 0.137
7940.000 0.145
7945.000 0.158
7950.000 0.176
7955.000 0.199
7960.000 0.233
7965.000 0.280
7970.000 0.318
7975.000 0.418
7980.000 0.595
7985.000 0.907
7990.000 1.430
7995.000 2.358
8000.000 3.966
8005.000 4.910
8010.000 1.120
8015.000 0.935
8020.000 0.698
8025.000 0.511
8030.000 0.437
8035.000 0.348
8040.000 0.287
8045.000 0.244
8050.000 0.208
8055.000 0.187
8060.000 0.167
8065.000 0.153
8070.000 0.141
8075.000 0.132
8080.000 0.126
8085.000 0.120
8090.000 0.117
8095.000 0.112
8100.000 0.107
8105.000 0.105
8110.000 0.101
8115.000 0.098
8120.000 0.096
8125.000 0.093
8130.000 0.090
8135.000 0.090
8140.000 0.088
8145.000 0.086
8150.000 0.085
8155.000 0.084
8160.000 0.083
8165.000 0.082
8170.000 0.081
8175.000 0.080
8180.000 0.079
8185.000 0.077
8190.000 0.077
8195.000 0.076
8200.000 0.075
8205.000 0.073
8210.000 0.072
8215.000 0.072
8220.000 0.072
8225.000 0.070
8230.000 0.070
8235.000 0.070
8240.000 0.068
8245.000 0.068
8250.000 0.067
8255.000 0.067
8260.000 0.066
8265.000 0.064
8270.000 0.064
8275.000 0.064
8280.000 0.064
8285.000 0.063
8290.000 0.061
8295.000 0.061
8300.000 0.060
8305.000 0.060
8310.000 0.059
8315.000 0.059
8320.000 0.058
8325.000 0.058
8330.000 0.057
8335.000 0.057
8340.000 0.056
8345.000 0.055
8350.000 0.055
8355.000 0.055
8360.000 0.054
8365.000 0.053
8370.000 0.054
8375.000 0.054
8380.000 0.052
8385.000 0.054
8390.000 0.053
8395.000 0.053
8400.000 0.052
8405.000 0.052
8410.000 0.053
8415.000 0.053
8420.000 0.053
8425.000 0.053
8430.000 0.052
8435.000 0.050
8440.000 0.050
8445.000 0.051
8450.000 0.054
8455.000 0.069
8460.000 0.084
8465.000 0.161
8470.000 0.469
8475.000 1.557
8480.000 2.792
8485.000 1.758
8490.000 1.236
8495.000 0.888
8500.000 0.672
8505.000 0.662
8510.000 0.658
8515.000 0.671
8520.000 0.709
8525.000 0.769
8530.000 0.842
8535.000 0.939
8540.000 1.063
8545.000 1.205
8550.000 1.396
8555.000 1.664
8560.000 2.032
8565.000 2.513
8570.000 3.089
8575.000 3.396
8580.000 3.953
8585.000 4.234
8590.000 3.927
8595.000 3.098
8600.000 2.210
8605.000 1.559
8610.000 1.240
8615.000 1.059
8620.000 0.951
8625.000 0.869
8630.000 0.791
8635.000 0.724
8640.000 0.694
8645.000 0.642
8650.000 0.602
8655.000 0.571
8660.000 0.541
8665.000 0.518
8670.000 0.497
8675.000 0.479
8680.000 0.462
8685.000 0.444
8690.000 0.431
8695.000 0.416
8700.000 0.411
8705.000 0.399
8710.000 0.387
8715.000 0.378
8720.000 0.369
8725.000 0.363
8730.000 0.357
8735.000 0.350
8740.000 0.341
8745.000 0.336
8750.000 0.327
8755.000 0.322
8760.000 0.315
8765.000 0.312
8770.000 0.310
8775.000 0.302
8780.000 0.300
8785.000 0.294
8790.000 0.288
8795.000 0.283
8800.000 0.280
8805.000 0.274
8810.000 0.274
8815.000 0.267
8820.000 0.272
8825.000 0.265
8830.000 0.274
8835.000 0.277
8840.000 0.265
8845.000 0.258
8850.000 0.251
8855.000 0.248
8860.000 0.242
8865.000 0.242
8870.000 0.239
8875.000 0.236
8880.000 0.235
8885.000 0.233
8890.000 0.231
8895.000 0.229
8900.000 0.229
8905.000 0.226
8910.000 0.226
8915.000 0.223
8920.000 0.221
8925.000 0.222
8930.000 0.217
8935.000 0.217
8940.000 0.216
8945.000 0.216
8950.000 0.212
8955.000 0.214
8960.000 0.212
8965.000 0.210
8970.000 0.211
8975.000 0.212
8980.000 0.210
8985.000 0.206
8990.000 0.205
8995.000 0.207
9000.000 0.203
9005.000 0.203
9010.000 0.202
9015.000 0.199
9020.000 0.205
9025.000 0.204
9030.000 0.202
9035.000 0.198
9040.000 0.197
9045.000 0.198
9050.000 0.197
9055.000 0.199
9060.000 0.198
9065.000 0.197
9070.000 0.196
9075.000 0.195
9080.000 0.194
9085.000 0.194
9090.000 0.194
9095.000 0.194
9100.000 0.194
9105.000 0.193
9110.000 0.193
9115.000 0.193
9120.000 0.194
9125.000 0.193
9130.000 0.192
9135.000 0.193
9140.000 0.191
9145.000 0.190
9150.000 0.190
9155.000 0.190
9160.000 0.191
9165.000 0.189
9170.000 0.189
9175.000 0.190
9180.000 0.189
9185.000 0.188
9190.000 0.189
9195.000 0.189
9200.000 0.189
9205.000 0.188
9210.000 0.190
9215.000 0.190
9220.000 0.188
9225.000 0.189
9230.000 0.188
9235.000 0.187
9240.000 0.186
9245.000 0.189
9250.000 0.188
9255.000 0.189
9260.000 0.188
9265.000 0.186
9270.000 0.187
9275.000 0.186
9280.000 0.188
9285.000 0.188
9290.000 0.188
9295.000 0.187
9300.000 0.186
9305.000 0.187
9310.000 0.188
9315.000 0.188
9320.000 0.188
9325.000 0.187
9330.000 0.189
9335.000 0.188
9340.000 0.190
9345.000 0.188
9350.000 0.189
9355.000 0.189
9360.000 0.190
9365.000 0.191
9370.000 0.194
9375.000 0.196
9380.000 0.204
9385.000 0.212
9390.000 0.223
9395.000 0.247
9400.000 0.304
9405.000 0.426
9410.000 0.579
9415.000 0.713
9420.000 0.623
9425.000 0.549
9430.000 0.329
9435.000 0.261
9440.000 0.231
9445.000 0.215
9450.000 0.199
9455.000 0.194
9460.000 0.191
9465.000 0.188
9470.000 0.185
9475.000 0.184
9480.000 0.184
9485.000 0.184
9490.000 0.184
9495.000 0.182
9500.000 0.183
9505.000 0.181
9510.000 0.180
9515.000 0.181
9520.000 0.181
9525.000 0.180
9530.000 0.181
9535.000 0.181
9540.000 0.183
9545.000 0.181
9550.000 0.180
9555.000 0.180
9560.000 0.179
9565.000 0.179
9570.000 0.179
9575.000 0.181
9580.000 0.180
9585.000 0.181
9590.000 0.178
9595.000 0.179
9600.000 0.180
9605.000 0.180
9610.000 0.179
9615.000 0.180
9620.000 0.180
9625.000 0.181
9630.000 0.182
9635.000 0.181
9640.000 0.181
9645.000 0.182
9650.000 0.183
9655.000 0.184
9660.000 0.182
9665.000 0.186
9670.000 0.186
9675.000 0.187
9680.000 0.187
9685.000 0.189
9690.000 0.192
9695.000 0.193
9700.000 0.195
9705.000 0.199
9710.000 0.205
9715.000 0.210
9720.000 0.214
9725.000 0.221
9730.000 0.229
9735.000 0.232
9740.000 0.235
9745.000 0.234
9750.000 0.209
9755.000 0.167
9760.000 0.118
9765.000 0.074
9770.000 0.047
9775.000 0.045
9780.000 0.058
9785.000 0.074
9790.000 0.083
9795.000 0.093
9800.000 0.161
9805.000 0.374
9810.000 0.606
9815.000 0.697
9820.000 0.672
9825.000 0.610
9830.000 0.537
9835.000 0.470
9840.000 0.412
9845.000 0.362
9850.000 0.322
9855.000 0.304
9860.000 0.277
9865.000 0.254
9870.000 0.241
9875.000 0.231
9880.000 0.225
9885.000 0.222
9890.000 0.220
9895.000 0.216
9900.000 0.216
9905.000 0.214
9910.000 0.211
9915.000 0.208
9920.000 0.209
9925.000 0.207
9930.000 0.209
9935.000 0.206
9940.000 0.205
9945.000 0.205
9950.000 0.204
9955.000 0.202
9960.000 0.201
9965.000 0.201
9970.000 0.204
9975.000 0.203
9980.000 0.204
9985.000 0.203
9990.000 0.203
9995.000 0.198
10000.000 0.205
10005.000 0.199
10010.000 0.200
10015.000 0.203
10020.000 0.202
10025.000 0.202
10030.000 0.204
10035.000 0.206
10040.000 0.207
10045.000 0.206
10050.000 0.208
10055.000 0.212
10060.000 0.215
10065.000 0.221
10070.000 0.227
10075.000 0.240
10080.000 0.259
10085.000 0.303
10090.000 0.412
10095.000 0.645
10100.000 0.760
10105.000 1.259
10110.000 1.055
10115.000 0.276
10120.000 0.258
10125.000 0.263
10130.000 0.228
10135.000 0.212
10140.000 0.203
10145.000 0.195
10150.000 0.193
10155.000 0.194
10160.000 0.193
10165.000 0.193
10170.000 0.192
10175.000 0.192
10180.000 0.191
10185.000 0.193
10190.000 0.195
10195.000 0.192
10200.000 0.195
10205.000 0.195
10210.000 0.195
10215.000 0.194
10220.000 0.194
10225.000 0.194
10230.000 0.196
10235.000 0.195
10240.000 0.197
10245.000 0.195
10250.000 0.196
10255.000 0.196
10260.000 0.196
10265.000 0.196
10270.000 0.196
10275.000 0.199
10280.000 0.200
10285.000 0.200
10290.000 0.200
10295.000 0.199
10300.000 0.199
10305.000 0.200
10310.000 0.200
10315.000 0.201
10320.000 0.202
10325.000 0.201
10330.000 0.201
10335.000 0.201
10340.000 0.203
10345.000 0.204
10350.000 0.205
10355.000 0.205
10360.000 0.206
10365.000 0.205
10370.000 0.206
10375.000 0.206
10380.000 0.205
10385.000 0.210
10390.000 0.210
10395.000 0.208
10400.000 0.210
10405.000 0.212
10410.000 0.210
10415.000 0.212
10420.000 0.213
10425.000 0.216
10430.000 0.214
10435.000 0.215
10440.000 0.216
10445.000 0.217
10450.000 0.217
10455.000 0.217
10460.000 0.219
10465.000 0.218
10470.000 0.221
10475.000 0.219
10480.000 0.222
10485.000 0.223
10490.000 0.226
10495.000 0.225
10500.000 0.228
10505.000 0.229
10510.000 0.230
10515.000 0.230
10520.000 0.231
10525.000 0.232
10530.000 0.235
10535.000 0.235
10540.000 0.238
10545.000 0.239
10550.000 0.241
10555.000 0.244
10560.000 0.245
10565.000 0.248
10570.000 0.249
10575.000 0.252
10580.000 0.255
10585.000 0.256
10590.000 0.257
10595.000 0.261
10600.000 0.262
10605.000 0.264
10610.000 0.268
10615.000 0.272
10620.000 0.274
10625.000 0.280
10630.000 0.283
10635.000 0.287
10640.000 0.291
10645.000 0.295
10650.000 0.295
10655.000 0.303
10660.000 0.309
10665.000 0.316
10670.000 0.324
10675.000 0.332
10680.000 0.341
10685.000 0.351
10690.000 0.359
10695.000 0.374
10700.000 0.384
10705.000 0.401
10710.000 0.410
10715.000 0.425
10720.000 0.449
10725.000 0.475
10730.000 0.505
10735.000 0.545
10740.000 0.602
10745.000 0.685
10750.000 0.806
10755.000 0.997
10760.000 1.281
10765.000 1.463
10770.000 1.820
10775.000 1.830
10780.000 1.320
10785.000 0.741
10790.000 0.412
10795.000 0.200
10800.000 0.060
10805.000 0.071
10810.000 0.039
10815.000 0.046
10820.000 0.067
10825.000 0.089
10830.000 0.099
10835.000 0.122
10840.000 0.148
10845.000 0.185
10850.000 0.231
10855.000 0.290
10860.000 0.364
10865.000 0.458
10870.000 0.567
10875.000 0.674
10880.000 0.809
10885.000 0.932
10890.000 1.001
10895.000 1.139
10900.000 1.281
10905.000 1.378
10910.000 1.451
10915.000 1.423
10920.000 1.277
10925.000 1.068
10930.000 0.847
10935.000 0.648
10940.000 0.492
10945.000 0.369
10950.000 0.276
10955.000 0.240
10960.000 0.180
10965.000 0.132
10970.000 0.098
10975.000 0.076
10980.000 0.061
10985.000 0.055
10990.000 0.054
10995.000 0.058
11000.000 0.059
11005.000 0.054
11010.000 0.052
11015.000 0.049
11020.000 0.043
11025.000 0.040
11030.000 0.036
11035.000 0.033
11040.000 0.029
11045.000 0.026
11050.000 0.024
11055.000 0.022
11060.000 0.021
11065.000 0.019
11070.000 0.018
11075.000 0.018
11080.000 0.020
11085.000 0.019
11090.000 0.020
11095.000 0.021
11100.000 0.023
11105.000 0.023
11110.000 0.025
11115.000 0.025
11120.000 0.026
11125.000 0.028
11130.000 0.030
11135.000 0.030
11140.000 0.032
11145.000 0.033
11150.000 0.034
11155.000 0.035
11160.000 0.036
11165.000 0.037
11170.000 0.039
11175.000 0.039
11180.000 0.040
11185.000 0.041
11190.000 0.042
11195.000 0.042
11200.000 0.043
11205.000 0.045
11210.000 0.045
11215.000 0.046
11220.000 0.046
11225.000 0.048
11230.000 0.048
11235.000 0.048
11240.000 0.050
11245.000 0.050
11250.000 0.051
11255.000 0.051
11260.000 0.052
11265.000 0.052
11270.000 0.052
11275.000 0.054
11280.000 0.055
11285.000 0.055
11290.000 0.056
11295.000 0.055
11300.000 0.057
11305.000 0.057
11310.000 0.057
11315.000 0.057
11320.000 0.057
11325.000 0.059
11330.000 0.059
11335.000 0.058
11340.000 0.059
11345.000 0.060
11350.000 0.060
11355.000 0.059
11360.000 0.061
11365.000 0.060
11370.000 0.061
11375.000 0.062
11380.000 0.062
11385.000 0.061
11390.000 0.061
11395.000 0.061
11400.000 0.062
11405.000 0.062
11410.000 0.062
11415.000 0.061
11420.000 0.061
11425.000 0.061
11430.000 0.062
11435.000 0.062
11440.000 0.060
11445.000 0.060
11450.000 0.060
11455.000 0.060
11460.000 0.059
11465.000 0.059
11470.000 0.060
11475.000 0.061
11480.000 0.061
11485.000 0.060
11490.000 0.058
11495.000 0.058
11500.000 0.056
11505.000 0.054
11510.000 0.054
11515.000 0.053
11520.000 0.052
11525.000 0.051
11530.000 0.050
11535.000 0.048
11540.000 0.044
11545.000 0.044
11550.000 0.042
11555.000 0.040
11560.000 0.036
11565.000 0.034
11570.000 0.032
11575.000 0.028
11580.000 0.025
11585.000 0.021
11590.000 0.020
11595.000 0.023
11600.000 0.029
11605.000 0.045
11610.000 0.076
11615.000 0.145
11620.000 0.200
11625.000 0.392
11630.000 0.650
11635.000 0.929
11640.000 0.981
11645.000 1.092
11650.000 0.839
11655.000 0.626
11660.000 0.497
11665.000 0.411
11670.000 0.358
11675.000 0.311
11680.000 0.273
11685.000 0.259
11690.000 0.232
11695.000 0.207
11700.000 0.192
11705.000 0.177
11710.000 0.165
11715.000 0.157
11720.000 0.153
11725.000 0.149
11730.000 0.144
11735.000 0.143
11740.000 0.143
11745.000 0.140
11750.000 0.139
11755.000 0.138
11760.000 0.136
11765.000 0.134
11770.000 0.134
11775.000 0.132
11780.000 0.132
11785.000 0.131
11790.000 0.131
11795.000 0.131
11800.000 0.130
11805.000 0.131
11810.000 0.131
11815.000 0.128
11820.000 0.129
11825.000 0.129
11830.000 0.129
11835.000 0.129
11840.000 0.130
11845.000 0.129
11850.000 0.129
11855.000 0.130
11860.000 0.132
11865.000 0.132
11870.000 0.133
11875.000 0.134
11880.000 0.134
11885.000 0.136
11890.000 0.138
11895.000 0.141
11900.000 0.146
11905.000 0.150
11910.000 0.151
11915.000 0.155
11920.000 0.165
11925.000 0.169
11930.000 0.179
11935.000 0.195
11940.000 0.220
11945.000 0.268
11950.000 0.362
11955.000 0.499
11960.000 0.515
11965.000 0.264
11970.000 0.091
11975.000 0.057
11980.000 0.050
11985.000 0.053
11990.000 0.055
11995.000 0.060
12000.000 0.071
