105.000 0.014
110.000 0.766
115.000 0.978
120.000 1.100
125.000 1.153
130.000 1.219
135.000 1.307
140.000 1.322
145.000 1.345
150.000 1.335
155.000 1.316
160.000 1.312
165.000 1.250
170.000 1.267
175.000 1.206
180.000 1.208
185.000 1.209
190.000 1.212
195.000 1.220
200.000 1.210
205.000 1.218
210.000 1.250
215.000 1.291
220.000 1.283
225.000 1.286
230.000 1.359
235.000 1.344
240.000 1.352
245.000 1.381
250.000 1.421
255.000 1.410
260.000 1.419
265.000 1.451
270.000 1.466
275.000 1.469
280.000 1.520
285.000 1.503
290.000 1.509
295.000 1.502
300.000 1.507
305.000 1.502
310.000 1.498
315.000 1.495
320.000 1.534
325.000 1.526
330.000 1.560
335.000 1.627
340.000 1.673
345.000 1.735
350.000 1.798
355.000 1.887
360.000 1.959
365.000 2.049
370.000 2.106
375.000 2.219
380.000 2.349
385.000 2.450
390.000 2.592
395.000 2.717
400.000 2.828
405.000 2.923
410.000 2.972
415.000 2.969
420.000 2.887
425.000 2.739
430.000 2.638
435.000 2.377
440.000 2.075
445.000 1.801
450.000 1.548
455.000 1.333
460.000 1.170
465.000 1.033
470.000 0.933
475.000 0.849
480.000 0.799
485.000 0.741
490.000 0.704
495.000 0.677
500.000 0.632
505.000 0.600
510.000 0.570
515.000 0.534
520.000 0.511
525.000 0.480
530.000 0.459
535.000 0.437
540.000 0.416
545.000 0.405
550.000 0.391
555.000 0.371
560.000 0.352
565.000 0.330
570.000 0.311
575.000 0.295
580.000 0.286
585.000 0.272
590.000 0.258
595.000 0.247
600.000 0.240
605.000 0.229
610.000 0.230
615.000 0.217
620.000 0.213
625.000 0.205
630.000 0.199
635.000 0.195
640.000 0.187
645.000 0.185
650.000 0.179
655.000 0.174
660.000 0.172
665.000 0.171
670.000 0.165
675.000 0.163
680.000 0.161
685.000 0.164
690.000 0.154
695.000 0.152
700.000 0.148
705.000 0.146
710.000 0.144
715.000 0.141
720.000 0.137
725.000 0.138
730.000 0.136
735.000 0.135
740.000 0.132
745.000 0.131
750.000 0.130
755.000 0.136
760.000 0.125
765.000 0.124
770.000 0.122
775.000 0.124
780.000 0.124
785.000 0.120
790.000 0.120
795.000 0.120
800.000 0.121
805.000 0.122
810.000 0.119
815.000 0.118
820.000 0.118
825.000 0.121
830.000 0.117
835.000 0.119
840.000 0.113
845.000 0.115
850.000 0.111
855.000 0.114
860.000 0.108
865.000 0.113
870.000 0.110
875.000 0.111
880.000 0.110
885.000 0.109
890.000 0.109
895.000 0.107
900.000 0.108
905.000 0.106
910.000 0.105
915.000 0.108
920.000 0.107
925.000 0.104
930.000 0.107
935.000 0.105
940.000 0.107
945.000 0.109
950.000 0.105
955.000 0.106
960.000 0.104
965.000 0.103
970.000 0.109
975.000 0.110
980.000 0.109
985.000 0.107
990.000 0.111
995.000 0.106
1000.000 0.109
1005.000 0.102
1010.000 0.103
1015.000 0.100
1020.000 0.102
1025.000 0.106
1030.000 0.104
1035.000 0.106
1040.000 0.109
1045.000 0.107
1050.000 0.104
1055.000 0.104
1060.000 0.104
1065.000 0.103
1070.000 0.103
1075.000 0.105
1080.000 0.103
1085.000 0.104
1090.000 0.103
1095.000 0.101
1100.000 0.103
1105.000 0.107
1110.000 0.104
1115.000 0.104
1120.000 0.100
1125.000 0.104
1130.000 0.104
1135.000 0.103
1140.000 0.104
1145.000 0.102
1150.000 0.105
1155.000 0.105
1160.000 0.104
1165.000 0.105
1170.000 0.105
1175.000 0.104
1180.000 0.106
1185.000 0.105
1190.000 0.106
1195.000 0.106
1200.000 0.103
1205.000 0.107
1210.000 0.106
1215.000 0.106
1220.000 0.106
1225.000 0.108
1230.000 0.104
1235.000 0.106
1240.000 0.105
1245.000 0.108
1250.000 0.108
1255.000 0.105
1260.000 0.107
1265.000 0.107
1270.000 0.107
1275.000 0.108
1280.000 0.107
1285.000 0.108
1290.000 0.109
1295.000 0.108
1300.000 0.109
1305.000 0.109
1310.000 0.110
1315.000 0.108
1320.000 0.110
1325.000 0.109
1330.000 0.110
1335.000 0.111
1340.000 0.110
1345.000 0.110
1350.000 0.110
1355.000 0.111
1360.000 0.112
1365.000 0.114
1370.000 0.109
1375.000 0.111
1380.000 0.111
1385.000 0.111
1390.000 0.112
1395.000 0.112
1400.000 0.114
1405.000 0.114
1410.000 0.112
1415.000 0.111
1420.000 0.117
1425.000 0.116
1430.000 0.116
1435.000 0.113
1440.000 0.112
1445.000 0.115
1450.000 0.115
1455.000 0.114
1460.000 0.113
1465.000 0.112
1470.000 0.112
1475.000 0.113
1480.000 0.113
1485.000 0.114
1490.000 0.111
1495.000 0.110
1500.000 0.111
1505.000 0.110
1510.000 0.112
1515.000 0.112
1520.000 0.115
1525.000 0.116
1530.000 0.115
1535.000 0.117
1540.000 0.116
1545.000 0.117
1550.000 0.120
1555.000 0.121
1560.000 0.124
1565.000 0.123
1570.000 0.123
1575.000 0.127
1580.000 0.128
1585.000 0.127
1590.000 0.127
1595.000 0.129
1600.000 0.132
1605.000 0.132
1610.000 0.134
1615.000 0.133
1620.000 0.136
1625.000 0.136
1630.000 0.140
1635.000 0.141
1640.000 0.137
1645.000 0.142
1650.000 0.143
1655.000 0.144
1660.000 0.148
1665.000 0.150
1670.000 0.155
1675.000 0.154
1680.000 0.156
1685.000 0.158
1690.000 0.161
1695.000 0.163
1700.000 0.163
1705.000 0.167
1710.000 0.168
1715.000 0.169
1720.000 0.172
1725.000 0.173
1730.000 0.177
1735.000 0.182
1740.000 0.183
1745.000 0.186
1750.000 0.188
1755.000 0.193
1760.000 0.195
1765.000 0.195
1770.000 0.199
1775.000 0.202
1780.000 0.204
1785.000 0.208
1790.000 0.208
1795.000 0.210
1800.000 0.214
1805.000 0.217
1810.000 0.219
1815.000 0.220
1820.000 0.221
1825.000 0.223
1830.000 0.224
1835.000 0.225
1840.000 0.226
1845.000 0.226
1850.000 0.226
1855.000 0.226
1860.000 0.226
1865.000 0.225
1870.000 0.228
1875.000 0.225
1880.000 0.224
1885.000 0.223
1890.000 0.221
1895.000 0.218
1900.000 0.216
1905.000 0.217
1910.000 0.213
1915.000 0.210
1920.000 0.208
1925.000 0.205
1930.000 0.206
1935.000 0.200
1940.000 0.200
1945.000 0.195
1950.000 0.197
1955.000 0.195
1960.000 0.191
1965.000 0.191
1970.000 0.185
1975.000 0.188
1980.000 0.186
1985.000 0.177
1990.000 0.180
1995.000 0.178
2000.000 0.168
2005.000 0.173
2010.000 0.171
2015.000 0.166
2020.000 0.164
2025.000 0.161
2030.000 0.160
2035.000 0.162
2040.000 0.161
2045.000 0.162
2050.000 0.154
2055.000 0.153
2060.000 0.148
2065.000 0.152
2070.000 0.150
2075.000 0.149
2080.000 0.150
2085.000 0.145
2090.000 0.143
2095.000 0.141
2100.000 0.139
2105.000 0.141
2110.000 0.138
2115.000 0.135
2120.000 0.136
2125.000 0.134
2130.000 0.135
2135.000 0.133
2140.000 0.132
2145.000 0.129
2150.000 0.128
2155.000 0.126
2160.000 0.126
2165.000 0.125
2170.000 0.124
2175.000 0.124
2180.000 0.120
2185.000 0.118
2190.000 0.117
2195.000 0.115
2200.000 0.112
2205.000 0.110
2210.000 0.111
2215.000 0.106
2220.000 0.102
2225.000 0.099
2230.000 0.093
2235.000 0.089
2240.000 0.081
2245.000 0.075
2250.000 0.071
2255.000 0.067
2260.000 0.069
2265.000 0.102
2270.000 0.249
2275.000 0.636
2280.000 1.463
2285.000 3.452
2290.000 7.173
2295.000 11.009
2300.000 5.792
2305.000 1.111
2310.000 0.305
2315.000 0.136
2320.000 0.028
2325.000 0.044
2330.000 0.063
2335.000 0.073
2340.000 0.078
2345.000 0.081
2350.000 0.081
2355.000 0.081
2360.000 0.083
2365.000 0.083
2370.000 0.082
2375.000 0.082
2380.000 0.082
2385.000 0.082
2390.000 0.082
2395.000 0.081
2400.000 0.082
2405.000 0.083
2410.000 0.083
2415.000 0.083
2420.000 0.083
2425.000 0.084
2430.000 0.084
2435.000 0.084
2440.000 0.085
2445.000 0.084
2450.000 0.085
2455.000 0.084
2460.000 0.085
2465.000 0.086
2470.000 0.087
2475.000 0.086
2480.000 0.087
2485.000 0.087
2490.000 0.086
2495.000 0.087
2500.000 0.088
2505.000 0.088
2510.000 0.088
2515.000 0.088
2520.000 0.089
2525.000 0.089
2530.000 0.090
2535.000 0.090
2540.000 0.091
2545.000 0.091
2550.000 0.091
2555.000 0.092
2560.000 0.092
2565.000 0.093
2570.000 0.093
2575.000 0.092
2580.000 0.095
2585.000 0.095
2590.000 0.096
2595.000 0.096
2600.000 0.097
2605.000 0.099
2610.000 0.099
2615.000 0.101
2620.000 0.100
2625.000 0.102
2630.000 0.102
2635.000 0.103
2640.000 0.105
2645.000 0.105
2650.000 0.107
2655.000 0.108
2660.000 0.110
2665.000 0.110
2670.000 0.112
2675.000 0.112
2680.000 0.114
2685.000 0.115
2690.000 0.116
2695.000 0.119
2700.000 0.119
2705.000 0.122
2710.000 0.123
2715.000 0.125
2720.000 0.127
2725.000 0.129
2730.000 0.131
2735.000 0.133
2740.000 0.133
2745.000 0.133
2750.000 0.137
2755.000 0.138
2760.000 0.139
2765.000 0.142
2770.000 0.143
2775.000 0.144
2780.000 0.146
2785.000 0.147
2790.000 0.149
2795.000 0.150
2800.000 0.151
2805.000 0.152
2810.000 0.153
2815.000 0.154
2820.000 0.155
2825.000 0.157
2830.000 0.158
2835.000 0.160
2840.000 0.160
2845.000 0.161
2850.000 0.163
2855.000 0.164
2860.000 0.165
2865.000 0.166
2870.000 0.166
2875.000 0.168
2880.000 0.170
2885.000 0.172
2890.000 0.172
2895.000 0.172
2900.000 0.173
2905.000 0.176
2910.000 0.175
2915.000 0.176
2920.000 0.178
2925.000 0.177
2930.000 0.179
2935.000 0.178
2940.000 0.180
2945.000 0.179
2950.000 0.181
2955.000 0.182
2960.000 0.182
2965.000 0.184
2970.000 0.182
2975.000 0.181
2980.000 0.182
2985.000 0.185
2990.000 0.181
2995.000 0.183
3000.000 0.181
3005.000 0.187
3010.000 0.187
3015.000 0.184
3020.000 0.188
3025.000 0.188
3030.000 0.188
3035.000 0.182
3040.000 0.185
3045.000 0.185
3050.000 0.190
3055.000 0.186
3060.000 0.185
3065.000 0.188
3070.000 0.185
3075.000 0.187
3080.000 0.188
3085.000 0.184
3090.000 0.187
3095.000 0.187
3100.000 0.187
3105.000 0.186
3110.000 0.185
3115.000 0.185
3120.000 0.186
3125.000 0.185
3130.000 0.186
3135.000 0.184
3140.000 0.185
3145.000 0.185
3150.000 0.186
3155.000 0.186
3160.000 0.186
3165.000 0.186
3170.000 0.186
3175.000 0.185
3180.000 0.185
3185.000 0.186
3190.000 0.187
3195.000 0.186
3200.000 0.186
3205.000 0.186
3210.000 0.186
3215.000 0.187
3220.000 0.187
3225.000 0.187
3230.000 0.188
3235.000 0.187
3240.000 0.187
3245.000 0.190
3250.000 0.189
3255.000 0.191
3260.000 0.190
3265.000 0.192
3270.000 0.191
3275.000 0.193
3280.000 0.193
3285.000 0.193
3290.000 0.194
3295.000 0.196
3300.000 0.196
3305.000 0.199
3310.000 0.199
3315.000 0.200
3320.000 0.201
3325.000 0.201
3330.000 0.202
3335.000 0.204
3340.000 0.207
3345.000 0.209
3350.000 0.208
3355.000 0.212
3360.000 0.212
3365.000 0.214
3370.000 0.216
3375.000 0.218
3380.000 0.219
3385.000 0.222
3390.000 0.224
3395.000 0.226
3400.000 0.228
3405.000 0.233
3410.000 0.233
3415.000 0.236
3420.000 0.243
3425.000 0.244
3430.000 0.247
3435.000 0.252
3440.000 0.254
3445.000 0.261
3450.000 0.265
3455.000 0.269
3460.000 0.274
3465.000 0.281
3470.000 0.288
3475.000 0.293
3480.000 0.299
3485.000 0.305
3490.000 0.315
3495.000 0.323
3500.000 0.332
3505.000 0.339
3510.000 0.348
3515.000 0.357
3520.000 0.366
3525.000 0.374
3530.000 0.378
3535.000 0.386
3540.000 0.398
3545.000 0.411
3550.000 0.425
3555.000 0.439
3560.000 0.456
3565.000 0.473
3570.000 0.491
3575.000 0.512
3580.000 0.533
3585.000 0.563
3590.000 0.577
3595.000 0.609
3600.000 0.641
3605.000 0.685
3610.000 0.730
3615.000 0.783
3620.000 0.853
3625.000 0.941
3630.000 1.054
3635.000 1.210
3640.000 1.426
3645.000 1.736
3650.000 2.181
3655.000 2.481
3660.000 3.344
3665.000 5.494
3670.000 11.571
3675.000 19.549
3680.000 18.012
3685.000 10.789
3690.000 6.169
3695.000 4.030
3700.000 2.764
3705.000 2.005
3710.000 1.521
3715.000 1.345
3720.000 1.075
3725.000 0.888
3730.000 0.743
3735.000 0.641
3740.000 0.563
3745.000 0.500
3750.000 0.451
3755.000 0.409
3760.000 0.377
3765.000 0.350
3770.000 0.337
3775.000 0.314
3780.000 0.294
3785.000 0.279
3790.000 0.264
3795.000 0.252
3800.000 0.239
3805.000 0.229
3810.000 0.220
3815.000 0.211
3820.000 0.204
3825.000 0.197
3830.000 0.190
3835.000 0.186
3840.000 0.180
3845.000 0.176
3850.000 0.171
3855.000 0.166
3860.000 0.161
3865.000 0.157
3870.000 0.154
3875.000 0.151
3880.000 0.147
3885.000 0.143
3890.000 0.140
3895.000 0.137
3900.000 0.137
3905.000 0.134
3910.000 0.131
3915.000 0.130
3920.000 0.128
3925.000 0.125
3930.000 0.123
3935.000 0.121
3940.000 0.119
3945.000 0.119
3950.000 0.115
3955.000 0.116
3960.000 0.114
3965.000 0.113
3970.000 0.112
3975.000 0.110
3980.000 0.107
3985.000 0.108
3990.000 0.105
3995.000 0.103
4000.000 0.105
4005.000 0.102
4010.000 0.101
4015.000 0.100
4020.000 0.104
4025.000 0.101
4030.000 0.103
4035.000 0.098
4040.000 0.100
4045.000 0.098
4050.000 0.098
4055.000 0.096
4060.000 0.095
4065.000 0.097
4070.000 0.096
4075.000 0.095
4080.000 0.096
4085.000 0.094
4090.000 0.094
4095.000 0.093
4100.000 0.093
4105.000 0.093
4110.000 0.093
4115.000 0.092
4120.000 0.092
4125.000 0.093
4130.000 0.092
4135.000 0.092
4140.000 0.092
4145.000 0.092
4150.000 0.091
4155.000 0.091
4160.000 0.091
4165.000 0.091
4170.000 0.091
4175.000 0.091
4180.000 0.091
4185.000 0.091
4190.000 0.091
4195.000 0.090
4200.000 0.090
4205.000 0.090
4210.000 0.090
4215.000 0.090
4220.000 0.090
4225.000 0.090
4230.000 0.089
4235.000 0.089
4240.000 0.088
4245.000 0.089
4250.000 0.088
4255.000 0.088
4260.000 0.089
4265.000 0.088
4270.000 0.088
4275.000 0.087
4280.000 0.086
4285.000 0.086
4290.000 0.086
4295.000 0.086
4300.000 0.085
4305.000 0.084
4310.000 0.084
4315.000 0.083
4320.000 0.083
4325.000 0.082
4330.000 0.081
4335.000 0.081
4340.000 0.080
4345.000 0.080
4350.000 0.080
4355.000 0.080
4360.000 0.079
4365.000 0.079
4370.000 0.079
4375.000 0.079
4380.000 0.078
4385.000 0.079
4390.000 0.078
4395.000 0.078
4400.000 0.078
4405.000 0.078
4410.000 0.078
4415.000 0.078
4420.000 0.079
4425.000 0.079
4430.000 0.078
4435.000 0.078
4440.000 0.079
4445.000 0.077
4450.000 0.078
4455.000 0.078
4460.000 0.078
4465.000 0.078
4470.000 0.079
4475.000 0.079
4480.000 0.078
4485.000 0.078
4490.000 0.078
4495.000 0.077
4500.000 0.078
4505.000 0.078
4510.000 0.078
4515.000 0.078
4520.000 0.078
4525.000 0.078
4530.000 0.077
4535.000 0.078
4540.000 0.078
4545.000 0.078
4550.000 0.078
4555.000 0.078
4560.000 0.078
4565.000 0.078
4570.000 0.077
4575.000 0.077
4580.000 0.078
4585.000 0.079
4590.000 0.078
4595.000 0.078
4600.000 0.078
4605.000 0.078
4610.000 0.077
4615.000 0.078
4620.000 0.078
4625.000 0.077
4630.000 0.078
4635.000 0.078
4640.000 0.078
4645.000 0.077
4650.000 0.078
4655.000 0.078
4660.000 0.078
4665.000 0.077
4670.000 0.079
4675.000 0.078
4680.000 0.078
4685.000 0.079
4690.000 0.079
4695.000 0.078
4700.000 0.079
4705.000 0.079
4710.000 0.079
4715.000 0.079
4720.000 0.079
4725.000 0.080
4730.000 0.079
4735.000 0.078
4740.000 0.079
4745.000 0.079
4750.000 0.079
4755.000 0.079
4760.000 0.079
4765.000 0.079
4770.000 0.079
4775.000 0.078
4780.000 0.079
4785.000 0.078
4790.000 0.080
4795.000 0.080
4800.000 0.080
4805.000 0.080
4810.000 0.080
4815.000 0.081
4820.000 0.081
4825.000 0.081
4830.000 0.081
4835.000 0.082
4840.000 0.083
4845.000 0.083
4850.000 0.083
4855.000 0.085
4860.000 0.086
4865.000 0.086
4870.000 0.088
4875.000 0.089
4880.000 0.090
4885.000 0.093
4890.000 0.097
4895.000 0.102
4900.000 0.110
4905.000 0.122
4910.000 0.141
4915.000 0.180
4920.000 0.270
4925.000 0.562
4930.000 1.388
4935.000 2.105
4940.000 3.318
4945.000 0.413
4950.000 0.978
4955.000 0.878
4960.000 0.617
4965.000 0.400
4970.000 0.221
4975.000 0.134
4980.000 0.118
4985.000 0.107
4990.000 0.099
4995.000 0.093
5000.000 0.091
5005.000 0.084
5010.000 0.081
5015.000 0.077
5020.000 0.079
5025.000 0.077
5030.000 0.075
5035.000 0.073
5040.000 0.071
5045.000 0.071
5050.000 0.073
5055.000 0.070
5060.000 0.068
5065.000 0.071
5070.000 0.068
5075.000 0.069
5080.000 0.069
5085.000 0.069
5090.000 0.068
5095.000 0.068
5100.000 0.068
5105.000 0.068
5110.000 0.068
5115.000 0.068
5120.000 0.067
5125.000 0.067
5130.000 0.068
5135.000 0.067
5140.000 0.067
5145.000 0.067
5150.000 0.066
5155.000 0.067
5160.000 0.067
5165.000 0.067
5170.000 0.067
5175.000 0.068
5180.000 0.067
5185.000 0.067
5190.000 0.067
5195.000 0.067
5200.000 0.068
5205.000 0.069
5210.000 0.067
5215.000 0.068
5220.000 0.067
5225.000 0.069
5230.000 0.068
5235.000 0.069
5240.000 0.069
5245.000 0.070
5250.000 0.069
5255.000 0.071
5260.000 0.071
5265.000 0.072
5270.000 0.073
5275.000 0.074
5280.000 0.073
5285.000 0.074
5290.000 0.076
5295.000 0.075
5300.000 0.076
5305.000 0.077
5310.000 0.079
5315.000 0.078
5320.000 0.080
5325.000 0.081
5330.000 0.082
5335.000 0.084
5340.000 0.084
5345.000 0.087
5350.000 0.087
5355.000 0.088
5360.000 0.088
5365.000 0.089
5370.000 0.090
5375.000 0.093
5380.000 0.095
5385.000 0.094
5390.000 0.096
5395.000 0.098
5400.000 0.101
5405.000 0.102
5410.000 0.102
5415.000 0.104
5420.000 0.105
5425.000 0.107
5430.000 0.108
5435.000 0.110
5440.000 0.111
5445.000 0.113
5450.000 0.116
5455.000 0.118
5460.000 0.120
5465.000 0.121
5470.000 0.123
5475.000 0.126
5480.000 0.127
5485.000 0.129
5490.000 0.130
5495.000 0.133
5500.000 0.136
5505.000 0.135
5510.000 0.134
5515.000 0.136
5520.000 0.139
5525.000 0.143
5530.000 0.145
5535.000 0.145
5540.000 0.143
5545.000 0.142
5550.000 0.141
5555.000 0.141
5560.000 0.145
5565.000 0.144
5570.000 0.144
5575.000 0.148
5580.000 0.149
5585.000 0.149
5590.000 0.150
5595.000 0.150
5600.000 0.150
5605.000 0.151
5610.000 0.152
5615.000 0.154
5620.000 0.153
5625.000 0.156
5630.000 0.157
5635.000 0.158
5640.000 0.159
5645.000 0.161
5650.000 0.160
5655.000 0.162
5660.000 0.164
5665.000 0.164
5670.000 0.166
5675.000 0.167
5680.000 0.168
5685.000 0.168
5690.000 0.169
5695.000 0.170
5700.000 0.172
5705.000 0.173
5710.000 0.175
5715.000 0.175
5720.000 0.177
5725.000 0.177
5730.000 0.178
5735.000 0.181
5740.000 0.181
5745.000 0.184
5750.000 0.185
5755.000 0.187
5760.000 0.188
5765.000 0.189
5770.000 0.191
5775.000 0.194
5780.000 0.192
5785.000 0.195
5790.000 0.196
5795.000 0.198
5800.000 0.199
5805.000 0.201
5810.000 0.205
5815.000 0.207
5820.000 0.208
5825.000 0.210
5830.000 0.211
5835.000 0.213
5840.000 0.216
5845.000 0.219
5850.000 0.219
5855.000 0.225
5860.000 0.226
5865.000 0.229
5870.000 0.231
5875.000 0.234
5880.000 0.239
5885.000 0.239
5890.000 0.244
5895.000 0.247
5900.000 0.249
5905.000 0.252
5910.000 0.255
5915.000 0.257
5920.000 0.262
5925.000 0.265
5930.000 0.271
5935.000 0.274
5940.000 0.281
5945.000 0.285
5950.000 0.288
5955.000 0.292
5960.000 0.294
5965.000 0.300
5970.000 0.306
5975.000 0.310
5980.000 0.316
5985.000 0.324
5990.000 0.327
5995.000 0.332
6000.000 0.341
6005.000 0.343
6010.000 0.350
6015.000 0.362
6020.000 0.360
6025.000 0.370
6030.000 0.377
6035.000 0.378
6040.000 0.391
6045.000 0.398
6050.000 0.410
6055.000 0.416
6060.000 0.426
6065.000 0.440
6070.000 0.447
6075.000 0.460
6080.000 0.473
6085.000 0.479
6090.000 0.495
6095.000 0.508
6100.000 0.530
6105.000 0.548
6110.000 0.567
6115.000 0.591
6120.000 0.617
6125.000 0.647
6130.000 0.677
6135.000 0.716
6140.000 0.758
6145.000 0.806
6150.000 0.840
6155.000 0.912
6160.000 1.005
6165.000 1.132
6170.000 1.327
6175.000 1.631
6180.000 2.131
6185.000 2.831
6190.000 3.139
6195.000 2.078
6200.000 0.981
6205.000 0.991
6210.000 0.899
6215.000 0.941
6220.000 1.007
6225.000 1.060
6230.000 1.060
6235.000 1.041
6240.000 1.014
6245.000 0.975
6250.000 0.925
6255.000 0.877
6260.000 0.818
6265.000 0.791
6270.000 0.745
6275.000 0.698
6280.000 0.657
6285.000 0.619
6290.000 0.581
6295.000 0.551
6300.000 0.530
6305.000 0.500
6310.000 0.478
6315.000 0.462
6320.000 0.434
6325.000 0.410
6330.000 0.400
6335.000 0.384
6340.000 0.366
6345.000 0.351
6350.000 0.338
6355.000 0.324
6360.000 0.315
6365.000 0.301
6370.000 0.290
6375.000 0.277
6380.000 0.266
6385.000 0.253
6390.000 0.248
6395.000 0.238
6400.000 0.229
6405.000 0.223
6410.000 0.217
6415.000 0.208
6420.000 0.201
6425.000 0.195
6430.000 0.189
6435.000 0.183
6440.000 0.179
6445.000 0.175
6450.000 0.171
6455.000 0.168
6460.000 0.166
6465.000 0.163
6470.000 0.158
6475.000 0.154
6480.000 0.152
6485.000 0.149
6490.000 0.144
6495.000 0.141
6500.000 0.143
6505.000 0.154
6510.000 0.182
6515.000 0.447
6520.000 1.778
6525.000 3.932
6530.000 4.416
6535.000 1.139
6540.000 0.267
6545.000 0.215
6550.000 0.135
6555.000 0.144
6560.000 0.141
6565.000 0.132
6570.000 0.126
6575.000 0.122
6580.000 0.118
6585.000 0.115
6590.000 0.114
6595.000 0.111
6600.000 0.109
6605.000 0.108
6610.000 0.107
6615.000 0.105
6620.000 0.106
6625.000 0.104
6630.000 0.103
6635.000 0.102
6640.000 0.102
6645.000 0.101
6650.000 0.101
6655.000 0.101
6660.000 0.100
6665.000 0.100
6670.000 0.100
6675.000 0.100
6680.000 0.099
6685.000 0.098
6690.000 0.099
6695.000 0.098
6700.000 0.099
6705.000 0.097
6710.000 0.097
6715.000 0.097
6720.000 0.097
6725.000 0.096
6730.000 0.096
6735.000 0.096
6740.000 0.096
6745.000 0.095
6750.000 0.095
6755.000 0.095
6760.000 0.095
6765.000 0.095
6770.000 0.095
6775.000 0.096
6780.000 0.095
6785.000 0.095
6790.000 0.094
6795.000 0.096
6800.000 0.095
6805.000 0.094
6810.000 0.094
6815.000 0.095
6820.000 0.095
6825.000 0.094
6830.000 0.094
6835.000 0.094
6840.000 0.093
6845.000 0.093
6850.000 0.092
6855.000 0.093
6860.000 0.092
6865.000 0.093
6870.000 0.092
6875.000 0.093
6880.000 0.093
6885.000 0.093
6890.000 0.092
6895.000 0.093
6900.000 0.092
6905.000 0.092
6910.000 0.093
6915.000 0.093
6920.000 0.093
6925.000 0.093
6930.000 0.094
6935.000 0.093
6940.000 0.093
6945.000 0.094
6950.000 0.093
6955.000 0.094
6960.000 0.094
6965.000 0.094
6970.000 0.092
6975.000 0.092
6980.000 0.091
6985.000 0.093
6990.000 0.091
6995.000 0.096
7000.000 0.093
7005.000 0.093
7010.000 0.092
7015.000 0.095
7020.000 0.091
7025.000 0.095
7030.000 0.092
7035.000 0.096
7040.000 0.094
7045.000 0.094
7050.000 0.093
7055.000 0.093
7060.000 0.093
7065.000 0.095
7070.000 0.092
7075.000 0.093
7080.000 0.094
7085.000 0.093
7090.000 0.092
7095.000 0.095
7100.000 0.093
7105.000 0.094
7110.000 0.093
7115.000 0.094
7120.000 0.092
7125.000 0.094
7130.000 0.094
7135.000 0.093
7140.000 0.094
7145.000 0.092
7150.000 0.093
7155.000 0.093
7160.000 0.092
7165.000 0.093
7170.000 0.093
7175.000 0.093
7180.000 0.093
7185.000 0.095
7190.000 0.093
7195.000 0.093
7200.000 0.093
7205.000 0.094
7210.000 0.092
7215.000 0.101
7220.000 0.099
7225.000 0.100
7230.000 0.101
7235.000 0.100
7240.000 0.098
7245.000 0.097
7250.000 0.094
7255.000 0.094
7260.000 0.094
7265.000 0.093
7270.000 0.092
7275.000 0.092
7280.000 0.092
7285.000 0.092
7290.000 0.093
7295.000 0.093
7300.000 0.094
7305.000 0.094
7310.000 0.094
7315.000 0.092
7320.000 0.092
7325.000 0.093
7330.000 0.092
7335.000 0.093
7340.000 0.093
7345.000 0.093
7350.000 0.094
7355.000 0.097
7360.000 0.099
7365.000 0.105
7370.000 0.108
7375.000 0.111
7380.000 0.122
7385.000 0.154
7390.000 0.236
7395.000 0.400
7400.000 0.616
7405.000 0.842
7410.000 0.960
7415.000 0.941
7420.000 0.957
7425.000 0.715
7430.000 0.519
7435.000 0.284
7440.000 0.195
7445.000 0.151
7450.000 0.129
7455.000 0.117
7460.000 0.108
7465.000 0.102
7470.000 0.098
7475.000 0.095
7480.000 0.093
7485.000 0.092
7490.000 0.092
7495.000 0.091
7500.000 0.092
7505.000 0.091
7510.000 0.090
7515.000 0.092
7520.000 0.091
7525.000 0.091
7530.000 0.091
7535.000 0.091
7540.000 0.092
7545.000 0.091
7550.000 0.092
7555.000 0.091
7560.000 0.090
7565.000 0.092
7570.000 0.093
7575.000 0.098
7580.000 0.099
7585.000 0.097
7590.000 0.094
7595.000 0.094
7600.000 0.092
7605.000 0.091
7610.000 0.092
7615.000 0.091
7620.000 0.091
7625.000 0.090
7630.000 0.090
7635.000 0.091
7640.000 0.091
7645.000 0.091
7650.000 0.092
7655.000 0.092
7660.000 0.092
7665.000 0.091
7670.000 0.091
7675.000 0.091
7680.000 0.091
7685.000 0.092
7690.000 0.092
7695.000 0.091
7700.000 0.092
7705.000 0.091
7710.000 0.090
7715.000 0.092
7720.000 0.090
7725.000 0.090
7730.000 0.090
7735.000 0.091
7740.000 0.091
7745.000 0.090
7750.000 0.091
7755.000 0.089
7760.000 0.090
7765.000 0.091
7770.000 0.090
7775.000 0.090
7780.000 0.093
7785.000 0.091
7790.000 0.091
7795.000 0.090
7800.000 0.089
7805.000 0.089
7810.000 0.088
7815.000 0.090
7820.000 0.089
7825.000 0.090
7830.000 0.089
7835.000 0.089
7840.000 0.091
7845.000 0.091
7850.000 0.092
7855.000 0.091
7860.000 0.090
7865.000 0.092
7870.000 0.092
7875.000 0.094
7880.000 0.094
7885.000 0.094
7890.000 0.097
7895.000 0.098
7900.000 0.101
7905.000 0.103
7910.000 0.109
7915.000 0.110
7920.000 0.115
7925.000 0.118
7930.000 0.123
7935.000 0.133
7940.000 0.143
7945.000 0.155
7950.000 0.170
7955.000 0.191
7960.000 0.221
7965.000 0.264
7970.000 0.296
7975.000 0.390
7980.000 0.548
7985.000 0.821
7990.000 1.275
7995.000 2.089
8000.000 3.816
8005.000 5.534
8010.000 1.837
8015.000 1.208
8020.000 0.749
8025.000 0.547
8030.000 0.473
8035.000 0.370
8040.000 0.293
8045.000 0.250
8050.000 0.219
8055.000 0.194
8060.000 0.175
8065.000 0.159
8070.000 0.147
8075.000 0.138
8080.000 0.129
8085.000 0.123
8090.000 0.117
8095.000 0.115
8100.000 0.110
8105.000 0.107
8110.000 0.104
8115.000 0.100
8120.000 0.098
8125.000 0.096
8130.000 0.093
8135.000 0.091
8140.000 0.089
8145.000 0.088
8150.000 0.086
8155.000 0.087
8160.000 0.085
8165.000 0.083
8170.000 0.082
8175.000 0.081
8180.000 0.080
8185.000 0.078
8190.000 0.078
8195.000 0.077
8200.000 0.076
8205.000 0.075
8210.000 0.075
8215.000 0.074
8220.000 0.074
8225.000 0.072
8230.000 0.071
8235.000 0.070
8240.000 0.069
8245.000 0.070
8250.000 0.069
8255.000 0.067
8260.000 0.067
8265.000 0.066
8270.000 0.065
8275.000 0.065
8280.000 0.064
8285.000 0.064
8290.000 0.062
8295.000 0.062
8300.000 0.061
8305.000 0.061
8310.000 0.060
8315.000 0.058
8320.000 0.058
8325.000 0.058
8330.000 0.057
8335.000 0.057
8340.000 0.056
8345.000 0.057
8350.000 0.056
8355.000 0.053
8360.000 0.054
8365.000 0.054
8370.000 0.054
8375.000 0.053
8380.000 0.052
8385.000 0.052
8390.000 0.053
8395.000 0.052
8400.000 0.051
8405.000 0.052
8410.000 0.052
8415.000 0.052
8420.000 0.051
8425.000 0.051
8430.000 0.050
8435.000 0.050
8440.000 0.050
8445.000 0.049
8450.000 0.055
8455.000 0.061
8460.000 0.086
8465.000 0.159
8470.000 0.432
8475.000 1.481
8480.000 2.792
8485.000 2.073
8490.000 1.207
8495.000 0.901
8500.000 0.676
8505.000 0.646
8510.000 0.629
8515.000 0.650
8520.000 0.674
8525.000 0.733
8530.000 0.815
8535.000 0.916
8540.000 1.038
8545.000 1.194
8550.000 1.391
8555.000 1.665
8560.000 2.036
8565.000 2.511
8570.000 3.064
8575.000 3.542
8580.000 3.683
8585.000 3.573
8590.000 2.907
8595.000 2.086
8600.000 1.472
8605.000 1.201
8610.000 1.152
8615.000 1.139
8620.000 1.054
8625.000 0.957
8630.000 0.866
8635.000 0.780
8640.000 0.710
8645.000 0.680
8650.000 0.635
8655.000 0.596
8660.000 0.565
8665.000 0.538
8670.000 0.516
8675.000 0.494
8680.000 0.473
8685.000 0.455
8690.000 0.439
8695.000 0.427
8700.000 0.421
8705.000 0.409
8710.000 0.397
8715.000 0.387
8720.000 0.379
8725.000 0.370
8730.000 0.361
8735.000 0.354
8740.000 0.347
8745.000 0.338
8750.000 0.334
8755.000 0.328
8760.000 0.324
8765.000 0.321
8770.000 0.314
8775.000 0.311
8780.000 0.306
8785.000 0.300
8790.000 0.299
8795.000 0.295
8800.000 0.291
8805.000 0.289
8810.000 0.286
8815.000 0.285
8820.000 0.284
8825.000 0.289
8830.000 0.286
8835.000 0.282
8840.000 0.275
8845.000 0.269
8850.000 0.266
8855.000 0.263
8860.000 0.261
8865.000 0.258
8870.000 0.257
8875.000 0.253
8880.000 0.251
8885.000 0.251
8890.000 0.248
8895.000 0.246
8900.000 0.244
8905.000 0.241
8910.000 0.241
8915.000 0.240
8920.000 0.237
8925.000 0.236
8930.000 0.234
8935.000 0.234
8940.000 0.233
8945.000 0.231
8950.000 0.229
8955.000 0.230
8960.000 0.229
8965.000 0.227
8970.000 0.222
8975.000 0.224
8980.000 0.226
8985.000 0.220
8990.000 0.221
8995.000 0.219
9000.000 0.220
9005.000 0.218
9010.000 0.216
9015.000 0.213
9020.000 0.220
9025.000 0.218
9030.000 0.219
9035.000 0.214
9040.000 0.214
9045.000 0.213
9050.000 0.216
9055.000 0.210
9060.000 0.211
9065.000 0.210
9070.000 0.212
9075.000 0.210
9080.000 0.209
9085.000 0.207
9090.000 0.207
9095.000 0.208
9100.000 0.208
9105.000 0.207
9110.000 0.207
9115.000 0.206
9120.000 0.204
9125.000 0.203
9130.000 0.204
9135.000 0.203
9140.000 0.203
9145.000 0.202
9150.000 0.203
9155.000 0.201
9160.000 0.201
9165.000 0.201
9170.000 0.201
9175.000 0.199
9180.000 0.200
9185.000 0.198
9190.000 0.200
9195.000 0.198
9200.000 0.201
9205.000 0.198
9210.000 0.198
9215.000 0.197
9220.000 0.198
9225.000 0.196
9230.000 0.197
9235.000 0.198
9240.000 0.197
9245.000 0.196
9250.000 0.197
9255.000 0.196
9260.000 0.196
9265.000 0.195
9270.000 0.195
9275.000 0.195
9280.000 0.197
9285.000 0.196
9290.000 0.194
9295.000 0.196
9300.000 0.195
9305.000 0.196
9310.000 0.195
9315.000 0.197
9320.000 0.198
9325.000 0.196
9330.000 0.197
9335.000 0.197
9340.000 0.200
9345.000 0.200
9350.000 0.200
9355.000 0.203
9360.000 0.205
9365.000 0.208
9370.000 0.209
9375.000 0.213
9380.000 0.220
9385.000 0.234
9390.000 0.253
9395.000 0.288
9400.000 0.373
9405.000 0.572
9410.000 0.833
9415.000 0.939
9420.000 0.618
9425.000 0.536
9430.000 0.518
9435.000 0.285
9440.000 0.239
9445.000 0.218
9450.000 0.204
9455.000 0.197
9460.000 0.194
9465.000 0.193
9470.000 0.192
9475.000 0.192
9480.000 0.189
9485.000 0.188
9490.000 0.188
9495.000 0.187
9500.000 0.187
9505.000 0.189
9510.000 0.189
9515.000 0.189
9520.000 0.189
9525.000 0.187
9530.000 0.188
9535.000 0.187
9540.000 0.189
9545.000 0.190
9550.000 0.188
9555.000 0.189
9560.000 0.186
9565.000 0.188
9570.000 0.189
9575.000 0.190
9580.000 0.190
9585.000 0.189
9590.000 0.190
9595.000 0.191
9600.000 0.190
9605.000 0.190
9610.000 0.192
9615.000 0.192
9620.000 0.194
9625.000 0.195
9630.000 0.196
9635.000 0.195
9640.000 0.195
9645.000 0.197
9650.000 0.200
9655.000 0.202
9660.000 0.202
9665.000 0.204
9670.000 0.208
9675.000 0.210
9680.000 0.211
9685.000 0.218
9690.000 0.222
9695.000 0.227
9700.000 0.235
9705.000 0.245
9710.000 0.252
9715.000 0.267
9720.000 0.282
9725.000 0.302
9730.000 0.329
9735.000 0.341
9740.000 0.363
9745.000 0.365
9750.000 0.338
9755.000 0.289
9760.000 0.232
9765.000 0.183
9770.000 0.154
9775.000 0.141
9780.000 0.147
9785.000 0.175
9790.000 0.210
9795.000 0.224
9800.000 0.251
9805.000 0.295
9810.000 0.400
9815.000 0.513
9820.000 0.498
9825.000 0.428
9830.000 0.367
9835.000 0.322
9840.000 0.288
9845.000 0.267
9850.000 0.252
9855.000 0.243
9860.000 0.239
9865.000 0.233
9870.000 0.229
9875.000 0.224
9880.000 0.220
9885.000 0.218
9890.000 0.217
9895.000 0.213
9900.000 0.211
9905.000 0.209
9910.000 0.209
9915.000 0.205
9920.000 0.206
9925.000 0.203
9930.000 0.202
9935.000 0.202
9940.000 0.201
9945.000 0.201
9950.000 0.201
9955.000 0.199
9960.000 0.197
9965.000 0.197
9970.000 0.200
9975.000 0.199
9980.000 0.199
9985.000 0.200
9990.000 0.201
9995.000 0.200
10000.000 0.201
10005.000 0.197
10010.000 0.198
10015.000 0.202
10020.000 0.199
10025.000 0.200
10030.000 0.200
10035.000 0.203
10040.000 0.204
10045.000 0.207
10050.000 0.204
10055.000 0.209
10060.000 0.216
10065.000 0.217
10070.000 0.225
10075.000 0.238
10080.000 0.257
10085.000 0.299
10090.000 0.393
10095.000 0.596
10100.000 0.764
10105.000 0.908
10110.000 0.945
10115.000 0.391
10120.000 0.321
10125.000 0.247
10130.000 0.228
10135.000 0.209
10140.000 0.200
10145.000 0.196
10150.000 0.193
10155.000 0.194
10160.000 0.191
10165.000 0.192
10170.000 0.192
10175.000 0.192
10180.000 0.192
10185.000 0.193
10190.000 0.194
10195.000 0.193
10200.000 0.194
10205.000 0.194
10210.000 0.192
10215.000 0.194
10220.000 0.192
10225.000 0.193
10230.000 0.193
10235.000 0.195
10240.000 0.197
10245.000 0.196
10250.000 0.197
10255.000 0.196
10260.000 0.197
10265.000 0.197
10270.000 0.197
10275.000 0.198
10280.000 0.198
10285.000 0.200
10290.000 0.199
10295.000 0.198
10300.000 0.198
10305.000 0.199
10310.000 0.200
10315.000 0.201
10320.000 0.201
10325.000 0.201
10330.000 0.201
10335.000 0.201
10340.000 0.203
10345.000 0.203
10350.000 0.203
10355.000 0.206
10360.000 0.204
10365.000 0.204
10370.000 0.206
10375.000 0.209
10380.000 0.207
10385.000 0.210
10390.000 0.209
10395.000 0.211
10400.000 0.211
10405.000 0.212
10410.000 0.212
10415.000 0.213
10420.000 0.212
10425.000 0.215
10430.000 0.214
10435.000 0.215
10440.000 0.217
10445.000 0.216
10450.000 0.218
10455.000 0.219
10460.000 0.219
10465.000 0.220
10470.000 0.221
10475.000 0.221
10480.000 0.222
10485.000 0.223
10490.000 0.224
10495.000 0.225
10500.000 0.226
10505.000 0.230
10510.000 0.230
10515.000 0.231
10520.000 0.232
10525.000 0.235
10530.000 0.234
10535.000 0.236
10540.000 0.239
10545.000 0.242
10550.000 0.243
10555.000 0.247
10560.000 0.247
10565.000 0.249
10570.000 0.251
10575.000 0.250
10580.000 0.255
10585.000 0.256
10590.000 0.258
10595.000 0.261
10600.000 0.264
10605.000 0.267
10610.000 0.269
10615.000 0.271
10620.000 0.277
10625.000 0.280
10630.000 0.284
10635.000 0.287
10640.000 0.293
10645.000 0.299
10650.000 0.301
10655.000 0.305
10660.000 0.312
10665.000 0.318
10670.000 0.323
10675.000 0.332
10680.000 0.343
10685.000 0.355
10690.000 0.364
10695.000 0.375
10700.000 0.391
10705.000 0.399
10710.000 0.414
10715.000 0.435
10720.000 0.456
10725.000 0.483
10730.000 0.518
10735.000 0.559
10740.000 0.618
10745.000 0.701
10750.000 0.828
10755.000 1.032
10760.000 1.331
10765.000 1.702
10770.000 1.840
10775.000 1.752
10780.000 1.180
10785.000 0.643
10790.000 0.346
10795.000 0.166
10800.000 0.098
10805.000 0.089
10810.000 0.040
10815.000 0.043
10820.000 0.063
10825.000 0.086
10830.000 0.097
10835.000 0.119
10840.000 0.149
10845.000 0.185
10850.000 0.237
10855.000 0.301
10860.000 0.382
10865.000 0.479
10870.000 0.590
10875.000 0.704
10880.000 0.822
10885.000 0.955
10890.000 1.098
10895.000 1.171
10900.000 1.316
10905.000 1.434
10910.000 1.471
10915.000 1.387
10920.000 1.197
10925.000 0.971
10930.000 0.751
10935.000 0.571
10940.000 0.436
10945.000 0.332
10950.000 0.290
10955.000 0.220
10960.000 0.167
10965.000 0.117
10970.000 0.071
10975.000 0.035
10980.000 0.035
10985.000 0.059
10990.000 0.072
10995.000 0.075
11000.000 0.074
11005.000 0.065
11010.000 0.057
11015.000 0.055
11020.000 0.050
11025.000 0.044
11030.000 0.039
11035.000 0.033
11040.000 0.030
11045.000 0.027
11050.000 0.024
11055.000 0.021
11060.000 0.019
11065.000 0.019
11070.000 0.019
11075.000 0.018
11080.000 0.019
11085.000 0.020
11090.000 0.020
11095.000 0.021
11100.000 0.022
11105.000 0.023
11110.000 0.024
11115.000 0.026
11120.000 0.026
11125.000 0.028
11130.000 0.030
11135.000 0.030
11140.000 0.032
11145.000 0.032
11150.000 0.034
11155.000 0.035
11160.000 0.036
11165.000 0.037
11170.000 0.038
11175.000 0.040
11180.000 0.040
11185.000 0.042
11190.000 0.042
11195.000 0.042
11200.000 0.043
11205.000 0.045
11210.000 0.046
11215.000 0.046
11220.000 0.047
11225.000 0.048
11230.000 0.049
11235.000 0.049
11240.000 0.050
11245.000 0.051
11250.000 0.051
11255.000 0.050
11260.000 0.051
11265.000 0.053
11270.000 0.054
11275.000 0.054
11280.000 0.055
11285.000 0.054
11290.000 0.055
11295.000 0.056
11300.000 0.057
11305.000 0.057
11310.000 0.057
11315.000 0.058
11320.000 0.056
11325.000 0.058
11330.000 0.059
11335.000 0.060
11340.000 0.059
11345.000 0.060
11350.000 0.060
11355.000 0.060
11360.000 0.060
11365.000 0.060
11370.000 0.060
11375.000 0.060
11380.000 0.060
11385.000 0.060
11390.000 0.061
11395.000 0.061
11400.000 0.060
11405.000 0.060
11410.000 0.060
11415.000 0.060
11420.000 0.059
11425.000 0.060
11430.000 0.059
11435.000 0.059
11440.000 0.060
11445.000 0.059
11450.000 0.059
11455.000 0.058
11460.000 0.058
11465.000 0.058
11470.000 0.059
11475.000 0.060
11480.000 0.060
11485.000 0.058
11490.000 0.057
11495.000 0.054
11500.000 0.054
11505.000 0.053
11510.000 0.052
11515.000 0.051
11520.000 0.049
11525.000 0.047
11530.000 0.046
11535.000 0.046
11540.000 0.044
11545.000 0.042
11550.000 0.039
11555.000 0.037
11560.000 0.036
11565.000 0.033
11570.000 0.031
11575.000 0.028
11580.000 0.024
11585.000 0.022
11590.000 0.021
11595.000 0.023
11600.000 0.031
11605.000 0.045
11610.000 0.074
11615.000 0.141
11620.000 0.263
11625.000 0.344
11630.000 0.556
11635.000 0.753
11640.000 0.658
11645.000 0.908
11650.000 1.179
11655.000 0.656
11660.000 0.519
11665.000 0.435
11670.000 0.369
11675.000 0.317
11680.000 0.297
11685.000 0.259
11690.000 0.232
11695.000 0.208
11700.000 0.190
11705.000 0.175
11710.000 0.164
11715.000 0.155
11720.000 0.150
11725.000 0.146
11730.000 0.145
11735.000 0.143
11740.000 0.140
11745.000 0.138
11750.000 0.137
11755.000 0.135
11760.000 0.136
11765.000 0.131
11770.000 0.131
11775.000 0.132
11780.000 0.129
11785.000 0.130
11790.000 0.129
11795.000 0.129
11800.000 0.128
11805.000 0.129
11810.000 0.126
11815.000 0.127
11820.000 0.127
11825.000 0.127
11830.000 0.126
11835.000 0.126
11840.000 0.126
11845.000 0.127
11850.000 0.125
11855.000 0.127
11860.000 0.127
11865.000 0.126
11870.000 0.126
11875.000 0.129
11880.000 0.129
11885.000 0.131
11890.000 0.133
11895.000 0.135
11900.000 0.139
11905.000 0.145
11910.000 0.148
11915.000 0.150
11920.000 0.157
11925.000 0.162
11930.000 0.171
11935.000 0.189
11940.000 0.212
11945.000 0.260
11950.000 0.348
11955.000 0.481
11960.000 0.512
11965.000 0.264
11970.000 0.110
11975.000 0.074
11980.000 0.065
11985.000 0.063
11990.000 0.067
11995.000 0.074
12000.000 0.082
