105.000 0.011
110.000 0.333
115.000 0.976
120.000 1.091
125.000 1.215
130.000 1.290
135.000 1.336
140.000 1.364
145.000 1.334
150.000 1.319
155.000 1.338
160.000 1.308
165.000 1.271
170.000 1.233
175.000 1.228
180.000 1.239
185.000 1.199
190.000 1.191
195.000 1.198
200.000 1.183
205.000 1.235
210.000 1.242
215.000 1.277
220.000 1.292
225.000 1.323
230.000 1.323
235.000 1.379
240.000 1.370
245.000 1.383
250.000 1.392
255.000 1.425
260.000 1.471
265.000 1.486
270.000 1.472
275.000 1.498
280.000 1.504
285.000 1.477
290.000 1.500
295.000 1.485
300.000 1.486
305.000 1.468
310.000 1.473
315.000 1.477
320.000 1.523
325.000 1.533
330.000 1.593
335.000 1.613
340.000 1.670
345.000 1.748
350.000 1.811
355.000 1.893
360.000 1.977
365.000 2.065
370.000 2.175
375.000 2.350
380.000 2.466
385.000 2.623
390.000 2.679
395.000 2.794
400.000 2.880
405.000 2.965
410.000 3.025
415.000 3.005
420.000 2.940
425.000 2.812
430.000 2.552
435.000 2.258
440.000 1.971
445.000 1.711
450.000 1.600
455.000 1.377
460.000 1.212
465.000 1.074
470.000 0.969
475.000 0.895
480.000 0.839
485.000 0.782
490.000 0.738
495.000 0.697
500.000 0.654
505.000 0.635
510.000 0.600
515.000 0.563
520.000 0.538
525.000 0.508
530.000 0.484
535.000 0.456
540.000 0.436
545.000 0.416
550.000 0.403
555.000 0.381
560.000 0.362
565.000 0.338
570.000 0.330
575.000 0.319
580.000 0.301
585.000 0.286
590.000 0.273
595.000 0.266
600.000 0.251
605.000 0.245
610.000 0.235
615.000 0.229
620.000 0.218
625.000 0.213
630.000 0.211
635.000 0.207
640.000 0.201
645.000 0.199
650.000 0.193
655.000 0.190
660.000 0.183
665.000 0.179
670.000 0.178
675.000 0.171
680.000 0.171
685.000 0.165
690.000 0.163
695.000 0.161
700.000 0.156
705.000 0.152
710.000 0.156
715.000 0.152
720.000 0.148
725.000 0.146
730.000 0.142
735.000 0.138
740.000 0.137
745.000 0.134
750.000 0.135
755.000 0.135
760.000 0.132
765.000 0.130
770.000 0.130
775.000 0.130
780.000 0.124
785.000 0.125
790.000 0.126
795.000 0.125
800.000 0.123
805.000 0.124
810.000 0.124
815.000 0.124
820.000 0.124
825.000 0.118
830.000 0.120
835.000 0.118
840.000 0.115
845.000 0.112
850.000 0.116
855.000 0.116
860.000 0.111
865.000 0.114
870.000 0.109
875.000 0.114
880.000 0.113
885.000 0.110
890.000 0.110
895.000 0.112
900.000 0.112
905.000 0.108
910.000 0.111
915.000 0.113
920.000 0.110
925.000 0.112
930.000 0.111
935.000 0.110
940.000 0.111
945.000 0.110
950.000 0.109
955.000 0.107
960.000 0.107
965.000 0.110
970.000 0.105
975.000 0.108
980.000 0.104
985.000 0.108
990.000 0.104
995.000 0.107
1000.000 0.111
1005.000 0.108
1010.000 0.104
1015.000 0.106
1020.000 0.110
1025.000 0.109
1030.000 0.111
1035.000 0.104
1040.000 0.104
1045.000 0.107
1050.000 0.107
1055.000 0.101
1060.000 0.104
1065.000 0.104
1070.000 0.106
1075.000 0.106
1080.000 0.107
1085.000 0.106
1090.000 0.107
1095.000 0.106
1100.000 0.105
1105.000 0.106
1110.000 0.105
1115.000 0.106
1120.000 0.105
1125.000 0.106
1130.000 0.108
1135.000 0.106
1140.000 0.106
1145.000 0.105
1150.000 0.108
1155.000 0.104
1160.000 0.107
1165.000 0.106
1170.000 0.105
1175.000 0.108
1180.000 0.107
1185.000 0.105
1190.000 0.108
1195.000 0.108
1200.000 0.107
1205.000 0.107
1210.000 0.107
1215.000 0.105
1220.000 0.108
1225.000 0.109
1230.000 0.108
1235.000 0.108
1240.000 0.110
1245.000 0.109
1250.000 0.109
1255.000 0.110
1260.000 0.111
1265.000 0.111
1270.000 0.112
1275.000 0.113
1280.000 0.116
1285.000 0.113
1290.000 0.112
1295.000 0.112
1300.000 0.113
1305.000 0.113
1310.000 0.113
1315.000 0.114
1320.000 0.116
1325.000 0.116
1330.000 0.113
1335.000 0.117
1340.000 0.119
1345.000 0.117
1350.000 0.117
1355.000 0.117
1360.000 0.116
1365.000 0.120
1370.000 0.119
1375.000 0.121
1380.000 0.121
1385.000 0.122
1390.000 0.121
1395.000 0.123
1400.000 0.123
1405.000 0.121
1410.000 0.124
1415.000 0.124
1420.000 0.125
1425.000 0.124
1430.000 0.126
1435.000 0.129
1440.000 0.126
1445.000 0.126
1450.000 0.126
1455.000 0.126
1460.000 0.124
1465.000 0.125
1470.000 0.122
1475.000 0.119
1480.000 0.120
1485.000 0.122
1490.000 0.120
1495.000 0.122
1500.000 0.125
1505.000 0.125
1510.000 0.129
1515.000 0.130
1520.000 0.131
1525.000 0.134
1530.000 0.137
1535.000 0.136
1540.000 0.140
1545.000 0.143
1550.000 0.147
1555.000 0.149
1560.000 0.150
1565.000 0.152
1570.000 0.154
1575.000 0.158
1580.000 0.160
1585.000 0.162
1590.000 0.165
1595.000 0.167
1600.000 0.175
1605.000 0.175
1610.000 0.177
1615.000 0.180
1620.000 0.184
1625.000 0.186
1630.000 0.190
1635.000 0.194
1640.000 0.200
1645.000 0.201
1650.000 0.207
1655.000 0.209
1660.000 0.213
1665.000 0.216
1670.000 0.222
1675.000 0.226
1680.000 0.230
1685.000 0.235
1690.000 0.240
1695.000 0.246
1700.000 0.249
1705.000 0.260
1710.000 0.261
1715.000 0.266
1720.000 0.274
1725.000 0.277
1730.000 0.282
1735.000 0.288
1740.000 0.297
1745.000 0.302
1750.000 0.309
1755.000 0.317
1760.000 0.323
1765.000 0.332
1770.000 0.338
1775.000 0.345
1780.000 0.353
1785.000 0.355
1790.000 0.366
1795.000 0.369
1800.000 0.379
1805.000 0.383
1810.000 0.392
1815.000 0.396
1820.000 0.401
1825.000 0.408
1830.000 0.407
1835.000 0.412
1840.000 0.417
1845.000 0.419
1850.000 0.423
1855.000 0.425
1860.000 0.427
1865.000 0.428
1870.000 0.428
1875.000 0.428
1880.000 0.426
1885.000 0.427
1890.000 0.425
1895.000 0.424
1900.000 0.425
1905.000 0.424
1910.000 0.423
1915.000 0.423
1920.000 0.420
1925.000 0.417
1930.000 0.416
1935.000 0.411
1940.000 0.411
1945.000 0.409
1950.000 0.407
1955.000 0.406
1960.000 0.402
1965.000 0.397
1970.000 0.397
1975.000 0.392
1980.000 0.390
1985.000 0.394
1990.000 0.383
1995.000 0.384
2000.000 0.384
2005.000 0.384
2010.000 0.381
2015.000 0.375
2020.000 0.383
2025.000 0.379
2030.000 0.371
2035.000 0.374
2040.000 0.367
2045.000 0.366
2050.000 0.371
2055.000 0.366
2060.000 0.366
2065.000 0.368
2070.000 0.364
2075.000 0.364
2080.000 0.367
2085.000 0.367
2090.000 0.368
2095.000 0.367
2100.000 0.372
2105.000 0.370
2110.000 0.373
2115.000 0.372
2120.000 0.373
2125.000 0.377
2130.000 0.379
2135.000 0.383
2140.000 0.388
2145.000 0.389
2150.000 0.396
2155.000 0.397
2160.000 0.401
2165.000 0.411
2170.000 0.415
2175.000 0.422
2180.000 0.431
2185.000 0.441
2190.000 0.450
2195.000 0.464
2200.000 0.476
2205.000 0.491
2210.000 0.499
2215.000 0.517
2220.000 0.537
2225.000 0.557
2230.000 0.589
2235.000 0.618
2240.000 0.660
2245.000 0.707
2250.000 0.767
2255.000 0.849
2260.000 0.962
2265.000 1.134
2270.000 1.253
2275.000 1.613
2280.000 2.179
2285.000 3.102
2290.000 4.625
2295.000 8.456
2300.000 12.768
2305.000 6.130
2310.000 3.099
2315.000 1.943
2320.000 1.262
2325.000 0.896
2330.000 0.664
2335.000 0.578
2340.000 0.451
2345.000 0.362
2350.000 0.298
2355.000 0.247
2360.000 0.209
2365.000 0.179
2370.000 0.155
2375.000 0.135
2380.000 0.118
2385.000 0.104
2390.000 0.091
2395.000 0.087
2400.000 0.077
2405.000 0.067
2410.000 0.061
2415.000 0.053
2420.000 0.045
2425.000 0.040
2430.000 0.036
2435.000 0.031
2440.000 0.026
2445.000 0.022
2450.000 0.019
2455.000 0.017
2460.000 0.014
2465.000 0.011
2470.000 0.009
2475.000 0.006
2480.000 0.003
2485.000 0.002
2490.000 0.002
2495.000 0.003
2500.000 0.006
2505.000 0.007
2510.000 0.009
2515.000 0.010
2520.000 0.009
2525.000 0.012
2530.000 0.013
2535.000 0.014
2540.000 0.015
2545.000 0.016
2550.000 0.017
2555.000 0.019
2560.000 0.019
2565.000 0.020
2570.000 0.021
2575.000 0.021
2580.000 0.021
2585.000 0.022
2590.000 0.023
2595.000 0.024
2600.000 0.024
2605.000 0.024
2610.000 0.025
2615.000 0.026
2620.000 0.025
2625.000 0.025
2630.000 0.027
2635.000 0.027
2640.000 0.027
2645.000 0.027
2650.000 0.027
2655.000 0.026
2660.000 0.026
2665.000 0.026
2670.000 0.026
2675.000 0.026
2680.000 0.027
2685.000 0.027
2690.000 0.026
2695.000 0.026
2700.000 0.026
2705.000 0.026
2710.000 0.025
2715.000 0.025
2720.000 0.025
2725.000 0.025
2730.000 0.024
2735.000 0.023
2740.000 0.023
2745.000 0.022
2750.000 0.022
2755.000 0.022
2760.000 0.022
2765.000 0.021
2770.000 0.021
2775.000 0.020
2780.000 0.021
2785.000 0.019
2790.000 0.018
2795.000 0.018
2800.000 0.018
2805.000 0.018
2810.000 0.018
2815.000 0.017
2820.000 0.018
2825.000 0.018
2830.000 0.018
2835.000 0.018
2840.000 0.018
2845.000 0.017
2850.000 0.018
2855.000 0.019
2860.000 0.020
2865.000 0.020
2870.000 0.022
2875.000 0.021
2880.000 0.023
2885.000 0.024
2890.000 0.025
2895.000 0.025
2900.000 0.026
2905.000 0.027
2910.000 0.028
2915.000 0.030
2920.000 0.031
2925.000 0.031
2930.000 0.033
2935.000 0.034
2940.000 0.036
2945.000 0.036
2950.000 0.040
2955.000 0.037
2960.000 0.041
2965.000 0.041
2970.000 0.040
2975.000 0.043
2980.000 0.043
2985.000 0.046
2990.000 0.044
2995.000 0.045
3000.000 0.050
3005.000 0.047
3010.000 0.047
3015.000 0.049
3020.000 0.055
3025.000 0.055
3030.000 0.057
3035.000 0.052
3040.000 0.055
3045.000 0.055
3050.000 0.058
3055.000 0.057
3060.000 0.058
3065.000 0.059
3070.000 0.061
3075.000 0.062
3080.000 0.062
3085.000 0.060
3090.000 0.061
3095.000 0.063
3100.000 0.063
3105.000 0.064
3110.000 0.064
3115.000 0.065
3120.000 0.064
3125.000 0.065
3130.000 0.065
3135.000 0.066
3140.000 0.066
3145.000 0.067
3150.000 0.068
3155.000 0.069
3160.000 0.069
3165.000 0.070
3170.000 0.070
3175.000 0.068
3180.000 0.070
3185.000 0.070
3190.000 0.070
3195.000 0.071
3200.000 0.071
3205.000 0.071
3210.000 0.073
3215.000 0.071
3220.000 0.074
3225.000 0.073
3230.000 0.073
3235.000 0.073
3240.000 0.074
3245.000 0.074
3250.000 0.073
3255.000 0.075
3260.000 0.076
3265.000 0.076
3270.000 0.074
3275.000 0.076
3280.000 0.075
3285.000 0.075
3290.000 0.075
3295.000 0.076
3300.000 0.077
3305.000 0.076
3310.000 0.076
3315.000 0.078
3320.000 0.076
3325.000 0.076
3330.000 0.077
3335.000 0.077
3340.000 0.076
3345.000 0.076
3350.000 0.077
3355.000 0.078
3360.000 0.077
3365.000 0.076
3370.000 0.079
3375.000 0.076
3380.000 0.077
3385.000 0.075
3390.000 0.076
3395.000 0.076
3400.000 0.076
3405.000 0.076
3410.000 0.075
3415.000 0.075
3420.000 0.077
3425.000 0.076
3430.000 0.076
3435.000 0.078
3440.000 0.077
3445.000 0.076
3450.000 0.078
3455.000 0.080
3460.000 0.079
3465.000 0.078
3470.000 0.079
3475.000 0.079
3480.000 0.080
3485.000 0.081
3490.000 0.080
3495.000 0.081
3500.000 0.081
3505.000 0.081
3510.000 0.082
3515.000 0.082
3520.000 0.082
3525.000 0.082
3530.000 0.082
3535.000 0.082
3540.000 0.083
3545.000 0.083
3550.000 0.083
3555.000 0.083
3560.000 0.083
3565.000 0.084
3570.000 0.083
3575.000 0.084
3580.000 0.084
3585.000 0.085
3590.000 0.084
3595.000 0.084
3600.000 0.085
3605.000 0.086
3610.000 0.087
3615.000 0.087
3620.000 0.089
3625.000 0.090
3630.000 0.092
3635.000 0.093
3640.000 0.098
3645.000 0.106
3650.000 0.115
3655.000 0.133
3660.000 0.160
3665.000 0.184
3670.000 0.137
3675.000 0.175
3680.000 0.679
3685.000 0.698
3690.000 0.327
3695.000 0.245
3700.000 0.184
3705.000 0.150
3710.000 0.130
3715.000 0.115
3720.000 0.119
3725.000 0.111
3730.000 0.109
3735.000 0.103
3740.000 0.099
3745.000 0.097
3750.000 0.096
3755.000 0.094
3760.000 0.092
3765.000 0.091
3770.000 0.090
3775.000 0.089
3780.000 0.090
3785.000 0.089
3790.000 0.089
3795.000 0.090
3800.000 0.090
3805.000 0.089
3810.000 0.090
3815.000 0.089
3820.000 0.088
3825.000 0.089
3830.000 0.090
3835.000 0.090
3840.000 0.091
3845.000 0.090
3850.000 0.090
3855.000 0.091
3860.000 0.091
3865.000 0.091
3870.000 0.091
3875.000 0.091
3880.000 0.091
3885.000 0.093
3890.000 0.091
3895.000 0.093
3900.000 0.093
3905.000 0.092
3910.000 0.093
3915.000 0.094
3920.000 0.093
3925.000 0.095
3930.000 0.094
3935.000 0.095
3940.000 0.094
3945.000 0.094
3950.000 0.096
3955.000 0.093
3960.000 0.093
3965.000 0.092
3970.000 0.097
3975.000 0.098
3980.000 0.097
3985.000 0.097
3990.000 0.097
3995.000 0.094
4000.000 0.100
4005.000 0.091
4010.000 0.093
4015.000 0.095
4020.000 0.098
4025.000 0.100
4030.000 0.095
4035.000 0.098
4040.000 0.096
4045.000 0.096
4050.000 0.099
4055.000 0.097
4060.000 0.098
4065.000 0.097
4070.000 0.098
4075.000 0.098
4080.000 0.099
4085.000 0.097
4090.000 0.098
4095.000 0.096
4100.000 0.098
4105.000 0.098
4110.000 0.097
4115.000 0.098
4120.000 0.099
4125.000 0.100
4130.000 0.098
4135.000 0.100
4140.000 0.100
4145.000 0.100
4150.000 0.100
4155.000 0.101
4160.000 0.102
4165.000 0.101
4170.000 0.102
4175.000 0.101
4180.000 0.102
4185.000 0.103
4190.000 0.103
4195.000 0.103
4200.000 0.103
4205.000 0.104
4210.000 0.104
4215.000 0.105
4220.000 0.105
4225.000 0.104
4230.000 0.105
4235.000 0.105
4240.000 0.105
4245.000 0.104
4250.000 0.105
4255.000 0.106
4260.000 0.107
4265.000 0.106
4270.000 0.106
4275.000 0.106
4280.000 0.107
4285.000 0.108
4290.000 0.105
4295.000 0.105
4300.000 0.103
4305.000 0.103
4310.000 0.104
4315.000 0.104
4320.000 0.102
4325.000 0.102
4330.000 0.102
4335.000 0.102
4340.000 0.102
4345.000 0.101
4350.000 0.099
4355.000 0.102
4360.000 0.101
4365.000 0.100
4370.000 0.100
4375.000 0.100
4380.000 0.100
4385.000 0.100
4390.000 0.099
4395.000 0.100
4400.000 0.100
4405.000 0.102
4410.000 0.100
4415.000 0.101
4420.000 0.100
4425.000 0.101
4430.000 0.101
4435.000 0.100
4440.000 0.100
4445.000 0.103
4450.000 0.104
4455.000 0.102
4460.000 0.102
4465.000 0.103
4470.000 0.102
4475.000 0.104
4480.000 0.103
4485.000 0.101
4490.000 0.104
4495.000 0.104
4500.000 0.105
4505.000 0.104
4510.000 0.104
4515.000 0.106
4520.000 0.106
4525.000 0.106
4530.000 0.106
4535.000 0.105
4540.000 0.105
4545.000 0.106
4550.000 0.105
4555.000 0.106
4560.000 0.107
4565.000 0.108
4570.000 0.107
4575.000 0.109
4580.000 0.108
4585.000 0.109
4590.000 0.110
4595.000 0.110
4600.000 0.108
4605.000 0.110
4610.000 0.109
4615.000 0.111
4620.000 0.112
4625.000 0.112
4630.000 0.113
4635.000 0.113
4640.000 0.114
4645.000 0.114
4650.000 0.116
4655.000 0.116
4660.000 0.118
4665.000 0.118
4670.000 0.120
4675.000 0.121
4680.000 0.120
4685.000 0.122
4690.000 0.124
4695.000 0.123
4700.000 0.126
4705.000 0.125
4710.000 0.128
4715.000 0.129
4720.000 0.130
4725.000 0.133
4730.000 0.134
4735.000 0.138
4740.000 0.138
4745.000 0.141
4750.000 0.144
4755.000 0.146
4760.000 0.150
4765.000 0.151
4770.000 0.155
4775.000 0.158
4780.000 0.165
4785.000 0.168
4790.000 0.172
4795.000 0.176
4800.000 0.182
4805.000 0.189
4810.000 0.194
4815.000 0.199
4820.000 0.207
4825.000 0.218
4830.000 0.221
4835.000 0.232
4840.000 0.245
4845.000 0.257
4850.000 0.271
4855.000 0.285
4860.000 0.304
4865.000 0.328
4870.000 0.350
4875.000 0.382
4880.000 0.415
4885.000 0.460
4890.000 0.486
4895.000 0.552
4900.000 0.639
4905.000 0.761
4910.000 0.961
4915.000 1.237
4920.000 1.710
4925.000 2.497
4930.000 3.826
4935.000 5.483
4940.000 4.134
4945.000 0.721
4950.000 5.769
4955.000 7.217
4960.000 7.801
4965.000 6.464
4970.000 4.037
4975.000 2.658
4980.000 1.919
4985.000 1.473
4990.000 1.172
4995.000 0.983
5000.000 0.851
5005.000 0.748
5010.000 0.709
5015.000 0.660
5020.000 0.626
5025.000 0.581
5030.000 0.538
5035.000 0.494
5040.000 0.464
5045.000 0.434
5050.000 0.415
5055.000 0.393
5060.000 0.378
5065.000 0.368
5070.000 0.361
5075.000 0.346
5080.000 0.340
5085.000 0.330
5090.000 0.322
5095.000 0.316
5100.000 0.309
5105.000 0.303
5110.000 0.299
5115.000 0.293
5120.000 0.291
5125.000 0.286
5130.000 0.283
5135.000 0.282
5140.000 0.279
5145.000 0.275
5150.000 0.273
5155.000 0.271
5160.000 0.268
5165.000 0.266
5170.000 0.264
5175.000 0.264
5180.000 0.263
5185.000 0.260
5190.000 0.260
5195.000 0.258
5200.000 0.260
5205.000 0.257
5210.000 0.255
5215.000 0.255
5220.000 0.254
5225.000 0.252
5230.000 0.251
5235.000 0.251
5240.000 0.250
5245.000 0.249
5250.000 0.248
5255.000 0.248
5260.000 0.247
5265.000 0.247
5270.000 0.248
5275.000 0.246
5280.000 0.245
5285.000 0.245
5290.000 0.245
5295.000 0.242
5300.000 0.241
5305.000 0.243
5310.000 0.241
5315.000 0.241
5320.000 0.239
5325.000 0.239
5330.000 0.238
5335.000 0.236
5340.000 0.238
5345.000 0.235
5350.000 0.235
5355.000 0.234
5360.000 0.233
5365.000 0.232
5370.000 0.230
5375.000 0.229
5380.000 0.229
5385.000 0.228
5390.000 0.226
5395.000 0.225
5400.000 0.224
5405.000 0.222
5410.000 0.222
5415.000 0.220
5420.000 0.219
5425.000 0.220
5430.000 0.217
5435.000 0.217
5440.000 0.216
5445.000 0.215
5450.000 0.213
5455.000 0.212
5460.000 0.211
5465.000 0.209
5470.000 0.208
5475.000 0.208
5480.000 0.206
5485.000 0.205
5490.000 0.204
5495.000 0.204
5500.000 0.203
5505.000 0.202
5510.000 0.202
5515.000 0.201
5520.000 0.200
5525.000 0.199
5530.000 0.200
5535.000 0.198
5540.000 0.197
5545.000 0.195
5550.000 0.193
5555.000 0.194
5560.000 0.193
5565.000 0.193
5570.000 0.192
5575.000 0.193
5580.000 0.190
5585.000 0.189
5590.000 0.190
5595.000 0.190
5600.000 0.189
5605.000 0.189
5610.000 0.188
5615.000 0.188
5620.000 0.188
5625.000 0.188
5630.000 0.188
5635.000 0.187
5640.000 0.187
5645.000 0.186
5650.000 0.186
5655.000 0.186
5660.000 0.187
5665.000 0.187
5670.000 0.187
5675.000 0.186
5680.000 0.188
5685.000 0.187
5690.000 0.188
5695.000 0.188
5700.000 0.189
5705.000 0.190
5710.000 0.190
5715.000 0.191
5720.000 0.190
5725.000 0.191
5730.000 0.192
5735.000 0.194
5740.000 0.192
5745.000 0.194
5750.000 0.194
5755.000 0.194
5760.000 0.197
5765.000 0.198
5770.000 0.198
5775.000 0.201
5780.000 0.202
5785.000 0.203
5790.000 0.204
5795.000 0.207
5800.000 0.208
5805.000 0.210
5810.000 0.210
5815.000 0.212
5820.000 0.214
5825.000 0.216
5830.000 0.217
5835.000 0.219
5840.000 0.220
5845.000 0.221
5850.000 0.221
5855.000 0.224
5860.000 0.225
5865.000 0.226
5870.000 0.227
5875.000 0.229
5880.000 0.230
5885.000 0.232
5890.000 0.236
5895.000 0.237
5900.000 0.238
5905.000 0.240
5910.000 0.243
5915.000 0.245
5920.000 0.244
5925.000 0.250
5930.000 0.253
5935.000 0.256
5940.000 0.257
5945.000 0.260
5950.000 0.262
5955.000 0.270
5960.000 0.276
5965.000 0.280
5970.000 0.281
5975.000 0.288
5980.000 0.289
5985.000 0.290
5990.000 0.304
5995.000 0.303
6000.000 0.313
6005.000 0.316
6010.000 0.321
6015.000 0.335
6020.000 0.339
6025.000 0.352
6030.000 0.356
6035.000 0.371
6040.000 0.376
6045.000 0.383
6050.000 0.398
6055.000 0.408
6060.000 0.421
6065.000 0.438
6070.000 0.454
6075.000 0.471
6080.000 0.493
6085.000 0.512
6090.000 0.539
6095.000 0.565
6100.000 0.602
6105.000 0.618
6110.000 0.658
6115.000 0.703
6120.000 0.754
6125.000 0.819
6130.000 0.904
6135.000 1.017
6140.000 1.169
6145.000 1.378
6150.000 1.678
6155.000 2.124
6160.000 2.822
6165.000 3.877
6170.000 4.671
6175.000 7.504
6180.000 8.612
6185.000 10.774
6190.000 11.688
6195.000 9.710
6200.000 6.188
6205.000 3.466
6210.000 2.319
6215.000 1.781
6220.000 1.429
6225.000 1.294
6230.000 1.089
6235.000 0.938
6240.000 0.826
6245.000 0.738
6250.000 0.665
6255.000 0.603
6260.000 0.546
6265.000 0.501
6270.000 0.460
6275.000 0.425
6280.000 0.398
6285.000 0.371
6290.000 0.360
6295.000 0.338
6300.000 0.321
6305.000 0.304
6310.000 0.291
6315.000 0.277
6320.000 0.264
6325.000 0.253
6330.000 0.243
6335.000 0.234
6340.000 0.225
6345.000 0.217
6350.000 0.214
6355.000 0.207
6360.000 0.200
6365.000 0.193
6370.000 0.189
6375.000 0.183
6380.000 0.177
6385.000 0.171
6390.000 0.166
6395.000 0.162
6400.000 0.156
6405.000 0.151
6410.000 0.148
6415.000 0.145
6420.000 0.139
6425.000 0.134
6430.000 0.129
6435.000 0.124
6440.000 0.120
6445.000 0.114
6450.000 0.109
6455.000 0.104
6460.000 0.098
6465.000 0.092
6470.000 0.089
6475.000 0.083
6480.000 0.080
6485.000 0.080
6490.000 0.084
6495.000 0.099
6500.000 0.131
6505.000 0.189
6510.000 0.308
6515.000 0.671
6520.000 2.144
6525.000 4.237
6530.000 4.804
6535.000 4.801
6540.000 1.383
6545.000 0.964
6550.000 0.816
6555.000 0.583
6560.000 0.489
6565.000 0.418
6570.000 0.364
6575.000 0.330
6580.000 0.300
6585.000 0.282
6590.000 0.265
6595.000 0.258
6600.000 0.246
6605.000 0.236
6610.000 0.227
6615.000 0.221
6620.000 0.216
6625.000 0.209
6630.000 0.204
6635.000 0.199
6640.000 0.196
6645.000 0.194
6650.000 0.191
6655.000 0.188
6660.000 0.187
6665.000 0.185
6670.000 0.182
6675.000 0.180
6680.000 0.180
6685.000 0.178
6690.000 0.176
6695.000 0.174
6700.000 0.172
6705.000 0.171
6710.000 0.172
6715.000 0.170
6720.000 0.170
6725.000 0.168
6730.000 0.168
6735.000 0.166
6740.000 0.165
6745.000 0.164
6750.000 0.163
6755.000 0.162
6760.000 0.162
6765.000 0.162
6770.000 0.162
6775.000 0.161
6780.000 0.161
6785.000 0.159
6790.000 0.159
6795.000 0.159
6800.000 0.157
6805.000 0.158
6810.000 0.157
6815.000 0.156
6820.000 0.156
6825.000 0.155
6830.000 0.154
6835.000 0.155
6840.000 0.155
6845.000 0.155
6850.000 0.154
6855.000 0.153
6860.000 0.153
6865.000 0.153
6870.000 0.152
6875.000 0.153
6880.000 0.152
6885.000 0.153
6890.000 0.152
6895.000 0.151
6900.000 0.152
6905.000 0.152
6910.000 0.151
6915.000 0.152
6920.000 0.152
6925.000 0.150
6930.000 0.151
6935.000 0.150
6940.000 0.151
6945.000 0.152
6950.000 0.151
6955.000 0.150
6960.000 0.151
6965.000 0.151
6970.000 0.149
6975.000 0.150
6980.000 0.150
6985.000 0.149
6990.000 0.151
6995.000 0.151
7000.000 0.148
7005.000 0.152
7010.000 0.153
7015.000 0.152
7020.000 0.151
7025.000 0.149
7030.000 0.150
7035.000 0.155
7040.000 0.153
7045.000 0.154
7050.000 0.154
7055.000 0.155
7060.000 0.154
7065.000 0.154
7070.000 0.155
7075.000 0.155
7080.000 0.155
7085.000 0.155
7090.000 0.155
7095.000 0.156
7100.000 0.157
7105.000 0.157
7110.000 0.158
7115.000 0.159
7120.000 0.159
7125.000 0.158
7130.000 0.159
7135.000 0.160
7140.000 0.161
7145.000 0.163
7150.000 0.163
7155.000 0.164
7160.000 0.165
7165.000 0.166
7170.000 0.167
7175.000 0.168
7180.000 0.168
7185.000 0.170
7190.000 0.171
7195.000 0.173
7200.000 0.173
7205.000 0.175
7210.000 0.175
7215.000 0.179
7220.000 0.179
7225.000 0.182
7230.000 0.184
7235.000 0.185
7240.000 0.189
7245.000 0.191
7250.000 0.194
7255.000 0.198
7260.000 0.200
7265.000 0.204
7270.000 0.208
7275.000 0.212
7280.000 0.218
7285.000 0.225
7290.000 0.231
7295.000 0.238
7300.000 0.247
7305.000 0.257
7310.000 0.269
7315.000 0.283
7320.000 0.300
7325.000 0.306
7330.000 0.321
7335.000 0.338
7340.000 0.358
7345.000 0.380
7350.000 0.413
7355.000 0.448
7360.000 0.509
7365.000 0.592
7370.000 0.705
7375.000 0.879
7380.000 1.135
7385.000 1.296
7390.000 1.763
7395.000 1.815
7400.000 1.499
7405.000 0.922
7410.000 0.530
7415.000 0.303
7420.000 0.235
7425.000 0.312
7430.000 0.325
7435.000 0.258
7440.000 0.232
7445.000 0.198
7450.000 0.171
7455.000 0.150
7460.000 0.136
7465.000 0.126
7470.000 0.117
7475.000 0.112
7480.000 0.106
7485.000 0.103
7490.000 0.101
7495.000 0.099
7500.000 0.098
7505.000 0.097
7510.000 0.096
7515.000 0.096
7520.000 0.095
7525.000 0.095
7530.000 0.097
7535.000 0.098
7540.000 0.097
7545.000 0.098
7550.000 0.098
7555.000 0.099
7560.000 0.100
7565.000 0.100
7570.000 0.101
7575.000 0.100
7580.000 0.103
7585.000 0.102
7590.000 0.105
7595.000 0.104
7600.000 0.106
7605.000 0.105
7610.000 0.106
7615.000 0.107
7620.000 0.107
7625.000 0.108
7630.000 0.110
7635.000 0.109
7640.000 0.109
7645.000 0.110
7650.000 0.111
7655.000 0.111
7660.000 0.112
7665.000 0.113
7670.000 0.113
7675.000 0.114
7680.000 0.114
7685.000 0.114
7690.000 0.115
7695.000 0.117
7700.000 0.117
7705.000 0.118
7710.000 0.119
7715.000 0.118
7720.000 0.119
7725.000 0.119
7730.000 0.120
7735.000 0.121
7740.000 0.121
7745.000 0.121
7750.000 0.122
7755.000 0.123
7760.000 0.124
7765.000 0.123
7770.000 0.125
7775.000 0.125
7780.000 0.125
7785.000 0.126
7790.000 0.127
7795.000 0.128
7800.000 0.128
7805.000 0.128
7810.000 0.130
7815.000 0.130
7820.000 0.131
7825.000 0.131
7830.000 0.131
7835.000 0.132
7840.000 0.135
7845.000 0.134
7850.000 0.135
7855.000 0.136
7860.000 0.136
7865.000 0.137
7870.000 0.137
7875.000 0.137
7880.000 0.139
7885.000 0.139
7890.000 0.139
7895.000 0.140
7900.000 0.142
7905.000 0.142
7910.000 0.142
7915.000 0.142
7920.000 0.143
7925.000 0.144
7930.000 0.144
7935.000 0.146
7940.000 0.144
7945.000 0.145
7950.000 0.145
7955.000 0.146
7960.000 0.145
7965.000 0.144
7970.000 0.139
7975.000 0.137
7980.000 0.127
7985.000 0.102
7990.000 0.088
7995.000 0.068
8000.000 1.094
8005.000 1.498
8010.000 0.750
8015.000 0.576
8020.000 0.338
8025.000 0.243
8030.000 0.211
8035.000 0.187
8040.000 0.178
8045.000 0.168
8050.000 0.167
8055.000 0.162
8060.000 0.163
8065.000 0.159
8070.000 0.163
8075.000 0.164
8080.000 0.165
8085.000 0.168
8090.000 0.167
8095.000 0.167
8100.000 0.167
8105.000 0.166
8110.000 0.168
8115.000 0.171
8120.000 0.168
8125.000 0.171
8130.000 0.173
8135.000 0.175
8140.000 0.172
8145.000 0.175
8150.000 0.175
8155.000 0.177
8160.000 0.177
8165.000 0.178
8170.000 0.178
8175.000 0.178
8180.000 0.181
8185.000 0.183
8190.000 0.184
8195.000 0.184
8200.000 0.186
8205.000 0.187
8210.000 0.186
8215.000 0.191
8220.000 0.192
8225.000 0.193
8230.000 0.195
8235.000 0.196
8240.000 0.196
8245.000 0.197
8250.000 0.198
8255.000 0.201
8260.000 0.202
8265.000 0.204
8270.000 0.207
8275.000 0.211
8280.000 0.211
8285.000 0.213
8290.000 0.215
8295.000 0.218
8300.000 0.218
8305.000 0.221
8310.000 0.223
8315.000 0.224
8320.000 0.227
8325.000 0.230
8330.000 0.233
8335.000 0.237
8340.000 0.241
8345.000 0.245
8350.000 0.248
8355.000 0.252
8360.000 0.253
8365.000 0.258
8370.000 0.264
8375.000 0.270
8380.000 0.274
8385.000 0.279
8390.000 0.288
8395.000 0.295
8400.000 0.301
8405.000 0.309
8410.000 0.318
8415.000 0.324
8420.000 0.335
8425.000 0.351
8430.000 0.366
8435.000 0.382
8440.000 0.404
8445.000 0.431
8450.000 0.465
8455.000 0.517
8460.000 0.605
8465.000 0.777
8470.000 1.167
8475.000 1.534
8480.000 2.614
8485.000 2.752
8490.000 0.514
8495.000 0.090
8500.000 0.254
8505.000 0.327
8510.000 0.373
8515.000 0.457
8520.000 0.547
8525.000 0.648
8530.000 0.758
8535.000 0.884
8540.000 0.963
8545.000 1.141
8550.000 1.374
8555.000 1.676
8560.000 2.062
8565.000 2.533
8570.000 3.043
8575.000 3.510
8580.000 3.687
8585.000 3.358
8590.000 2.618
8595.000 1.908
8600.000 1.627
8605.000 1.183
8610.000 0.881
8615.000 0.650
8620.000 0.483
8625.000 0.346
8630.000 0.283
8635.000 0.290
8640.000 0.283
8645.000 0.268
8650.000 0.253
8655.000 0.245
8660.000 0.227
8665.000 0.212
8670.000 0.199
8675.000 0.186
8680.000 0.173
8685.000 0.162
8690.000 0.152
8695.000 0.143
8700.000 0.134
8705.000 0.127
8710.000 0.121
8715.000 0.115
8720.000 0.113
8725.000 0.108
8730.000 0.104
8735.000 0.101
8740.000 0.097
8745.000 0.093
8750.000 0.091
8755.000 0.090
8760.000 0.085
8765.000 0.084
8770.000 0.082
8775.000 0.081
8780.000 0.079
8785.000 0.078
8790.000 0.076
8795.000 0.075
8800.000 0.075
8805.000 0.073
8810.000 0.072
8815.000 0.070
8820.000 0.075
8825.000 0.076
8830.000 0.064
8835.000 0.073
8840.000 0.069
8845.000 0.070
8850.000 0.066
8855.000 0.066
8860.000 0.065
8865.000 0.066
8870.000 0.065
8875.000 0.064
8880.000 0.064
8885.000 0.064
8890.000 0.062
8895.000 0.063
8900.000 0.063
8905.000 0.062
8910.000 0.062
8915.000 0.062
8920.000 0.062
8925.000 0.062
8930.000 0.062
8935.000 0.063
8940.000 0.062
8945.000 0.061
8950.000 0.062
8955.000 0.060
8960.000 0.061
8965.000 0.062
8970.000 0.062
8975.000 0.062
8980.000 0.062
8985.000 0.063
8990.000 0.062
8995.000 0.061
9000.000 0.064
9005.000 0.060
9010.000 0.060
9015.000 0.063
9020.000 0.060
9025.000 0.062
9030.000 0.065
9035.000 0.062
9040.000 0.064
9045.000 0.064
9050.000 0.062
9055.000 0.065
9060.000 0.064
9065.000 0.062
9070.000 0.064
9075.000 0.064
9080.000 0.064
9085.000 0.065
9090.000 0.064
9095.000 0.064
9100.000 0.065
9105.000 0.065
9110.000 0.065
9115.000 0.064
9120.000 0.065
9125.000 0.065
9130.000 0.065
9135.000 0.065
9140.000 0.066
9145.000 0.066
9150.000 0.066
9155.000 0.066
9160.000 0.068
9165.000 0.067
9170.000 0.068
9175.000 0.067
9180.000 0.067
9185.000 0.069
9190.000 0.069
9195.000 0.070
9200.000 0.070
9205.000 0.069
9210.000 0.070
9215.000 0.071
9220.000 0.070
9225.000 0.071
9230.000 0.073
9235.000 0.072
9240.000 0.074
9245.000 0.074
9250.000 0.076
9255.000 0.077
9260.000 0.077
9265.000 0.079
9270.000 0.078
9275.000 0.080
9280.000 0.082
9285.000 0.083
9290.000 0.084
9295.000 0.087
9300.000 0.089
9305.000 0.091
9310.000 0.095
9315.000 0.097
9320.000 0.102
9325.000 0.106
9330.000 0.112
9335.000 0.114
9340.000 0.121
9345.000 0.129
9350.000 0.139
9355.000 0.151
9360.000 0.166
9365.000 0.183
9370.000 0.205
9375.000 0.232
9380.000 0.278
9385.000 0.350
9390.000 0.413
9395.000 0.599
9400.000 0.959
9405.000 1.546
9410.000 2.241
9415.000 2.381
9420.000 1.043
9425.000 1.263
9430.000 1.061
9435.000 0.533
9440.000 0.407
9445.000 0.315
9450.000 0.283
9455.000 0.234
9460.000 0.201
9465.000 0.181
9470.000 0.165
9475.000 0.152
9480.000 0.142
9485.000 0.136
9490.000 0.128
9495.000 0.122
9500.000 0.119
9505.000 0.117
9510.000 0.116
9515.000 0.115
9520.000 0.113
9525.000 0.114
9530.000 0.113
9535.000 0.113
9540.000 0.114
9545.000 0.114
9550.000 0.117
9555.000 0.120
9560.000 0.123
9565.000 0.124
9570.000 0.130
9575.000 0.132
9580.000 0.135
9585.000 0.140
9590.000 0.147
9595.000 0.155
9600.000 0.161
9605.000 0.169
9610.000 0.177
9615.000 0.187
9620.000 0.198
9625.000 0.207
9630.000 0.220
9635.000 0.224
9640.000 0.239
9645.000 0.254
9650.000 0.271
9655.000 0.289
9660.000 0.310
9665.000 0.334
9670.000 0.359
9675.000 0.392
9680.000 0.429
9685.000 0.477
9690.000 0.503
9695.000 0.569
9700.000 0.656
9705.000 0.771
9710.000 0.925
9715.000 1.137
9720.000 1.429
9725.000 1.819
9730.000 2.307
9735.000 2.875
9740.000 3.437
9745.000 3.852
9750.000 3.898
9755.000 3.721
9760.000 3.080
9765.000 2.389
9770.000 1.835
9775.000 1.422
9780.000 1.133
9785.000 0.919
9790.000 0.757
9795.000 0.648
9800.000 0.601
9805.000 0.614
9810.000 0.611
9815.000 0.588
9820.000 0.572
9825.000 0.545
9830.000 0.525
9835.000 0.503
9840.000 0.478
9845.000 0.459
9850.000 0.442
9855.000 0.427
9860.000 0.411
9865.000 0.399
9870.000 0.384
9875.000 0.375
9880.000 0.369
9885.000 0.359
9890.000 0.348
9895.000 0.340
9900.000 0.332
9905.000 0.324
9910.000 0.316
9915.000 0.310
9920.000 0.303
9925.000 0.299
9930.000 0.290
9935.000 0.289
9940.000 0.280
9945.000 0.273
9950.000 0.268
9955.000 0.264
9960.000 0.257
9965.000 0.253
9970.000 0.248
9975.000 0.243
9980.000 0.239
9985.000 0.235
9990.000 0.232
9995.000 0.228
10000.000 0.221
10005.000 0.219
10010.000 0.215
10015.000 0.210
10020.000 0.205
10025.000 0.198
10030.000 0.195
10035.000 0.189
10040.000 0.184
10045.000 0.175
10050.000 0.165
10055.000 0.159
10060.000 0.154
10065.000 0.144
10070.000 0.130
10075.000 0.115
10080.000 0.097
10085.000 0.073
10090.000 0.045
10095.000 0.078
10100.000 0.258
10105.000 0.715
10110.000 1.391
10115.000 1.431
10120.000 0.766
10125.000 0.689
10130.000 0.540
10135.000 0.486
10140.000 0.433
10145.000 0.397
10150.000 0.372
10155.000 0.346
10160.000 0.319
10165.000 0.299
10170.000 0.277
10175.000 0.262
10180.000 0.256
10185.000 0.246
10190.000 0.242
10195.000 0.238
10200.000 0.237
10205.000 0.234
10210.000 0.232
10215.000 0.232
10220.000 0.228
10225.000 0.228
10230.000 0.228
10235.000 0.225
10240.000 0.226
10245.000 0.224
10250.000 0.223
10255.000 0.220
10260.000 0.220
10265.000 0.219
10270.000 0.218
10275.000 0.218
10280.000 0.217
10285.000 0.216
10290.000 0.216
10295.000 0.214
10300.000 0.212
10305.000 0.211
10310.000 0.213
10315.000 0.211
10320.000 0.210
10325.000 0.211
10330.000 0.208
10335.000 0.208
10340.000 0.207
10345.000 0.207
10350.000 0.208
10355.000 0.206
10360.000 0.204
10365.000 0.205
10370.000 0.206
10375.000 0.202
10380.000 0.202
10385.000 0.201
10390.000 0.202
10395.000 0.202
10400.000 0.203
10405.000 0.202
10410.000 0.201
10415.000 0.199
10420.000 0.198
10425.000 0.201
10430.000 0.199
10435.000 0.198
10440.000 0.197
10445.000 0.196
10450.000 0.196
10455.000 0.197
10460.000 0.194
10465.000 0.195
10470.000 0.194
10475.000 0.193
10480.000 0.195
10485.000 0.193
10490.000 0.193
10495.000 0.193
10500.000 0.192
10505.000 0.193
10510.000 0.192
10515.000 0.191
10520.000 0.190
10525.000 0.192
10530.000 0.190
10535.000 0.192
10540.000 0.191
10545.000 0.191
10550.000 0.190
10555.000 0.188
10560.000 0.188
10565.000 0.189
10570.000 0.188
10575.000 0.187
10580.000 0.185
10585.000 0.185
10590.000 0.185
10595.000 0.184
10600.000 0.182
10605.000 0.182
10610.000 0.181
10615.000 0.183
10620.000 0.180
10625.000 0.179
10630.000 0.179
10635.000 0.177
10640.000 0.178
10645.000 0.176
10650.000 0.174
10655.000 0.172
10660.000 0.172
10665.000 0.171
10670.000 0.169
10675.000 0.167
10680.000 0.162
10685.000 0.162
10690.000 0.160
10695.000 0.156
10700.000 0.153
10705.000 0.147
10710.000 0.139
10715.000 0.135
10720.000 0.126
10725.000 0.117
10730.000 0.111
10735.000 0.092
10740.000 0.082
10745.000 0.071
10750.000 0.073
10755.000 0.117
10760.000 0.296
10765.000 0.632
10770.000 1.031
10775.000 1.358
10780.000 1.361
10785.000 1.138
10790.000 1.048
10795.000 0.921
10800.000 0.889
10805.000 0.758
10810.000 0.869
10815.000 0.794
10820.000 0.759
10825.000 0.721
10830.000 0.691
10835.000 0.665
10840.000 0.640
10845.000 0.626
10850.000 0.614
10855.000 0.609
10860.000 0.609
10865.000 0.617
10870.000 0.648
10875.000 0.674
10880.000 0.716
10885.000 0.767
10890.000 0.833
10895.000 0.903
10900.000 0.954
10905.000 0.984
10910.000 0.973
10915.000 0.891
10920.000 0.755
10925.000 0.601
10930.000 0.465
10935.000 0.360
10940.000 0.282
10945.000 0.226
10950.000 0.186
10955.000 0.159
10960.000 0.142
10965.000 0.138
10970.000 0.138
10975.000 0.163
10980.000 0.215
10985.000 0.287
10990.000 0.346
10995.000 0.341
11000.000 0.305
11005.000 0.261
11010.000 0.231
11015.000 0.207
11020.000 0.193
11025.000 0.184
11030.000 0.179
11035.000 0.177
11040.000 0.178
11045.000 0.170
11050.000 0.162
11055.000 0.159
11060.000 0.158
11065.000 0.157
11070.000 0.154
11075.000 0.154
11080.000 0.156
11085.000 0.152
11090.000 0.152
11095.000 0.151
11100.000 0.153
11105.000 0.151
11110.000 0.150
11115.000 0.151
11120.000 0.151
11125.000 0.152
11130.000 0.150
11135.000 0.151
11140.000 0.150
11145.000 0.151
11150.000 0.151
11155.000 0.151
11160.000 0.152
11165.000 0.152
11170.000 0.151
11175.000 0.152
11180.000 0.150
11185.000 0.152
11190.000 0.151
11195.000 0.152
11200.000 0.152
11205.000 0.152
11210.000 0.150
11215.000 0.152
11220.000 0.151
11225.000 0.151
11230.000 0.151
11235.000 0.150
11240.000 0.152
11245.000 0.152
11250.000 0.152
11255.000 0.151
11260.000 0.155
11265.000 0.154
11270.000 0.152
11275.000 0.152
11280.000 0.153
11285.000 0.152
11290.000 0.152
11295.000 0.152
11300.000 0.153
11305.000 0.153
11310.000 0.154
11315.000 0.150
11320.000 0.150
11325.000 0.151
11330.000 0.152
11335.000 0.151
11340.000 0.152
11345.000 0.151
11350.000 0.151
11355.000 0.151
11360.000 0.151
11365.000 0.150
11370.000 0.152
11375.000 0.151
11380.000 0.151
11385.000 0.150
11390.000 0.152
11395.000 0.150
11400.000 0.150
11405.000 0.150
11410.000 0.151
11415.000 0.151
11420.000 0.150
11425.000 0.151
11430.000 0.151
11435.000 0.150
11440.000 0.150
11445.000 0.149
11450.000 0.151
11455.000 0.151
11460.000 0.151
11465.000 0.152
11470.000 0.150
11475.000 0.152
11480.000 0.151
11485.000 0.152
11490.000 0.151
11495.000 0.152
11500.000 0.153
11505.000 0.152
11510.000 0.152
11515.000 0.154
11520.000 0.153
11525.000 0.152
11530.000 0.153
11535.000 0.152
11540.000 0.152
11545.000 0.154
11550.000 0.153
11555.000 0.154
11560.000 0.155
11565.000 0.155
11570.000 0.156
11575.000 0.157
11580.000 0.156
11585.000 0.156
11590.000 0.157
11595.000 0.157
11600.000 0.158
11605.000 0.158
11610.000 0.158
11615.000 0.159
11620.000 0.157
11625.000 0.154
11630.000 0.154
11635.000 0.169
11640.000 0.263
11645.000 0.339
11650.000 0.231
11655.000 0.200
11660.000 0.169
11665.000 0.164
11670.000 0.156
11675.000 0.153
11680.000 0.153
11685.000 0.155
11690.000 0.156
11695.000 0.157
11700.000 0.158
11705.000 0.159
11710.000 0.160
11715.000 0.161
11720.000 0.163
11725.000 0.163
11730.000 0.164
11735.000 0.163
11740.000 0.165
11745.000 0.165
11750.000 0.167
11755.000 0.169
11760.000 0.170
11765.000 0.171
11770.000 0.172
11775.000 0.173
11780.000 0.174
11785.000 0.174
11790.000 0.174
11795.000 0.176
11800.000 0.178
11805.000 0.180
11810.000 0.180
11815.000 0.182
11820.000 0.182
11825.000 0.186
11830.000 0.186
11835.000 0.190
11840.000 0.190
11845.000 0.192
11850.000 0.194
11855.000 0.196
11860.000 0.198
11865.000 0.201
11870.000 0.204
11875.000 0.207
11880.000 0.213
11885.000 0.215
11890.000 0.221
11895.000 0.225
11900.000 0.229
11905.000 0.237
11910.000 0.243
11915.000 0.251
11920.000 0.263
11925.000 0.274
11930.000 0.292
11935.000 0.317
11940.000 0.349
11945.000 0.406
11950.000 0.502
11955.000 0.653
11960.000 0.759
11965.000 0.701
11970.000 0.321
11975.000 0.027
11980.000 0.049
11985.000 0.097
11990.000 0.151
11995.000 0.196
12000.000 0.238
