105.000 0.003
110.000 0.670
115.000 0.881
120.000 0.963
125.000 1.142
130.000 1.267
135.000 1.283
140.000 1.304
145.000 1.330
150.000 1.301
155.000 1.278
160.000 1.244
165.000 1.219
170.000 1.215
175.000 1.179
180.000 1.175
185.000 1.214
190.000 1.166
195.000 1.193
200.000 1.206
205.000 1.207
210.000 1.259
215.000 1.280
220.000 1.299
225.000 1.298
230.000 1.334
235.000 1.353
240.000 1.352
245.000 1.382
250.000 1.418
255.000 1.447
260.000 1.449
265.000 1.472
270.000 1.484
275.000 1.499
280.000 1.502
285.000 1.529
290.000 1.554
295.000 1.543
300.000 1.561
305.000 1.550
310.000 1.572
315.000 1.573
320.000 1.565
325.000 1.591
330.000 1.616
335.000 1.652
340.000 1.694
345.000 1.777
350.000 1.850
355.000 1.906
360.000 2.013
365.000 2.030
370.000 2.130
375.000 2.255
380.000 2.386
385.000 2.493
390.000 2.654
395.000 2.789
400.000 2.895
405.000 2.986
410.000 3.041
415.000 3.028
420.000 2.937
425.000 2.788
430.000 2.696
435.000 2.429
440.000 2.118
445.000 1.839
450.000 1.580
455.000 1.361
460.000 1.190
465.000 1.079
470.000 0.974
475.000 0.892
480.000 0.838
485.000 0.800
490.000 0.751
495.000 0.708
500.000 0.663
505.000 0.624
510.000 0.593
515.000 0.565
520.000 0.535
525.000 0.509
530.000 0.488
535.000 0.457
540.000 0.437
545.000 0.421
550.000 0.394
555.000 0.379
560.000 0.369
565.000 0.349
570.000 0.337
575.000 0.314
580.000 0.301
585.000 0.286
590.000 0.275
595.000 0.260
600.000 0.254
605.000 0.246
610.000 0.242
615.000 0.229
620.000 0.224
625.000 0.218
630.000 0.212
635.000 0.204
640.000 0.201
645.000 0.196
650.000 0.192
655.000 0.190
660.000 0.183
665.000 0.181
670.000 0.179
675.000 0.173
680.000 0.171
685.000 0.165
690.000 0.163
695.000 0.161
700.000 0.157
705.000 0.156
710.000 0.152
715.000 0.150
720.000 0.146
725.000 0.144
730.000 0.143
735.000 0.143
740.000 0.140
745.000 0.139
750.000 0.135
755.000 0.131
760.000 0.131
765.000 0.130
770.000 0.130
775.000 0.129
780.000 0.129
785.000 0.129
790.000 0.129
795.000 0.124
800.000 0.124
805.000 0.129
810.000 0.123
815.000 0.124
820.000 0.120
825.000 0.121
830.000 0.121
835.000 0.119
840.000 0.115
845.000 0.119
850.000 0.117
855.000 0.118
860.000 0.115
865.000 0.116
870.000 0.115
875.000 0.116
880.000 0.119
885.000 0.112
890.000 0.113
895.000 0.113
900.000 0.111
905.000 0.111
910.000 0.113
915.000 0.110
920.000 0.112
925.000 0.111
930.000 0.110
935.000 0.110
940.000 0.108
945.000 0.109
950.000 0.113
955.000 0.111
960.000 0.114
965.000 0.109
970.000 0.111
975.000 0.107
980.000 0.103
985.000 0.111
990.000 0.107
995.000 0.110
1000.000 0.114
1005.000 0.105
1010.000 0.104
1015.000 0.108
1020.000 0.109
1025.000 0.104
1030.000 0.110
1035.000 0.107
1040.000 0.113
1045.000 0.107
1050.000 0.105
1055.000 0.109
1060.000 0.105
1065.000 0.106
1070.000 0.107
1075.000 0.105
1080.000 0.110
1085.000 0.107
1090.000 0.105
1095.000 0.108
1100.000 0.107
1105.000 0.106
1110.000 0.109
1115.000 0.108
1120.000 0.107
1125.000 0.107
1130.000 0.106
1135.000 0.109
1140.000 0.106
1145.000 0.108
1150.000 0.107
1155.000 0.104
1160.000 0.108
1165.000 0.107
1170.000 0.107
1175.000 0.109
1180.000 0.109
1185.000 0.107
1190.000 0.108
1195.000 0.107
1200.000 0.109
1205.000 0.108
1210.000 0.110
1215.000 0.110
1220.000 0.108
1225.000 0.111
1230.000 0.109
1235.000 0.112
1240.000 0.111
1245.000 0.112
1250.000 0.110
1255.000 0.111
1260.000 0.111
1265.000 0.112
1270.000 0.112
1275.000 0.115
1280.000 0.113
1285.000 0.115
1290.000 0.115
1295.000 0.115
1300.000 0.114
1305.000 0.115
1310.000 0.116
1315.000 0.115
1320.000 0.118
1325.000 0.116
1330.000 0.116
1335.000 0.119
1340.000 0.119
1345.000 0.120
1350.000 0.119
1355.000 0.121
1360.000 0.119
1365.000 0.121
1370.000 0.123
1375.000 0.123
1380.000 0.122
1385.000 0.124
1390.000 0.124
1395.000 0.125
1400.000 0.125
1405.000 0.124
1410.000 0.127
1415.000 0.128
1420.000 0.128
1425.000 0.129
1430.000 0.133
1435.000 0.133
1440.000 0.131
1445.000 0.130
1450.000 0.129
1455.000 0.129
1460.000 0.128
1465.000 0.125
1470.000 0.127
1475.000 0.127
1480.000 0.123
1485.000 0.125
1490.000 0.123
1495.000 0.125
1500.000 0.127
1505.000 0.129
1510.000 0.132
1515.000 0.134
1520.000 0.136
1525.000 0.138
1530.000 0.143
1535.000 0.144
1540.000 0.147
1545.000 0.149
1550.000 0.150
1555.000 0.154
1560.000 0.156
1565.000 0.162
1570.000 0.165
1575.000 0.165
1580.000 0.169
1585.000 0.171
1590.000 0.173
1595.000 0.179
1600.000 0.180
1605.000 0.183
1610.000 0.185
1615.000 0.190
1620.000 0.193
1625.000 0.196
1630.000 0.202
1635.000 0.206
1640.000 0.210
1645.000 0.213
1650.000 0.215
1655.000 0.218
1660.000 0.224
1665.000 0.230
1670.000 0.236
1675.000 0.240
1680.000 0.247
1685.000 0.251
1690.000 0.257
1695.000 0.263
1700.000 0.267
1705.000 0.270
1710.000 0.281
1715.000 0.283
1720.000 0.290
1725.000 0.295
1730.000 0.300
1735.000 0.311
1740.000 0.318
1745.000 0.324
1750.000 0.334
1755.000 0.341
1760.000 0.344
1765.000 0.355
1770.000 0.362
1775.000 0.365
1780.000 0.374
1785.000 0.381
1790.000 0.388
1795.000 0.393
1800.000 0.403
1805.000 0.408
1810.000 0.414
1815.000 0.422
1820.000 0.427
1825.000 0.432
1830.000 0.439
1835.000 0.438
1840.000 0.444
1845.000 0.450
1850.000 0.454
1855.000 0.454
1860.000 0.454
1865.000 0.456
1870.000 0.456
1875.000 0.457
1880.000 0.458
1885.000 0.455
1890.000 0.458
1895.000 0.455
1900.000 0.455
1905.000 0.455
1910.000 0.452
1915.000 0.450
1920.000 0.449
1925.000 0.447
1930.000 0.445
1935.000 0.439
1940.000 0.440
1945.000 0.440
1950.000 0.436
1955.000 0.435
1960.000 0.428
1965.000 0.422
1970.000 0.427
1975.000 0.419
1980.000 0.421
1985.000 0.419
1990.000 0.422
1995.000 0.420
2000.000 0.409
2005.000 0.413
2010.000 0.412
2015.000 0.406
2020.000 0.405
2025.000 0.399
2030.000 0.400
2035.000 0.397
2040.000 0.401
2045.000 0.398
2050.000 0.398
2055.000 0.393
2060.000 0.394
2065.000 0.394
2070.000 0.399
2075.000 0.398
2080.000 0.397
2085.000 0.401
2090.000 0.398
2095.000 0.400
2100.000 0.401
2105.000 0.402
2110.000 0.404
2115.000 0.407
2120.000 0.411
2125.000 0.412
2130.000 0.417
2135.000 0.420
2140.000 0.427
2145.000 0.431
2150.000 0.436
2155.000 0.441
2160.000 0.444
2165.000 0.453
2170.000 0.462
2175.000 0.470
2180.000 0.481
2185.000 0.486
2190.000 0.507
2195.000 0.519
2200.000 0.537
2205.000 0.543
2210.000 0.563
2215.000 0.584
2220.000 0.606
2225.000 0.638
2230.000 0.672
2235.000 0.713
2240.000 0.763
2245.000 0.791
2250.000 0.862
2255.000 0.963
2260.000 1.101
2265.000 1.310
2270.000 1.655
2275.000 2.201
2280.000 3.149
2285.000 4.610
2290.000 6.688
2295.000 10.415
2300.000 12.260
2305.000 5.116
2310.000 3.869
2315.000 2.297
2320.000 1.278
2325.000 1.083
2330.000 0.803
2335.000 0.619
2340.000 0.489
2345.000 0.396
2350.000 0.328
2355.000 0.276
2360.000 0.237
2365.000 0.205
2370.000 0.191
2375.000 0.158
2380.000 0.147
2385.000 0.130
2390.000 0.116
2395.000 0.104
2400.000 0.093
2405.000 0.083
2410.000 0.074
2415.000 0.067
2420.000 0.059
2425.000 0.052
2430.000 0.051
2435.000 0.045
2440.000 0.040
2445.000 0.033
2450.000 0.032
2455.000 0.029
2460.000 0.024
2465.000 0.022
2470.000 0.018
2475.000 0.016
2480.000 0.014
2485.000 0.013
2490.000 0.012
2495.000 0.011
2500.000 0.010
2505.000 0.011
2510.000 0.011
2515.000 0.012
2520.000 0.013
2525.000 0.013
2530.000 0.014
2535.000 0.016
2540.000 0.016
2545.000 0.017
2550.000 0.017
2555.000 0.018
2560.000 0.020
2565.000 0.021
2570.000 0.021
2575.000 0.023
2580.000 0.024
2585.000 0.024
2590.000 0.025
2595.000 0.026
2600.000 0.027
2605.000 0.028
2610.000 0.028
2615.000 0.029
2620.000 0.029
2625.000 0.030
2630.000 0.030
2635.000 0.032
2640.000 0.031
2645.000 0.032
2650.000 0.033
2655.000 0.033
2660.000 0.034
2665.000 0.034
2670.000 0.035
2675.000 0.035
2680.000 0.035
2685.000 0.036
2690.000 0.036
2695.000 0.036
2700.000 0.036
2705.000 0.037
2710.000 0.038
2715.000 0.038
2720.000 0.038
2725.000 0.039
2730.000 0.038
2735.000 0.039
2740.000 0.040
2745.000 0.040
2750.000 0.040
2755.000 0.040
2760.000 0.042
2765.000 0.041
2770.000 0.042
2775.000 0.041
2780.000 0.042
2785.000 0.042
2790.000 0.042
2795.000 0.044
2800.000 0.044
2805.000 0.045
2810.000 0.045
2815.000 0.045
2820.000 0.046
2825.000 0.046
2830.000 0.047
2835.000 0.048
2840.000 0.047
2845.000 0.049
2850.000 0.050
2855.000 0.050
2860.000 0.050
2865.000 0.052
2870.000 0.053
2875.000 0.052
2880.000 0.053
2885.000 0.053
2890.000 0.055
2895.000 0.055
2900.000 0.056
2905.000 0.057
2910.000 0.057
2915.000 0.059
2920.000 0.059
2925.000 0.061
2930.000 0.061
2935.000 0.062
2940.000 0.062
2945.000 0.061
2950.000 0.064
2955.000 0.064
2960.000 0.067
2965.000 0.065
2970.000 0.067
2975.000 0.066
2980.000 0.066
2985.000 0.071
2990.000 0.066
2995.000 0.067
3000.000 0.072
3005.000 0.067
3010.000 0.069
3015.000 0.069
3020.000 0.072
3025.000 0.074
3030.000 0.072
3035.000 0.076
3040.000 0.076
3045.000 0.076
3050.000 0.073
3055.000 0.073
3060.000 0.077
3065.000 0.075
3070.000 0.077
3075.000 0.077
3080.000 0.076
3085.000 0.079
3090.000 0.079
3095.000 0.079
3100.000 0.080
3105.000 0.080
3110.000 0.080
3115.000 0.081
3120.000 0.081
3125.000 0.082
3130.000 0.081
3135.000 0.083
3140.000 0.083
3145.000 0.083
3150.000 0.083
3155.000 0.084
3160.000 0.084
3165.000 0.085
3170.000 0.087
3175.000 0.086
3180.000 0.086
3185.000 0.085
3190.000 0.086
3195.000 0.087
3200.000 0.087
3205.000 0.088
3210.000 0.087
3215.000 0.087
3220.000 0.088
3225.000 0.089
3230.000 0.089
3235.000 0.088
3240.000 0.089
3245.000 0.089
3250.000 0.089
3255.000 0.089
3260.000 0.091
3265.000 0.091
3270.000 0.091
3275.000 0.091
3280.000 0.090
3285.000 0.092
3290.000 0.092
3295.000 0.093
3300.000 0.092
3305.000 0.092
3310.000 0.094
3315.000 0.094
3320.000 0.094
3325.000 0.095
3330.000 0.095
3335.000 0.095
3340.000 0.094
3345.000 0.095
3350.000 0.097
3355.000 0.097
3360.000 0.096
3365.000 0.098
3370.000 0.097
3375.000 0.098
3380.000 0.098
3385.000 0.099
3390.000 0.098
3395.000 0.101
3400.000 0.101
3405.000 0.100
3410.000 0.102
3415.000 0.101
3420.000 0.102
3425.000 0.104
3430.000 0.104
3435.000 0.104
3440.000 0.106
3445.000 0.107
3450.000 0.107
3455.000 0.108
3460.000 0.109
3465.000 0.110
3470.000 0.111
3475.000 0.112
3480.000 0.113
3485.000 0.114
3490.000 0.115
3495.000 0.117
3500.000 0.118
3505.000 0.118
3510.000 0.122
3515.000 0.124
3520.000 0.125
3525.000 0.127
3530.000 0.128
3535.000 0.133
3540.000 0.133
3545.000 0.137
3550.000 0.139
3555.000 0.144
3560.000 0.147
3565.000 0.151
3570.000 0.157
3575.000 0.162
3580.000 0.168
3585.000 0.175
3590.000 0.185
3595.000 0.190
3600.000 0.201
3605.000 0.223
3610.000 0.234
3615.000 0.252
3620.000 0.279
3625.000 0.316
3630.000 0.369
3635.000 0.449
3640.000 0.566
3645.000 0.754
3650.000 0.894
3655.000 1.712
3660.000 2.137
3665.000 3.299
3670.000 4.638
3675.000 5.144
3680.000 2.253
3685.000 1.308
3690.000 0.868
3695.000 0.609
3700.000 0.482
3705.000 0.427
3710.000 0.349
3715.000 0.293
3720.000 0.251
3725.000 0.220
3730.000 0.195
3735.000 0.176
3740.000 0.161
3745.000 0.148
3750.000 0.139
3755.000 0.131
3760.000 0.125
3765.000 0.118
3770.000 0.117
3775.000 0.112
3780.000 0.109
3785.000 0.105
3790.000 0.103
3795.000 0.101
3800.000 0.099
3805.000 0.097
3810.000 0.096
3815.000 0.094
3820.000 0.094
3825.000 0.093
3830.000 0.093
3835.000 0.091
3840.000 0.091
3845.000 0.090
3850.000 0.090
3855.000 0.090
3860.000 0.088
3865.000 0.087
3870.000 0.089
3875.000 0.089
3880.000 0.088
3885.000 0.087
3890.000 0.087
3895.000 0.087
3900.000 0.085
3905.000 0.085
3910.000 0.085
3915.000 0.085
3920.000 0.085
3925.000 0.085
3930.000 0.084
3935.000 0.084
3940.000 0.082
3945.000 0.082
3950.000 0.083
3955.000 0.080
3960.000 0.082
3965.000 0.083
3970.000 0.082
3975.000 0.084
3980.000 0.083
3985.000 0.079
3990.000 0.083
3995.000 0.082
4000.000 0.079
4005.000 0.080
4010.000 0.082
4015.000 0.079
4020.000 0.081
4025.000 0.081
4030.000 0.084
4035.000 0.081
4040.000 0.084
4045.000 0.082
4050.000 0.082
4055.000 0.080
4060.000 0.082
4065.000 0.084
4070.000 0.083
4075.000 0.084
4080.000 0.083
4085.000 0.083
4090.000 0.084
4095.000 0.083
4100.000 0.084
4105.000 0.084
4110.000 0.084
4115.000 0.085
4120.000 0.085
4125.000 0.086
4130.000 0.086
4135.000 0.085
4140.000 0.086
4145.000 0.086
4150.000 0.086
4155.000 0.087
4160.000 0.087
4165.000 0.087
4170.000 0.089
4175.000 0.088
4180.000 0.088
4185.000 0.089
4190.000 0.090
4195.000 0.090
4200.000 0.090
4205.000 0.090
4210.000 0.091
4215.000 0.093
4220.000 0.093
4225.000 0.093
4230.000 0.094
4235.000 0.095
4240.000 0.094
4245.000 0.096
4250.000 0.095
4255.000 0.097
4260.000 0.098
4265.000 0.097
4270.000 0.098
4275.000 0.100
4280.000 0.099
4285.000 0.099
4290.000 0.100
4295.000 0.099
4300.000 0.100
4305.000 0.099
4310.000 0.101
4315.000 0.100
4320.000 0.100
4325.000 0.099
4330.000 0.099
4335.000 0.099
4340.000 0.098
4345.000 0.098
4350.000 0.099
4355.000 0.099
4360.000 0.098
4365.000 0.097
4370.000 0.099
4375.000 0.098
4380.000 0.098
4385.000 0.100
4390.000 0.099
4395.000 0.100
4400.000 0.099
4405.000 0.098
4410.000 0.099
4415.000 0.099
4420.000 0.099
4425.000 0.101
4430.000 0.099
4435.000 0.099
4440.000 0.099
4445.000 0.098
4450.000 0.099
4455.000 0.098
4460.000 0.099
4465.000 0.098
4470.000 0.099
4475.000 0.099
4480.000 0.100
4485.000 0.099
4490.000 0.099
4495.000 0.100
4500.000 0.100
4505.000 0.100
4510.000 0.100
4515.000 0.100
4520.000 0.100
4525.000 0.101
4530.000 0.102
4535.000 0.101
4540.000 0.101
4545.000 0.102
4550.000 0.101
4555.000 0.101
4560.000 0.101
4565.000 0.101
4570.000 0.101
4575.000 0.100
4580.000 0.100
4585.000 0.101
4590.000 0.102
4595.000 0.101
4600.000 0.103
4605.000 0.102
4610.000 0.103
4615.000 0.103
4620.000 0.102
4625.000 0.101
4630.000 0.103
4635.000 0.103
4640.000 0.103
4645.000 0.105
4650.000 0.104
4655.000 0.106
4660.000 0.104
4665.000 0.104
4670.000 0.104
4675.000 0.105
4680.000 0.105
4685.000 0.107
4690.000 0.108
4695.000 0.107
4700.000 0.107
4705.000 0.108
4710.000 0.109
4715.000 0.108
4720.000 0.111
4725.000 0.110
4730.000 0.111
4735.000 0.114
4740.000 0.113
4745.000 0.114
4750.000 0.115
4755.000 0.118
4760.000 0.119
4765.000 0.122
4770.000 0.121
4775.000 0.124
4780.000 0.127
4785.000 0.128
4790.000 0.132
4795.000 0.135
4800.000 0.138
4805.000 0.140
4810.000 0.145
4815.000 0.148
4820.000 0.153
4825.000 0.159
4830.000 0.166
4835.000 0.173
4840.000 0.183
4845.000 0.192
4850.000 0.204
4855.000 0.215
4860.000 0.230
4865.000 0.236
4870.000 0.254
4875.000 0.275
4880.000 0.300
4885.000 0.331
4890.000 0.373
4895.000 0.430
4900.000 0.506
4905.000 0.617
4910.000 0.811
4915.000 1.076
4920.000 1.276
4925.000 1.891
4930.000 2.897
4935.000 4.461
4940.000 4.824
4945.000 1.472
4950.000 2.900
4955.000 4.423
4960.000 5.632
4965.000 3.890
4970.000 2.618
4975.000 1.867
4980.000 1.366
4985.000 1.207
4990.000 0.951
4995.000 0.794
5000.000 0.689
5005.000 0.603
5010.000 0.550
5015.000 0.515
5020.000 0.493
5025.000 0.470
5030.000 0.448
5035.000 0.427
5040.000 0.403
5045.000 0.394
5050.000 0.366
5055.000 0.358
5060.000 0.337
5065.000 0.331
5070.000 0.320
5075.000 0.311
5080.000 0.303
5085.000 0.294
5090.000 0.288
5095.000 0.284
5100.000 0.277
5105.000 0.274
5110.000 0.270
5115.000 0.269
5120.000 0.265
5125.000 0.261
5130.000 0.260
5135.000 0.256
5140.000 0.256
5145.000 0.252
5150.000 0.251
5155.000 0.252
5160.000 0.248
5165.000 0.247
5170.000 0.246
5175.000 0.247
5180.000 0.245
5185.000 0.244
5190.000 0.245
5195.000 0.243
5200.000 0.245
5205.000 0.243
5210.000 0.242
5215.000 0.242
5220.000 0.241
5225.000 0.242
5230.000 0.240
5235.000 0.240
5240.000 0.239
5245.000 0.241
5250.000 0.240
5255.000 0.239
5260.000 0.239
5265.000 0.239
5270.000 0.240
5275.000 0.240
5280.000 0.240
5285.000 0.242
5290.000 0.240
5295.000 0.241
5300.000 0.241
5305.000 0.240
5310.000 0.240
5315.000 0.241
5320.000 0.239
5325.000 0.240
5330.000 0.239
5335.000 0.239
5340.000 0.239
5345.000 0.238
5350.000 0.237
5355.000 0.238
5360.000 0.237
5365.000 0.236
5370.000 0.236
5375.000 0.235
5380.000 0.234
5385.000 0.234
5390.000 0.234
5395.000 0.232
5400.000 0.233
5405.000 0.231
5410.000 0.231
5415.000 0.230
5420.000 0.228
5425.000 0.228
5430.000 0.228
5435.000 0.227
5440.000 0.225
5445.000 0.226
5450.000 0.223
5455.000 0.224
5460.000 0.223
5465.000 0.222
5470.000 0.222
5475.000 0.222
5480.000 0.219
5485.000 0.219
5490.000 0.220
5495.000 0.221
5500.000 0.220
5505.000 0.217
5510.000 0.217
5515.000 0.216
5520.000 0.217
5525.000 0.218
5530.000 0.216
5535.000 0.216
5540.000 0.214
5545.000 0.214
5550.000 0.214
5555.000 0.213
5560.000 0.212
5565.000 0.211
5570.000 0.210
5575.000 0.210
5580.000 0.207
5585.000 0.210
5590.000 0.209
5595.000 0.209
5600.000 0.209
5605.000 0.207
5610.000 0.206
5615.000 0.205
5620.000 0.204
5625.000 0.205
5630.000 0.205
5635.000 0.204
5640.000 0.205
5645.000 0.205
5650.000 0.205
5655.000 0.202
5660.000 0.205
5665.000 0.204
5670.000 0.203
5675.000 0.203
5680.000 0.204
5685.000 0.203
5690.000 0.205
5695.000 0.203
5700.000 0.203
5705.000 0.205
5710.000 0.203
5715.000 0.204
5720.000 0.204
5725.000 0.205
5730.000 0.203
5735.000 0.205
5740.000 0.206
5745.000 0.206
5750.000 0.208
5755.000 0.207
5760.000 0.207
5765.000 0.207
5770.000 0.210
5775.000 0.210
5780.000 0.208
5785.000 0.211
5790.000 0.211
5795.000 0.214
5800.000 0.214
5805.000 0.214
5810.000 0.216
5815.000 0.215
5820.000 0.218
5825.000 0.219
5830.000 0.221
5835.000 0.222
5840.000 0.222
5845.000 0.223
5850.000 0.225
5855.000 0.228
5860.000 0.227
5865.000 0.230
5870.000 0.231
5875.000 0.233
5880.000 0.236
5885.000 0.237
5890.000 0.242
5895.000 0.244
5900.000 0.244
5905.000 0.247
5910.000 0.249
5915.000 0.252
5920.000 0.255
5925.000 0.257
5930.000 0.290
5935.000 0.296
5940.000 0.290
5945.000 0.289
5950.000 0.322
5955.000 0.315
5960.000 0.310
5965.000 0.307
5970.000 0.305
5975.000 0.304
5980.000 0.308
5985.000 0.309
5990.000 0.315
5995.000 0.318
6000.000 0.328
6005.000 0.334
6010.000 0.343
6015.000 0.351
6020.000 0.361
6025.000 0.368
6030.000 0.381
6035.000 0.398
6040.000 0.408
6045.000 0.418
6050.000 0.429
6055.000 0.444
6060.000 0.462
6065.000 0.481
6070.000 0.499
6075.000 0.523
6080.000 0.549
6085.000 0.575
6090.000 0.591
6095.000 0.641
6100.000 0.661
6105.000 0.707
6110.000 0.760
6115.000 0.826
6120.000 0.887
6125.000 0.968
6130.000 1.082
6135.000 1.233
6140.000 1.327
6145.000 1.722
6150.000 2.143
6155.000 2.421
6160.000 3.195
6165.000 4.354
6170.000 5.999
6175.000 8.105
6180.000 10.566
6185.000 12.773
6190.000 13.089
6195.000 10.323
6200.000 8.593
6205.000 4.354
6210.000 3.632
6215.000 2.722
6220.000 2.117
6225.000 1.705
6230.000 1.409
6235.000 1.187
6240.000 1.021
6245.000 0.889
6250.000 0.782
6255.000 0.695
6260.000 0.620
6265.000 0.588
6270.000 0.507
6275.000 0.486
6280.000 0.449
6285.000 0.417
6290.000 0.391
6295.000 0.369
6300.000 0.347
6305.000 0.332
6310.000 0.315
6315.000 0.301
6320.000 0.288
6325.000 0.277
6330.000 0.272
6335.000 0.261
6340.000 0.251
6345.000 0.243
6350.000 0.235
6355.000 0.228
6360.000 0.221
6365.000 0.214
6370.000 0.207
6375.000 0.200
6380.000 0.198
6385.000 0.191
6390.000 0.183
6395.000 0.180
6400.000 0.175
6405.000 0.170
6410.000 0.163
6415.000 0.159
6420.000 0.153
6425.000 0.147
6430.000 0.141
6435.000 0.135
6440.000 0.129
6445.000 0.127
6450.000 0.120
6455.000 0.113
6460.000 0.107
6465.000 0.098
6470.000 0.091
6475.000 0.083
6480.000 0.078
6485.000 0.076
6490.000 0.084
6495.000 0.108
6500.000 0.154
6505.000 0.190
6510.000 0.317
6515.000 0.671
6520.000 2.221
6525.000 4.656
6530.000 5.074
6535.000 3.618
6540.000 1.807
6545.000 1.122
6550.000 0.773
6555.000 0.644
6560.000 0.533
6565.000 0.454
6570.000 0.404
6575.000 0.367
6580.000 0.350
6585.000 0.317
6590.000 0.308
6595.000 0.293
6600.000 0.281
6605.000 0.270
6610.000 0.262
6615.000 0.254
6620.000 0.247
6625.000 0.241
6630.000 0.237
6635.000 0.231
6640.000 0.229
6645.000 0.225
6650.000 0.222
6655.000 0.219
6660.000 0.216
6665.000 0.213
6670.000 0.212
6675.000 0.211
6680.000 0.208
6685.000 0.207
6690.000 0.205
6695.000 0.203
6700.000 0.202
6705.000 0.201
6710.000 0.200
6715.000 0.199
6720.000 0.197
6725.000 0.196
6730.000 0.196
6735.000 0.195
6740.000 0.194
6745.000 0.193
6750.000 0.192
6755.000 0.192
6760.000 0.191
6765.000 0.191
6770.000 0.189
6775.000 0.189
6780.000 0.189
6785.000 0.188
6790.000 0.189
6795.000 0.187
6800.000 0.188
6805.000 0.187
6810.000 0.186
6815.000 0.185
6820.000 0.186
6825.000 0.186
6830.000 0.185
6835.000 0.186
6840.000 0.185
6845.000 0.184
6850.000 0.184
6855.000 0.184
6860.000 0.183
6865.000 0.185
6870.000 0.184
6875.000 0.184
6880.000 0.184
6885.000 0.185
6890.000 0.184
6895.000 0.184
6900.000 0.184
6905.000 0.184
6910.000 0.185
6915.000 0.184
6920.000 0.184
6925.000 0.184
6930.000 0.186
6935.000 0.186
6940.000 0.186
6945.000 0.185
6950.000 0.185
6955.000 0.187
6960.000 0.188
6965.000 0.188
6970.000 0.185
6975.000 0.187
6980.000 0.187
6985.000 0.190
6990.000 0.188
6995.000 0.190
7000.000 0.195
7005.000 0.195
7010.000 0.195
7015.000 0.198
7020.000 0.191
7025.000 0.193
7030.000 0.196
7035.000 0.197
7040.000 0.199
7045.000 0.200
7050.000 0.200
7055.000 0.202
7060.000 0.204
7065.000 0.202
7070.000 0.207
7075.000 0.208
7080.000 0.208
7085.000 0.209
7090.000 0.211
7095.000 0.212
7100.000 0.214
7105.000 0.216
7110.000 0.218
7115.000 0.220
7120.000 0.221
7125.000 0.224
7130.000 0.226
7135.000 0.228
7140.000 0.231
7145.000 0.234
7150.000 0.237
7155.000 0.241
7160.000 0.244
7165.000 0.248
7170.000 0.250
7175.000 0.254
7180.000 0.262
7185.000 0.263
7190.000 0.269
7195.000 0.274
7200.000 0.280
7205.000 0.286
7210.000 0.294
7215.000 0.302
7220.000 0.309
7225.000 0.318
7230.000 0.328
7235.000 0.332
7240.000 0.345
7245.000 0.358
7250.000 0.370
7255.000 0.382
7260.000 0.393
7265.000 0.403
7270.000 0.416
7275.000 0.427
7280.000 0.441
7285.000 0.457
7290.000 0.473
7295.000 0.493
7300.000 0.511
7305.000 0.524
7310.000 0.545
7315.000 0.576
7320.000 0.609
7325.000 0.642
7330.000 0.684
7335.000 0.737
7340.000 0.804
7345.000 0.888
7350.000 0.999
7355.000 1.160
7360.000 1.200
7365.000 1.555
7370.000 2.000
7375.000 2.652
7380.000 3.585
7385.000 4.772
7390.000 5.918
7395.000 6.268
7400.000 5.076
7405.000 3.315
7410.000 2.099
7415.000 1.678
7420.000 1.151
7425.000 0.958
7430.000 0.765
7435.000 0.707
7440.000 0.614
7445.000 0.550
7450.000 0.488
7455.000 0.433
7460.000 0.388
7465.000 0.346
7470.000 0.309
7475.000 0.278
7480.000 0.265
7485.000 0.241
7490.000 0.221
7495.000 0.205
7500.000 0.191
7505.000 0.177
7510.000 0.167
7515.000 0.157
7520.000 0.149
7525.000 0.141
7530.000 0.135
7535.000 0.129
7540.000 0.126
7545.000 0.122
7550.000 0.114
7555.000 0.111
7560.000 0.108
7565.000 0.105
7570.000 0.102
7575.000 0.099
7580.000 0.095
7585.000 0.094
7590.000 0.092
7595.000 0.089
7600.000 0.088
7605.000 0.087
7610.000 0.085
7615.000 0.085
7620.000 0.083
7625.000 0.081
7630.000 0.080
7635.000 0.079
7640.000 0.079
7645.000 0.078
7650.000 0.078
7655.000 0.077
7660.000 0.077
7665.000 0.076
7670.000 0.076
7675.000 0.076
7680.000 0.077
7685.000 0.076
7690.000 0.076
7695.000 0.076
7700.000 0.076
7705.000 0.074
7710.000 0.076
7715.000 0.076
7720.000 0.076
7725.000 0.076
7730.000 0.076
7735.000 0.076
7740.000 0.077
7745.000 0.076
7750.000 0.077
7755.000 0.077
7760.000 0.077
7765.000 0.078
7770.000 0.078
7775.000 0.078
7780.000 0.078
7785.000 0.078
7790.000 0.078
7795.000 0.079
7800.000 0.080
7805.000 0.079
7810.000 0.079
7815.000 0.081
7820.000 0.081
7825.000 0.083
7830.000 0.082
7835.000 0.084
7840.000 0.083
7845.000 0.085
7850.000 0.085
7855.000 0.085
7860.000 0.086
7865.000 0.087
7870.000 0.086
7875.000 0.088
7880.000 0.088
7885.000 0.090
7890.000 0.091
7895.000 0.092
7900.000 0.094
7905.000 0.094
7910.000 0.095
7915.000 0.096
7920.000 0.097
7925.000 0.099
7930.000 0.101
7935.000 0.102
7940.000 0.105
7945.000 0.108
7950.000 0.112
7955.000 0.115
7960.000 0.121
7965.000 0.126
7970.000 0.137
7975.000 0.143
7980.000 0.159
7985.000 0.178
7990.000 0.221
7995.000 0.307
8000.000 0.726
8005.000 1.876
8010.000 0.953
8015.000 0.564
8020.000 0.290
8025.000 0.133
8030.000 0.141
8035.000 0.104
8040.000 0.095
8045.000 0.092
8050.000 0.090
8055.000 0.086
8060.000 0.085
8065.000 0.084
8070.000 0.083
8075.000 0.082
8080.000 0.082
8085.000 0.083
8090.000 0.081
8095.000 0.081
8100.000 0.081
8105.000 0.082
8110.000 0.083
8115.000 0.082
8120.000 0.083
8125.000 0.083
8130.000 0.085
8135.000 0.084
8140.000 0.083
8145.000 0.085
8150.000 0.085
8155.000 0.084
8160.000 0.086
8165.000 0.087
8170.000 0.092
8175.000 0.091
8180.000 0.091
8185.000 0.090
8190.000 0.090
8195.000 0.090
8200.000 0.091
8205.000 0.090
8210.000 0.091
8215.000 0.090
8220.000 0.091
8225.000 0.092
8230.000 0.091
8235.000 0.092
8240.000 0.093
8245.000 0.093
8250.000 0.093
8255.000 0.093
8260.000 0.095
8265.000 0.095
8270.000 0.096
8275.000 0.095
8280.000 0.098
8285.000 0.098
8290.000 0.098
8295.000 0.098
8300.000 0.099
8305.000 0.101
8310.000 0.100
8315.000 0.103
8320.000 0.103
8325.000 0.109
8330.000 0.111
8335.000 0.109
8340.000 0.111
8345.000 0.111
8350.000 0.111
8355.000 0.109
8360.000 0.110
8365.000 0.111
8370.000 0.112
8375.000 0.113
8380.000 0.115
8385.000 0.119
8390.000 0.120
8395.000 0.122
8400.000 0.125
8405.000 0.127
8410.000 0.132
8415.000 0.137
8420.000 0.142
8425.000 0.150
8430.000 0.158
8435.000 0.171
8440.000 0.189
8445.000 0.216
8450.000 0.232
8455.000 0.273
8460.000 0.344
8465.000 0.489
8470.000 0.836
8475.000 1.591
8480.000 2.670
8485.000 2.746
8490.000 0.177
8495.000 0.169
8500.000 0.198
8505.000 0.127
8510.000 0.099
8515.000 0.073
8520.000 0.066
8525.000 0.054
8530.000 0.045
8535.000 0.038
8540.000 0.030
8545.000 0.025
8550.000 0.018
8555.000 0.009
8560.000 0.009
8565.000 0.023
8570.000 0.046
8575.000 0.074
8580.000 0.088
8585.000 0.112
8590.000 0.118
8595.000 0.113
8600.000 0.108
8605.000 0.113
8610.000 0.123
8615.000 0.125
8620.000 0.108
8625.000 0.119
8630.000 0.146
8635.000 0.150
8640.000 0.142
8645.000 0.134
8650.000 0.128
8655.000 0.124
8660.000 0.118
8665.000 0.115
8670.000 0.114
8675.000 0.112
8680.000 0.110
8685.000 0.107
8690.000 0.108
8695.000 0.107
8700.000 0.107
8705.000 0.106
8710.000 0.105
8715.000 0.105
8720.000 0.104
8725.000 0.103
8730.000 0.101
8735.000 0.100
8740.000 0.104
8745.000 0.102
8750.000 0.099
8755.000 0.101
8760.000 0.101
8765.000 0.100
8770.000 0.099
8775.000 0.099
8780.000 0.099
8785.000 0.099
8790.000 0.099
8795.000 0.100
8800.000 0.098
8805.000 0.098
8810.000 0.099
8815.000 0.099
8820.000 0.095
8825.000 0.099
8830.000 0.096
8835.000 0.098
8840.000 0.105
8845.000 0.099
8850.000 0.098
8855.000 0.099
8860.000 0.097
8865.000 0.097
8870.000 0.097
8875.000 0.097
8880.000 0.096
8885.000 0.096
8890.000 0.094
8895.000 0.096
8900.000 0.094
8905.000 0.095
8910.000 0.095
8915.000 0.095
8920.000 0.094
8925.000 0.095
8930.000 0.095
8935.000 0.095
8940.000 0.095
8945.000 0.095
8950.000 0.095
8955.000 0.095
8960.000 0.094
8965.000 0.094
8970.000 0.096
8975.000 0.095
8980.000 0.096
8985.000 0.094
8990.000 0.096
8995.000 0.097
9000.000 0.093
9005.000 0.094
9010.000 0.095
9015.000 0.093
9020.000 0.095
9025.000 0.094
9030.000 0.096
9035.000 0.094
9040.000 0.095
9045.000 0.093
9050.000 0.096
9055.000 0.095
9060.000 0.096
9065.000 0.093
9070.000 0.095
9075.000 0.095
9080.000 0.094
9085.000 0.096
9090.000 0.097
9095.000 0.097
9100.000 0.097
9105.000 0.096
9110.000 0.095
9115.000 0.096
9120.000 0.097
9125.000 0.096
9130.000 0.097
9135.000 0.097
9140.000 0.096
9145.000 0.098
9150.000 0.098
9155.000 0.098
9160.000 0.099
9165.000 0.100
9170.000 0.099
9175.000 0.100
9180.000 0.100
9185.000 0.100
9190.000 0.100
9195.000 0.101
9200.000 0.101
9205.000 0.102
9210.000 0.102
9215.000 0.102
9220.000 0.103
9225.000 0.104
9230.000 0.104
9235.000 0.104
9240.000 0.105
9245.000 0.106
9250.000 0.106
9255.000 0.107
9260.000 0.107
9265.000 0.107
9270.000 0.108
9275.000 0.111
9280.000 0.110
9285.000 0.113
9290.000 0.114
9295.000 0.117
9300.000 0.117
9305.000 0.118
9310.000 0.119
9315.000 0.121
9320.000 0.126
9325.000 0.126
9330.000 0.130
9335.000 0.133
9340.000 0.138
9345.000 0.143
9350.000 0.152
9355.000 0.158
9360.000 0.164
9365.000 0.176
9370.000 0.189
9375.000 0.207
9380.000 0.232
9385.000 0.272
9390.000 0.339
9395.000 0.473
9400.000 0.750
9405.000 1.250
9410.000 1.742
9415.000 1.375
9420.000 0.507
9425.000 0.750
9430.000 0.774
9435.000 0.337
9440.000 0.211
9445.000 0.182
9450.000 0.144
9455.000 0.121
9460.000 0.102
9465.000 0.091
9470.000 0.081
9475.000 0.074
9480.000 0.068
9485.000 0.065
9490.000 0.061
9495.000 0.057
9500.000 0.055
9505.000 0.053
9510.000 0.051
9515.000 0.050
9520.000 0.050
9525.000 0.050
9530.000 0.049
9535.000 0.049
9540.000 0.050
9545.000 0.051
9550.000 0.052
9555.000 0.055
9560.000 0.055
9565.000 0.056
9570.000 0.059
9575.000 0.062
9580.000 0.065
9585.000 0.069
9590.000 0.073
9595.000 0.077
9600.000 0.082
9605.000 0.088
9610.000 0.091
9615.000 0.100
9620.000 0.109
9625.000 0.114
9630.000 0.122
9635.000 0.133
9640.000 0.143
9645.000 0.156
9650.000 0.168
9655.000 0.185
9660.000 0.200
9665.000 0.219
9670.000 0.229
9675.000 0.267
9680.000 0.281
9685.000 0.315
9690.000 0.357
9695.000 0.414
9700.000 0.488
9705.000 0.587
9710.000 0.719
9715.000 0.904
9720.000 1.153
9725.000 1.468
9730.000 1.865
9735.000 2.300
9740.000 2.517
9745.000 2.994
9750.000 3.025
9755.000 2.808
9760.000 2.302
9765.000 1.781
9770.000 1.362
9775.000 1.053
9780.000 0.831
9785.000 0.667
9790.000 0.548
9795.000 0.502
9800.000 0.461
9805.000 0.479
9810.000 0.574
9815.000 0.580
9820.000 0.548
9825.000 0.513
9830.000 0.484
9835.000 0.461
9840.000 0.438
9845.000 0.418
9850.000 0.409
9855.000 0.395
9860.000 0.380
9865.000 0.365
9870.000 0.354
9875.000 0.344
9880.000 0.335
9885.000 0.326
9890.000 0.318
9895.000 0.311
9900.000 0.304
9905.000 0.296
9910.000 0.293
9915.000 0.287
9920.000 0.283
9925.000 0.278
9930.000 0.273
9935.000 0.267
9940.000 0.264
9945.000 0.257
9950.000 0.252
9955.000 0.246
9960.000 0.244
9965.000 0.241
9970.000 0.238
9975.000 0.236
9980.000 0.234
9985.000 0.227
9990.000 0.222
9995.000 0.221
10000.000 0.218
10005.000 0.214
10010.000 0.209
10015.000 0.207
10020.000 0.199
10025.000 0.196
10030.000 0.191
10035.000 0.188
10040.000 0.185
10045.000 0.179
10050.000 0.172
10055.000 0.163
10060.000 0.154
10065.000 0.144
10070.000 0.126
10075.000 0.107
10080.000 0.079
10085.000 0.047
10090.000 0.061
10095.000 0.266
10100.000 0.532
10105.000 1.005
10110.000 1.179
10115.000 1.539
10120.000 0.703
10125.000 0.637
10130.000 0.585
10135.000 0.508
10140.000 0.454
10145.000 0.411
10150.000 0.373
10155.000 0.355
10160.000 0.326
10165.000 0.305
10170.000 0.285
10175.000 0.269
10180.000 0.255
10185.000 0.248
10190.000 0.246
10195.000 0.243
10200.000 0.240
10205.000 0.238
10210.000 0.237
10215.000 0.234
10220.000 0.232
10225.000 0.229
10230.000 0.228
10235.000 0.231
10240.000 0.229
10245.000 0.228
10250.000 0.226
10255.000 0.224
10260.000 0.222
10265.000 0.223
10270.000 0.220
10275.000 0.219
10280.000 0.220
10285.000 0.221
10290.000 0.218
10295.000 0.216
10300.000 0.217
10305.000 0.216
10310.000 0.216
10315.000 0.216
10320.000 0.215
10325.000 0.213
10330.000 0.214
10335.000 0.213
10340.000 0.211
10345.000 0.211
10350.000 0.211
10355.000 0.210
10360.000 0.210
10365.000 0.211
10370.000 0.210
10375.000 0.211
10380.000 0.211
10385.000 0.209
10390.000 0.208
10395.000 0.211
10400.000 0.207
10405.000 0.207
10410.000 0.208
10415.000 0.208
10420.000 0.209
10425.000 0.211
10430.000 0.208
10435.000 0.207
10440.000 0.207
10445.000 0.206
10450.000 0.205
10455.000 0.204
10460.000 0.206
10465.000 0.206
10470.000 0.205
10475.000 0.207
10480.000 0.208
10485.000 0.207
10490.000 0.205
10495.000 0.207
10500.000 0.207
10505.000 0.206
10510.000 0.206
10515.000 0.208
10520.000 0.206
10525.000 0.208
10530.000 0.210
10535.000 0.206
10540.000 0.207
10545.000 0.209
10550.000 0.208
10555.000 0.207
10560.000 0.206
10565.000 0.205
10570.000 0.207
10575.000 0.206
10580.000 0.207
10585.000 0.207
10590.000 0.207
10595.000 0.207
10600.000 0.207
10605.000 0.206
10610.000 0.208
10615.000 0.209
10620.000 0.209
10625.000 0.209
10630.000 0.209
10635.000 0.208
10640.000 0.208
10645.000 0.208
10650.000 0.207
10655.000 0.208
10660.000 0.207
10665.000 0.208
10670.000 0.208
10675.000 0.204
10680.000 0.205
10685.000 0.200
10690.000 0.199
10695.000 0.198
10700.000 0.196
10705.000 0.196
10710.000 0.191
10715.000 0.184
10720.000 0.181
10725.000 0.176
10730.000 0.168
10735.000 0.154
10740.000 0.139
10745.000 0.123
10750.000 0.103
10755.000 0.101
10760.000 0.187
10765.000 0.494
10770.000 0.706
10775.000 1.105
10780.000 1.255
10785.000 1.126
10790.000 0.989
10795.000 0.907
10800.000 0.910
10805.000 0.915
10810.000 1.026
10815.000 0.928
10820.000 0.895
10825.000 0.868
10830.000 0.857
10835.000 0.839
10840.000 0.830
10845.000 0.830
10850.000 0.837
10855.000 0.849
10860.000 0.876
10865.000 0.911
10870.000 0.978
10875.000 1.054
10880.000 1.147
10885.000 1.203
10890.000 1.340
10895.000 1.541
10900.000 1.620
10905.000 1.744
10910.000 1.767
10915.000 1.618
10920.000 1.354
10925.000 1.072
10930.000 0.829
10935.000 0.646
10940.000 0.509
10945.000 0.455
10950.000 0.367
10955.000 0.268
10960.000 0.244
10965.000 0.197
10970.000 0.156
10975.000 0.126
10980.000 0.102
10985.000 0.080
10990.000 0.066
10995.000 0.060
11000.000 0.059
11005.000 0.051
11010.000 0.046
11015.000 0.045
11020.000 0.039
11025.000 0.036
11030.000 0.031
11035.000 0.030
11040.000 0.027
11045.000 0.026
11050.000 0.026
11055.000 0.027
11060.000 0.029
11065.000 0.029
11070.000 0.030
11075.000 0.031
11080.000 0.034
11085.000 0.035
11090.000 0.037
11095.000 0.038
11100.000 0.041
11105.000 0.043
11110.000 0.044
11115.000 0.046
11120.000 0.048
11125.000 0.048
11130.000 0.049
11135.000 0.052
11140.000 0.053
11145.000 0.054
11150.000 0.055
11155.000 0.058
11160.000 0.059
11165.000 0.059
11170.000 0.061
11175.000 0.062
11180.000 0.063
11185.000 0.064
11190.000 0.065
11195.000 0.067
11200.000 0.067
11205.000 0.067
11210.000 0.069
11215.000 0.070
11220.000 0.072
11225.000 0.071
11230.000 0.074
11235.000 0.074
11240.000 0.075
11245.000 0.076
11250.000 0.076
11255.000 0.078
11260.000 0.078
11265.000 0.078
11270.000 0.079
11275.000 0.080
11280.000 0.081
11285.000 0.083
11290.000 0.085
11295.000 0.088
11300.000 0.087
11305.000 0.086
11310.000 0.085
11315.000 0.085
11320.000 0.085
11325.000 0.084
11330.000 0.086
11335.000 0.086
11340.000 0.085
11345.000 0.087
11350.000 0.088
11355.000 0.087
11360.000 0.087
11365.000 0.088
11370.000 0.088
11375.000 0.089
11380.000 0.088
11385.000 0.091
11390.000 0.090
11395.000 0.091
11400.000 0.092
11405.000 0.092
11410.000 0.092
11415.000 0.093
11420.000 0.094
11425.000 0.094
11430.000 0.094
11435.000 0.093
11440.000 0.095
11445.000 0.096
11450.000 0.097
11455.000 0.097
11460.000 0.097
11465.000 0.098
11470.000 0.098
11475.000 0.099
11480.000 0.099
11485.000 0.098
11490.000 0.100
11495.000 0.101
11500.000 0.100
11505.000 0.100
11510.000 0.101
11515.000 0.100
11520.000 0.102
11525.000 0.102
11530.000 0.102
11535.000 0.104
11540.000 0.104
11545.000 0.103
11550.000 0.105
11555.000 0.104
11560.000 0.103
11565.000 0.104
11570.000 0.107
11575.000 0.106
11580.000 0.108
11585.000 0.110
11590.000 0.110
11595.000 0.112
11600.000 0.115
11605.000 0.115
11610.000 0.119
11615.000 0.120
11620.000 0.124
11625.000 0.128
11630.000 0.133
11635.000 0.138
11640.000 0.156
11645.000 0.226
11650.000 0.207
11655.000 0.076
11660.000 0.050
11665.000 0.056
11670.000 0.062
11675.000 0.064
11680.000 0.070
11685.000 0.072
11690.000 0.075
11695.000 0.077
11700.000 0.077
11705.000 0.079
11710.000 0.080
11715.000 0.079
11720.000 0.082
11725.000 0.083
11730.000 0.083
11735.000 0.083
11740.000 0.084
11745.000 0.083
11750.000 0.084
11755.000 0.084
11760.000 0.085
11765.000 0.085
11770.000 0.083
11775.000 0.086
11780.000 0.086
11785.000 0.085
11790.000 0.086
11795.000 0.087
11800.000 0.085
11805.000 0.084
11810.000 0.083
11815.000 0.085
11820.000 0.085
11825.000 0.086
11830.000 0.085
11835.000 0.084
11840.000 0.083
11845.000 0.085
11850.000 0.083
11855.000 0.084
11860.000 0.085
11865.000 0.084
11870.000 0.084
11875.000 0.085
11880.000 0.084
11885.000 0.085
11890.000 0.086
11895.000 0.085
11900.000 0.086
11905.000 0.091
11910.000 0.091
11915.000 0.092
11920.000 0.092
11925.000 0.097
11930.000 0.102
11935.000 0.114
11940.000 0.121
11945.000 0.138
11950.000 0.174
11955.000 0.257
11960.000 0.409
11965.000 0.530
11970.000 0.364
11975.000 0.230
11980.000 0.194
11985.000 0.180
11990.000 0.180
11995.000 0.185
12000.000 0.201
