105.000 0.016
110.000 0.691
115.000 0.980
120.000 1.092
125.000 1.200
130.000 1.259
135.000 1.335
140.000 1.361
145.000 1.362
150.000 1.330
155.000 1.311
160.000 1.294
165.000 1.270
170.000 1.255
175.000 1.179
180.000 1.181
185.000 1.222
190.000 1.266
195.000 1.230
200.000 1.263
205.000 1.218
210.000 1.251
215.000 1.269
220.000 1.268
225.000 1.320
230.000 1.309
235.000 1.376
240.000 1.400
245.000 1.400
250.000 1.429
255.000 1.438
260.000 1.462
265.000 1.452
270.000 1.438
275.000 1.413
280.000 1.416
285.000 1.434
290.000 1.405
295.000 1.410
300.000 1.404
305.000 1.418
310.000 1.436
315.000 1.470
320.000 1.506
325.000 1.541
330.000 1.576
335.000 1.630
340.000 1.665
345.000 1.758
350.000 1.830
355.000 1.909
360.000 2.017
365.000 2.101
370.000 2.200
375.000 2.321
380.000 2.456
385.000 2.599
390.000 2.642
395.000 2.779
400.000 2.900
405.000 2.984
410.000 3.034
415.000 3.031
420.000 2.946
425.000 2.784
430.000 2.519
435.000 2.224
440.000 1.940
445.000 1.677
450.000 1.558
455.000 1.358
460.000 1.188
465.000 1.064
470.000 0.968
475.000 0.900
480.000 0.840
485.000 0.790
490.000 0.746
495.000 0.692
500.000 0.654
505.000 0.618
510.000 0.584
515.000 0.573
520.000 0.542
525.000 0.513
530.000 0.483
535.000 0.462
540.000 0.437
545.000 0.420
550.000 0.403
555.000 0.386
560.000 0.362
565.000 0.339
570.000 0.336
575.000 0.319
580.000 0.302
585.000 0.285
590.000 0.275
595.000 0.267
600.000 0.254
605.000 0.247
610.000 0.239
615.000 0.232
620.000 0.228
625.000 0.216
630.000 0.215
635.000 0.205
640.000 0.201
645.000 0.197
650.000 0.193
655.000 0.189
660.000 0.182
665.000 0.176
670.000 0.175
675.000 0.173
680.000 0.168
685.000 0.169
690.000 0.164
695.000 0.164
700.000 0.157
705.000 0.157
710.000 0.154
715.000 0.157
720.000 0.155
725.000 0.150
730.000 0.146
735.000 0.144
740.000 0.142
745.000 0.139
750.000 0.135
755.000 0.137
760.000 0.135
765.000 0.130
770.000 0.131
775.000 0.131
780.000 0.127
785.000 0.129
790.000 0.128
795.000 0.126
800.000 0.126
805.000 0.124
810.000 0.126
815.000 0.125
820.000 0.123
825.000 0.121
830.000 0.121
835.000 0.117
840.000 0.118
845.000 0.118
850.000 0.119
855.000 0.118
860.000 0.117
865.000 0.116
870.000 0.111
875.000 0.114
880.000 0.116
885.000 0.114
890.000 0.112
895.000 0.112
900.000 0.113
905.000 0.112
910.000 0.112
915.000 0.113
920.000 0.111
925.000 0.111
930.000 0.111
935.000 0.111
940.000 0.108
945.000 0.111
950.000 0.111
955.000 0.112
960.000 0.109
965.000 0.111
970.000 0.111
975.000 0.108
980.000 0.110
985.000 0.106
990.000 0.109
995.000 0.106
1000.000 0.112
1005.000 0.106
1010.000 0.105
1015.000 0.107
1020.000 0.110
1025.000 0.113
1030.000 0.110
1035.000 0.112
1040.000 0.109
1045.000 0.111
1050.000 0.106
1055.000 0.110
1060.000 0.109
1065.000 0.108
1070.000 0.108
1075.000 0.106
1080.000 0.108
1085.000 0.107
1090.000 0.107
1095.000 0.107
1100.000 0.106
1105.000 0.107
1110.000 0.109
1115.000 0.106
1120.000 0.107
1125.000 0.109
1130.000 0.110
1135.000 0.110
1140.000 0.110
1145.000 0.108
1150.000 0.110
1155.000 0.108
1160.000 0.109
1165.000 0.109
1170.000 0.109
1175.000 0.110
1180.000 0.107
1185.000 0.108
1190.000 0.109
1195.000 0.109
1200.000 0.112
1205.000 0.108
1210.000 0.109
1215.000 0.111
1220.000 0.111
1225.000 0.110
1230.000 0.111
1235.000 0.112
1240.000 0.109
1245.000 0.113
1250.000 0.112
1255.000 0.112
1260.000 0.114
1265.000 0.113
1270.000 0.116
1275.000 0.115
1280.000 0.116
1285.000 0.115
1290.000 0.115
1295.000 0.117
1300.000 0.116
1305.000 0.119
1310.000 0.118
1315.000 0.118
1320.000 0.117
1325.000 0.117
1330.000 0.119
1335.000 0.120
1340.000 0.121
1345.000 0.124
1350.000 0.123
1355.000 0.120
1360.000 0.121
1365.000 0.124
1370.000 0.123
1375.000 0.125
1380.000 0.126
1385.000 0.125
1390.000 0.126
1395.000 0.127
1400.000 0.129
1405.000 0.129
1410.000 0.128
1415.000 0.131
1420.000 0.130
1425.000 0.132
1430.000 0.131
1435.000 0.131
1440.000 0.133
1445.000 0.133
1450.000 0.131
1455.000 0.130
1460.000 0.129
1465.000 0.128
1470.000 0.129
1475.000 0.129
1480.000 0.127
1485.000 0.128
1490.000 0.127
1495.000 0.126
1500.000 0.128
1505.000 0.132
1510.000 0.134
1515.000 0.137
1520.000 0.140
1525.000 0.142
1530.000 0.147
1535.000 0.148
1540.000 0.150
1545.000 0.154
1550.000 0.157
1555.000 0.160
1560.000 0.162
1565.000 0.164
1570.000 0.166
1575.000 0.174
1580.000 0.175
1585.000 0.176
1590.000 0.181
1595.000 0.185
1600.000 0.186
1605.000 0.190
1610.000 0.194
1615.000 0.196
1620.000 0.200
1625.000 0.206
1630.000 0.210
1635.000 0.214
1640.000 0.217
1645.000 0.220
1650.000 0.229
1655.000 0.232
1660.000 0.237
1665.000 0.241
1670.000 0.246
1675.000 0.249
1680.000 0.255
1685.000 0.265
1690.000 0.269
1695.000 0.274
1700.000 0.282
1705.000 0.288
1710.000 0.293
1715.000 0.299
1720.000 0.311
1725.000 0.315
1730.000 0.318
1735.000 0.325
1740.000 0.337
1745.000 0.345
1750.000 0.351
1755.000 0.362
1760.000 0.369
1765.000 0.376
1770.000 0.384
1775.000 0.392
1780.000 0.404
1785.000 0.406
1790.000 0.413
1795.000 0.424
1800.000 0.428
1805.000 0.438
1810.000 0.445
1815.000 0.451
1820.000 0.457
1825.000 0.462
1830.000 0.466
1835.000 0.471
1840.000 0.475
1845.000 0.479
1850.000 0.480
1855.000 0.485
1860.000 0.488
1865.000 0.488
1870.000 0.489
1875.000 0.488
1880.000 0.489
1885.000 0.490
1890.000 0.488
1895.000 0.486
1900.000 0.485
1905.000 0.485
1910.000 0.481
1915.000 0.478
1920.000 0.478
1925.000 0.476
1930.000 0.473
1935.000 0.467
1940.000 0.468
1945.000 0.466
1950.000 0.462
1955.000 0.456
1960.000 0.453
1965.000 0.449
1970.000 0.448
1975.000 0.451
1980.000 0.448
1985.000 0.438
1990.000 0.442
1995.000 0.439
2000.000 0.432
2005.000 0.438
2010.000 0.439
2015.000 0.428
2020.000 0.434
2025.000 0.436
2030.000 0.423
2035.000 0.431
2040.000 0.428
2045.000 0.427
2050.000 0.421
2055.000 0.426
2060.000 0.426
2065.000 0.421
2070.000 0.423
2075.000 0.424
2080.000 0.424
2085.000 0.424
2090.000 0.424
2095.000 0.424
2100.000 0.427
2105.000 0.431
2110.000 0.433
2115.000 0.432
2120.000 0.438
2125.000 0.443
2130.000 0.447
2135.000 0.449
2140.000 0.455
2145.000 0.458
2150.000 0.466
2155.000 0.469
2160.000 0.479
2165.000 0.490
2170.000 0.495
2175.000 0.507
2180.000 0.520
2185.000 0.527
2190.000 0.543
2195.000 0.557
2200.000 0.577
2205.000 0.596
2210.000 0.616
2215.000 0.627
2220.000 0.659
2225.000 0.687
2230.000 0.724
2235.000 0.769
2240.000 0.820
2245.000 0.892
2250.000 0.979
2255.000 1.108
2260.000 1.294
2265.000 1.578
2270.000 2.060
2275.000 2.467
2280.000 3.591
2285.000 5.371
2290.000 7.740
2295.000 10.616
2300.000 12.489
2305.000 6.192
2310.000 3.402
2315.000 2.159
2320.000 1.464
2325.000 1.070
2330.000 0.810
2335.000 0.712
2340.000 0.565
2345.000 0.459
2350.000 0.380
2355.000 0.321
2360.000 0.275
2365.000 0.239
2370.000 0.210
2375.000 0.185
2380.000 0.164
2385.000 0.145
2390.000 0.132
2395.000 0.124
2400.000 0.111
2405.000 0.100
2410.000 0.093
2415.000 0.084
2420.000 0.077
2425.000 0.070
2430.000 0.063
2435.000 0.059
2440.000 0.053
2445.000 0.050
2450.000 0.044
2455.000 0.041
2460.000 0.040
2465.000 0.037
2470.000 0.034
2475.000 0.031
2480.000 0.029
2485.000 0.029
2490.000 0.026
2495.000 0.026
2500.000 0.025
2505.000 0.025
2510.000 0.025
2515.000 0.025
2520.000 0.024
2525.000 0.026
2530.000 0.027
2535.000 0.026
2540.000 0.027
2545.000 0.028
2550.000 0.028
2555.000 0.029
2560.000 0.031
2565.000 0.032
2570.000 0.031
2575.000 0.034
2580.000 0.034
2585.000 0.035
2590.000 0.036
2595.000 0.037
2600.000 0.038
2605.000 0.038
2610.000 0.039
2615.000 0.040
2620.000 0.041
2625.000 0.040
2630.000 0.041
2635.000 0.043
2640.000 0.043
2645.000 0.045
2650.000 0.045
2655.000 0.048
2660.000 0.047
2665.000 0.049
2670.000 0.049
2675.000 0.050
2680.000 0.052
2685.000 0.052
2690.000 0.053
2695.000 0.054
2700.000 0.054
2705.000 0.055
2710.000 0.057
2715.000 0.057
2720.000 0.058
2725.000 0.060
2730.000 0.061
2735.000 0.062
2740.000 0.063
2745.000 0.065
2750.000 0.065
2755.000 0.066
2760.000 0.067
2765.000 0.068
2770.000 0.070
2775.000 0.069
2780.000 0.070
2785.000 0.072
2790.000 0.073
2795.000 0.073
2800.000 0.075
2805.000 0.077
2810.000 0.077
2815.000 0.077
2820.000 0.078
2825.000 0.080
2830.000 0.080
2835.000 0.082
2840.000 0.084
2845.000 0.085
2850.000 0.086
2855.000 0.088
2860.000 0.087
2865.000 0.089
2870.000 0.089
2875.000 0.091
2880.000 0.092
2885.000 0.092
2890.000 0.095
2895.000 0.096
2900.000 0.096
2905.000 0.097
2910.000 0.097
2915.000 0.098
2920.000 0.100
2925.000 0.099
2930.000 0.099
2935.000 0.101
2940.000 0.101
2945.000 0.100
2950.000 0.101
2955.000 0.104
2960.000 0.103
2965.000 0.105
2970.000 0.102
2975.000 0.107
2980.000 0.105
2985.000 0.102
2990.000 0.103
2995.000 0.102
3000.000 0.106
3005.000 0.101
3010.000 0.101
3015.000 0.104
3020.000 0.104
3025.000 0.108
3030.000 0.104
3035.000 0.106
3040.000 0.103
3045.000 0.106
3050.000 0.106
3055.000 0.107
3060.000 0.107
3065.000 0.109
3070.000 0.107
3075.000 0.106
3080.000 0.109
3085.000 0.108
3090.000 0.108
3095.000 0.108
3100.000 0.109
3105.000 0.109
3110.000 0.109
3115.000 0.110
3120.000 0.110
3125.000 0.111
3130.000 0.111
3135.000 0.112
3140.000 0.111
3145.000 0.112
3150.000 0.111
3155.000 0.112
3160.000 0.113
3165.000 0.115
3170.000 0.114
3175.000 0.115
3180.000 0.114
3185.000 0.114
3190.000 0.114
3195.000 0.115
3200.000 0.114
3205.000 0.116
3210.000 0.115
3215.000 0.117
3220.000 0.116
3225.000 0.116
3230.000 0.118
3235.000 0.120
3240.000 0.119
3245.000 0.119
3250.000 0.121
3255.000 0.119
3260.000 0.120
3265.000 0.121
3270.000 0.121
3275.000 0.122
3280.000 0.122
3285.000 0.123
3290.000 0.123
3295.000 0.124
3300.000 0.124
3305.000 0.124
3310.000 0.124
3315.000 0.127
3320.000 0.127
3325.000 0.127
3330.000 0.128
3335.000 0.128
3340.000 0.130
3345.000 0.131
3350.000 0.131
3355.000 0.132
3360.000 0.133
3365.000 0.134
3370.000 0.135
3375.000 0.137
3380.000 0.137
3385.000 0.139
3390.000 0.140
3395.000 0.140
3400.000 0.143
3405.000 0.145
3410.000 0.145
3415.000 0.148
3420.000 0.149
3425.000 0.151
3430.000 0.152
3435.000 0.154
3440.000 0.156
3445.000 0.157
3450.000 0.161
3455.000 0.162
3460.000 0.164
3465.000 0.166
3470.000 0.170
3475.000 0.173
3480.000 0.177
3485.000 0.181
3490.000 0.184
3495.000 0.185
3500.000 0.189
3505.000 0.193
3510.000 0.199
3515.000 0.203
3520.000 0.209
3525.000 0.215
3530.000 0.222
3535.000 0.225
3540.000 0.233
3545.000 0.240
3550.000 0.245
3555.000 0.254
3560.000 0.264
3565.000 0.274
3570.000 0.294
3575.000 0.341
3580.000 0.348
3585.000 0.359
3590.000 0.380
3595.000 0.400
3600.000 0.422
3605.000 0.444
3610.000 0.456
3615.000 0.488
3620.000 0.527
3625.000 0.578
3630.000 0.646
3635.000 0.743
3640.000 0.882
3645.000 1.090
3650.000 1.412
3655.000 1.935
3660.000 2.767
3665.000 3.911
3670.000 5.157
3675.000 5.666
3680.000 6.349
3685.000 7.288
3690.000 4.989
3695.000 3.021
3700.000 1.995
3705.000 1.424
3710.000 1.079
3715.000 0.854
3720.000 0.699
3725.000 0.592
3730.000 0.517
3735.000 0.487
3740.000 0.428
3745.000 0.380
3750.000 0.342
3755.000 0.309
3760.000 0.282
3765.000 0.260
3770.000 0.241
3775.000 0.227
3780.000 0.213
3785.000 0.203
3790.000 0.192
3795.000 0.189
3800.000 0.179
3805.000 0.174
3810.000 0.166
3815.000 0.160
3820.000 0.156
3825.000 0.151
3830.000 0.148
3835.000 0.143
3840.000 0.140
3845.000 0.137
3850.000 0.133
3855.000 0.132
3860.000 0.129
3865.000 0.126
3870.000 0.124
3875.000 0.122
3880.000 0.120
3885.000 0.117
3890.000 0.116
3895.000 0.114
3900.000 0.112
3905.000 0.111
3910.000 0.110
3915.000 0.109
3920.000 0.107
3925.000 0.107
3930.000 0.106
3935.000 0.105
3940.000 0.102
3945.000 0.102
3950.000 0.100
3955.000 0.102
3960.000 0.101
3965.000 0.099
3970.000 0.095
3975.000 0.096
3980.000 0.095
3985.000 0.095
3990.000 0.094
3995.000 0.092
4000.000 0.092
4005.000 0.093
4010.000 0.094
4015.000 0.089
4020.000 0.094
4025.000 0.095
4030.000 0.091
4035.000 0.094
4040.000 0.093
4045.000 0.092
4050.000 0.090
4055.000 0.092
4060.000 0.090
4065.000 0.088
4070.000 0.090
4075.000 0.089
4080.000 0.089
4085.000 0.089
4090.000 0.088
4095.000 0.088
4100.000 0.088
4105.000 0.087
4110.000 0.088
4115.000 0.087
4120.000 0.087
4125.000 0.087
4130.000 0.086
4135.000 0.087
4140.000 0.086
4145.000 0.086
4150.000 0.086
4155.000 0.086
4160.000 0.086
4165.000 0.086
4170.000 0.085
4175.000 0.086
4180.000 0.086
4185.000 0.087
4190.000 0.086
4195.000 0.085
4200.000 0.086
4205.000 0.085
4210.000 0.085
4215.000 0.085
4220.000 0.087
4225.000 0.085
4230.000 0.085
4235.000 0.086
4240.000 0.086
4245.000 0.086
4250.000 0.085
4255.000 0.086
4260.000 0.087
4265.000 0.086
4270.000 0.086
4275.000 0.086
4280.000 0.086
4285.000 0.085
4290.000 0.087
4295.000 0.086
4300.000 0.086
4305.000 0.086
4310.000 0.087
4315.000 0.087
4320.000 0.087
4325.000 0.087
4330.000 0.086
4335.000 0.087
4340.000 0.087
4345.000 0.088
4350.000 0.087
4355.000 0.088
4360.000 0.088
4365.000 0.088
4370.000 0.089
4375.000 0.089
4380.000 0.089
4385.000 0.089
4390.000 0.089
4395.000 0.090
4400.000 0.089
4405.000 0.090
4410.000 0.089
4415.000 0.091
4420.000 0.090
4425.000 0.089
4430.000 0.091
4435.000 0.090
4440.000 0.091
4445.000 0.092
4450.000 0.092
4455.000 0.091
4460.000 0.092
4465.000 0.091
4470.000 0.091
4475.000 0.093
4480.000 0.092
4485.000 0.093
4490.000 0.093
4495.000 0.093
4500.000 0.094
4505.000 0.094
4510.000 0.093
4515.000 0.096
4520.000 0.094
4525.000 0.094
4530.000 0.095
4535.000 0.096
4540.000 0.095
4545.000 0.095
4550.000 0.098
4555.000 0.097
4560.000 0.096
4565.000 0.097
4570.000 0.098
4575.000 0.099
4580.000 0.097
4585.000 0.099
4590.000 0.099
4595.000 0.100
4600.000 0.099
4605.000 0.100
4610.000 0.099
4615.000 0.101
4620.000 0.100
4625.000 0.101
4630.000 0.102
4635.000 0.102
4640.000 0.102
4645.000 0.101
4650.000 0.102
4655.000 0.102
4660.000 0.102
4665.000 0.102
4670.000 0.101
4675.000 0.100
4680.000 0.103
4685.000 0.102
4690.000 0.101
4695.000 0.102
4700.000 0.102
4705.000 0.102
4710.000 0.102
4715.000 0.102
4720.000 0.101
4725.000 0.102
4730.000 0.102
4735.000 0.101
4740.000 0.101
4745.000 0.102
4750.000 0.102
4755.000 0.102
4760.000 0.103
4765.000 0.101
4770.000 0.103
4775.000 0.101
4780.000 0.102
4785.000 0.103
4790.000 0.103
4795.000 0.102
4800.000 0.103
4805.000 0.104
4810.000 0.103
4815.000 0.105
4820.000 0.107
4825.000 0.108
4830.000 0.107
4835.000 0.110
4840.000 0.111
4845.000 0.113
4850.000 0.115
4855.000 0.118
4860.000 0.125
4865.000 0.129
4870.000 0.135
4875.000 0.144
4880.000 0.154
4885.000 0.171
4890.000 0.177
4895.000 0.201
4900.000 0.234
4905.000 0.286
4910.000 0.375
4915.000 0.534
4920.000 0.824
4925.000 1.352
4930.000 2.286
4935.000 3.919
4940.000 4.343
4945.000 1.209
4950.000 0.699
4955.000 1.870
4960.000 1.770
4965.000 1.845
4970.000 1.379
4975.000 0.910
4980.000 0.697
4985.000 0.551
4990.000 0.468
4995.000 0.401
5000.000 0.355
5005.000 0.328
5010.000 0.316
5015.000 0.289
5020.000 0.279
5025.000 0.263
5030.000 0.250
5035.000 0.236
5040.000 0.229
5045.000 0.219
5050.000 0.218
5055.000 0.209
5060.000 0.208
5065.000 0.202
5070.000 0.202
5075.000 0.198
5080.000 0.195
5085.000 0.194
5090.000 0.192
5095.000 0.190
5100.000 0.187
5105.000 0.188
5110.000 0.187
5115.000 0.186
5120.000 0.183
5125.000 0.184
5130.000 0.182
5135.000 0.182
5140.000 0.182
5145.000 0.181
5150.000 0.181
5155.000 0.181
5160.000 0.181
5165.000 0.181
5170.000 0.180
5175.000 0.181
5180.000 0.182
5185.000 0.181
5190.000 0.182
5195.000 0.181
5200.000 0.182
5205.000 0.181
5210.000 0.183
5215.000 0.183
5220.000 0.182
5225.000 0.183
5230.000 0.184
5235.000 0.184
5240.000 0.184
5245.000 0.184
5250.000 0.185
5255.000 0.186
5260.000 0.188
5265.000 0.187
5270.000 0.188
5275.000 0.187
5280.000 0.188
5285.000 0.188
5290.000 0.189
5295.000 0.190
5300.000 0.190
5305.000 0.190
5310.000 0.191
5315.000 0.191
5320.000 0.192
5325.000 0.191
5330.000 0.191
5335.000 0.191
5340.000 0.192
5345.000 0.193
5350.000 0.192
5355.000 0.194
5360.000 0.192
5365.000 0.193
5370.000 0.194
5375.000 0.192
5380.000 0.192
5385.000 0.194
5390.000 0.195
5395.000 0.194
5400.000 0.193
5405.000 0.193
5410.000 0.192
5415.000 0.191
5420.000 0.191
5425.000 0.190
5430.000 0.188
5435.000 0.190
5440.000 0.188
5445.000 0.186
5450.000 0.187
5455.000 0.189
5460.000 0.188
5465.000 0.186
5470.000 0.185
5475.000 0.184
5480.000 0.182
5485.000 0.185
5490.000 0.183
5495.000 0.184
5500.000 0.181
5505.000 0.182
5510.000 0.182
5515.000 0.182
5520.000 0.185
5525.000 0.184
5530.000 0.183
5535.000 0.181
5540.000 0.180
5545.000 0.177
5550.000 0.177
5555.000 0.178
5560.000 0.176
5565.000 0.178
5570.000 0.175
5575.000 0.176
5580.000 0.175
5585.000 0.175
5590.000 0.176
5595.000 0.174
5600.000 0.176
5605.000 0.175
5610.000 0.173
5615.000 0.174
5620.000 0.173
5625.000 0.174
5630.000 0.172
5635.000 0.173
5640.000 0.173
5645.000 0.174
5650.000 0.173
5655.000 0.175
5660.000 0.173
5665.000 0.172
5670.000 0.173
5675.000 0.172
5680.000 0.172
5685.000 0.172
5690.000 0.173
5695.000 0.173
5700.000 0.173
5705.000 0.173
5710.000 0.173
5715.000 0.174
5720.000 0.173
5725.000 0.174
5730.000 0.175
5735.000 0.175
5740.000 0.176
5745.000 0.175
5750.000 0.176
5755.000 0.175
5760.000 0.178
5765.000 0.177
5770.000 0.177
5775.000 0.179
5780.000 0.179
5785.000 0.180
5790.000 0.178
5795.000 0.181
5800.000 0.180
5805.000 0.180
5810.000 0.180
5815.000 0.182
5820.000 0.183
5825.000 0.184
5830.000 0.185
5835.000 0.186
5840.000 0.185
5845.000 0.188
5850.000 0.190
5855.000 0.190
5860.000 0.194
5865.000 0.194
5870.000 0.195
5875.000 0.197
5880.000 0.199
5885.000 0.201
5890.000 0.201
5895.000 0.204
5900.000 0.205
5905.000 0.207
5910.000 0.210
5915.000 0.213
5920.000 0.215
5925.000 0.216
5930.000 0.220
5935.000 0.221
5940.000 0.225
5945.000 0.227
5950.000 0.235
5955.000 0.233
5960.000 0.239
5965.000 0.242
5970.000 0.251
5975.000 0.252
5980.000 0.258
5985.000 0.263
5990.000 0.263
5995.000 0.270
6000.000 0.281
6005.000 0.283
6010.000 0.291
6015.000 0.298
6020.000 0.310
6025.000 0.321
6030.000 0.326
6035.000 0.341
6040.000 0.352
6045.000 0.357
6050.000 0.369
6055.000 0.385
6060.000 0.402
6065.000 0.418
6070.000 0.436
6075.000 0.458
6080.000 0.478
6085.000 0.505
6090.000 0.530
6095.000 0.560
6100.000 0.596
6105.000 0.616
6110.000 0.660
6115.000 0.710
6120.000 0.776
6125.000 0.857
6130.000 0.955
6135.000 1.086
6140.000 1.264
6145.000 1.518
6150.000 1.881
6155.000 2.414
6160.000 3.216
6165.000 4.381
6170.000 5.130
6175.000 6.937
6180.000 9.092
6185.000 11.205
6190.000 12.054
6195.000 10.374
6200.000 8.070
6205.000 5.612
6210.000 3.879
6215.000 2.853
6220.000 2.199
6225.000 1.744
6230.000 1.570
6235.000 1.273
6240.000 1.070
6245.000 0.919
6250.000 0.792
6255.000 0.689
6260.000 0.606
6265.000 0.542
6270.000 0.487
6275.000 0.443
6280.000 0.406
6285.000 0.389
6290.000 0.362
6295.000 0.340
6300.000 0.319
6305.000 0.304
6310.000 0.290
6315.000 0.278
6320.000 0.265
6325.000 0.254
6330.000 0.245
6335.000 0.236
6340.000 0.228
6345.000 0.220
6350.000 0.217
6355.000 0.209
6360.000 0.205
6365.000 0.197
6370.000 0.192
6375.000 0.185
6380.000 0.181
6385.000 0.175
6390.000 0.170
6395.000 0.165
6400.000 0.159
6405.000 0.154
6410.000 0.151
6415.000 0.147
6420.000 0.142
6425.000 0.136
6430.000 0.131
6435.000 0.125
6440.000 0.119
6445.000 0.114
6450.000 0.107
6455.000 0.100
6460.000 0.095
6465.000 0.088
6470.000 0.084
6475.000 0.082
6480.000 0.081
6485.000 0.087
6490.000 0.104
6495.000 0.137
6500.000 0.196
6505.000 0.304
6510.000 0.581
6515.000 1.706
6520.000 4.287
6525.000 6.001
6530.000 5.591
6535.000 4.243
6540.000 1.783
6545.000 1.087
6550.000 0.990
6555.000 0.726
6560.000 0.591
6565.000 0.505
6570.000 0.444
6575.000 0.400
6580.000 0.368
6585.000 0.342
6590.000 0.322
6595.000 0.315
6600.000 0.300
6605.000 0.287
6610.000 0.277
6615.000 0.269
6620.000 0.261
6625.000 0.254
6630.000 0.249
6635.000 0.245
6640.000 0.240
6645.000 0.236
6650.000 0.234
6655.000 0.232
6660.000 0.230
6665.000 0.227
6670.000 0.224
6675.000 0.223
6680.000 0.219
6685.000 0.219
6690.000 0.217
6695.000 0.215
6700.000 0.215
6705.000 0.212
6710.000 0.211
6715.000 0.211
6720.000 0.210
6725.000 0.208
6730.000 0.207
6735.000 0.205
6740.000 0.206
6745.000 0.204
6750.000 0.205
6755.000 0.203
6760.000 0.203
6765.000 0.203
6770.000 0.203
6775.000 0.202
6780.000 0.201
6785.000 0.201
6790.000 0.201
6795.000 0.201
6800.000 0.201
6805.000 0.201
6810.000 0.200
6815.000 0.200
6820.000 0.200
6825.000 0.198
6830.000 0.199
6835.000 0.199
6840.000 0.198
6845.000 0.199
6850.000 0.199
6855.000 0.200
6860.000 0.200
6865.000 0.201
6870.000 0.201
6875.000 0.201
6880.000 0.201
6885.000 0.202
6890.000 0.203
6895.000 0.202
6900.000 0.201
6905.000 0.202
6910.000 0.203
6915.000 0.204
6920.000 0.205
6925.000 0.204
6930.000 0.204
6935.000 0.205
6940.000 0.205
6945.000 0.206
6950.000 0.206
6955.000 0.210
6960.000 0.208
6965.000 0.209
6970.000 0.213
6975.000 0.211
6980.000 0.212
6985.000 0.216
6990.000 0.215
6995.000 0.217
7000.000 0.219
7005.000 0.222
7010.000 0.221
7015.000 0.225
7020.000 0.218
7025.000 0.224
7030.000 0.224
7035.000 0.230
7040.000 0.230
7045.000 0.233
7050.000 0.232
7055.000 0.236
7060.000 0.239
7065.000 0.240
7070.000 0.242
7075.000 0.245
7080.000 0.245
7085.000 0.250
7090.000 0.252
7095.000 0.256
7100.000 0.260
7105.000 0.264
7110.000 0.267
7115.000 0.270
7120.000 0.276
7125.000 0.278
7130.000 0.282
7135.000 0.289
7140.000 0.291
7145.000 0.298
7150.000 0.302
7155.000 0.311
7160.000 0.318
7165.000 0.325
7170.000 0.333
7175.000 0.340
7180.000 0.353
7185.000 0.359
7190.000 0.366
7195.000 0.375
7200.000 0.380
7205.000 0.383
7210.000 0.390
7215.000 0.398
7220.000 0.405
7225.000 0.415
7230.000 0.426
7235.000 0.435
7240.000 0.447
7245.000 0.456
7250.000 0.467
7255.000 0.482
7260.000 0.490
7265.000 0.501
7270.000 0.521
7275.000 0.540
7280.000 0.560
7285.000 0.577
7290.000 0.603
7295.000 0.625
7300.000 0.655
7305.000 0.687
7310.000 0.728
7315.000 0.769
7320.000 0.791
7325.000 0.844
7330.000 0.905
7335.000 0.977
7340.000 1.070
7345.000 1.192
7350.000 1.356
7355.000 1.555
7360.000 1.965
7365.000 2.370
7370.000 3.125
7375.000 4.194
7380.000 5.667
7385.000 6.519
7390.000 8.138
7395.000 8.865
7400.000 7.706
7405.000 5.271
7410.000 3.440
7415.000 2.273
7420.000 1.586
7425.000 1.326
7430.000 1.134
7435.000 0.979
7440.000 0.863
7445.000 0.778
7450.000 0.740
7455.000 0.661
7460.000 0.594
7465.000 0.532
7470.000 0.477
7475.000 0.427
7480.000 0.389
7485.000 0.356
7490.000 0.327
7495.000 0.305
7500.000 0.283
7505.000 0.274
7510.000 0.256
7515.000 0.240
7520.000 0.228
7525.000 0.215
7530.000 0.205
7535.000 0.196
7540.000 0.186
7545.000 0.178
7550.000 0.169
7555.000 0.164
7560.000 0.158
7565.000 0.155
7570.000 0.148
7575.000 0.145
7580.000 0.139
7585.000 0.135
7590.000 0.130
7595.000 0.127
7600.000 0.122
7605.000 0.119
7610.000 0.116
7615.000 0.113
7620.000 0.110
7625.000 0.107
7630.000 0.107
7635.000 0.104
7640.000 0.101
7645.000 0.100
7650.000 0.097
7655.000 0.096
7660.000 0.093
7665.000 0.093
7670.000 0.090
7675.000 0.088
7680.000 0.087
7685.000 0.085
7690.000 0.086
7695.000 0.084
7700.000 0.082
7705.000 0.081
7710.000 0.081
7715.000 0.079
7720.000 0.079
7725.000 0.077
7730.000 0.076
7735.000 0.076
7740.000 0.075
7745.000 0.075
7750.000 0.074
7755.000 0.074
7760.000 0.074
7765.000 0.072
7770.000 0.072
7775.000 0.072
7780.000 0.071
7785.000 0.072
7790.000 0.071
7795.000 0.071
7800.000 0.071
7805.000 0.070
7810.000 0.069
7815.000 0.071
7820.000 0.070
7825.000 0.070
7830.000 0.070
7835.000 0.070
7840.000 0.070
7845.000 0.069
7850.000 0.069
7855.000 0.070
7860.000 0.069
7865.000 0.070
7870.000 0.070
7875.000 0.070
7880.000 0.071
7885.000 0.072
7890.000 0.072
7895.000 0.072
7900.000 0.074
7905.000 0.075
7910.000 0.076
7915.000 0.078
7920.000 0.079
7925.000 0.081
7930.000 0.084
7935.000 0.085
7940.000 0.090
7945.000 0.094
7950.000 0.100
7955.000 0.109
7960.000 0.120
7965.000 0.135
7970.000 0.155
7975.000 0.190
7980.000 0.248
7985.000 0.362
7990.000 0.463
7995.000 0.916
8000.000 1.753
8005.000 2.329
8010.000 2.275
8015.000 0.796
8020.000 0.466
8025.000 0.382
8030.000 0.259
8035.000 0.213
8040.000 0.180
8045.000 0.152
8050.000 0.142
8055.000 0.128
8060.000 0.119
8065.000 0.108
8070.000 0.103
8075.000 0.098
8080.000 0.093
8085.000 0.091
8090.000 0.088
8095.000 0.086
8100.000 0.084
8105.000 0.082
8110.000 0.081
8115.000 0.079
8120.000 0.079
8125.000 0.078
8130.000 0.078
8135.000 0.077
8140.000 0.076
8145.000 0.075
8150.000 0.075
8155.000 0.075
8160.000 0.074
8165.000 0.074
8170.000 0.072
8175.000 0.072
8180.000 0.071
8185.000 0.072
8190.000 0.073
8195.000 0.072
8200.000 0.073
8205.000 0.071
8210.000 0.071
8215.000 0.071
8220.000 0.071
8225.000 0.070
8230.000 0.070
8235.000 0.071
8240.000 0.069
8245.000 0.070
8250.000 0.070
8255.000 0.068
8260.000 0.070
8265.000 0.069
8270.000 0.069
8275.000 0.068
8280.000 0.069
8285.000 0.068
8290.000 0.068
8295.000 0.068
8300.000 0.068
8305.000 0.067
8310.000 0.068
8315.000 0.068
8320.000 0.068
8325.000 0.067
8330.000 0.068
8335.000 0.068
8340.000 0.067
8345.000 0.067
8350.000 0.068
8355.000 0.068
8360.000 0.068
8365.000 0.068
8370.000 0.069
8375.000 0.068
8380.000 0.069
8385.000 0.070
8390.000 0.070
8395.000 0.070
8400.000 0.070
8405.000 0.070
8410.000 0.070
8415.000 0.069
8420.000 0.069
8425.000 0.069
8430.000 0.067
8435.000 0.066
8440.000 0.063
8445.000 0.061
8450.000 0.058
8455.000 0.060
8460.000 0.076
8465.000 0.138
8470.000 0.365
8475.000 0.739
8480.000 2.077
8485.000 3.202
8490.000 1.131
8495.000 1.172
8500.000 0.843
8505.000 0.807
8510.000 0.758
8515.000 0.775
8520.000 0.807
8525.000 0.872
8530.000 0.959
8535.000 1.071
8540.000 1.139
8545.000 1.313
8550.000 1.541
8555.000 1.864
8560.000 2.300
8565.000 2.856
8570.000 3.490
8575.000 4.050
8580.000 4.257
8585.000 3.889
8590.000 3.151
8595.000 2.465
8600.000 2.180
8605.000 1.699
8610.000 1.317
8615.000 0.988
8620.000 0.747
8625.000 0.645
8630.000 0.609
8635.000 0.553
8640.000 0.503
8645.000 0.466
8650.000 0.438
8655.000 0.417
8660.000 0.399
8665.000 0.391
8670.000 0.374
8675.000 0.358
8680.000 0.349
8685.000 0.335
8690.000 0.321
8695.000 0.309
8700.000 0.299
8705.000 0.290
8710.000 0.280
8715.000 0.271
8720.000 0.268
8725.000 0.260
8730.000 0.254
8735.000 0.248
8740.000 0.243
8745.000 0.237
8750.000 0.233
8755.000 0.229
8760.000 0.226
8765.000 0.220
8770.000 0.218
8775.000 0.216
8780.000 0.214
8785.000 0.211
8790.000 0.208
8795.000 0.205
8800.000 0.204
8805.000 0.201
8810.000 0.198
8815.000 0.193
8820.000 0.200
8825.000 0.189
8830.000 0.191
8835.000 0.198
8840.000 0.193
8845.000 0.190
8850.000 0.188
8855.000 0.185
8860.000 0.184
8865.000 0.182
8870.000 0.180
8875.000 0.178
8880.000 0.178
8885.000 0.175
8890.000 0.175
8895.000 0.174
8900.000 0.174
8905.000 0.172
8910.000 0.171
8915.000 0.171
8920.000 0.170
8925.000 0.170
8930.000 0.169
8935.000 0.167
8940.000 0.167
8945.000 0.168
8950.000 0.167
8955.000 0.166
8960.000 0.166
8965.000 0.166
8970.000 0.163
8975.000 0.165
8980.000 0.165
8985.000 0.162
8990.000 0.161
8995.000 0.162
9000.000 0.160
9005.000 0.161
9010.000 0.161
9015.000 0.159
9020.000 0.161
9025.000 0.159
9030.000 0.161
9035.000 0.161
9040.000 0.161
9045.000 0.161
9050.000 0.158
9055.000 0.159
9060.000 0.157
9065.000 0.158
9070.000 0.155
9075.000 0.157
9080.000 0.158
9085.000 0.156
9090.000 0.156
9095.000 0.157
9100.000 0.157
9105.000 0.158
9110.000 0.157
9115.000 0.159
9120.000 0.157
9125.000 0.158
9130.000 0.156
9135.000 0.157
9140.000 0.157
9145.000 0.157
9150.000 0.158
9155.000 0.158
9160.000 0.157
9165.000 0.157
9170.000 0.157
9175.000 0.157
9180.000 0.157
9185.000 0.157
9190.000 0.158
9195.000 0.158
9200.000 0.157
9205.000 0.158
9210.000 0.158
9215.000 0.161
9220.000 0.160
9225.000 0.161
9230.000 0.161
9235.000 0.161
9240.000 0.161
9245.000 0.162
9250.000 0.163
9255.000 0.163
9260.000 0.163
9265.000 0.166
9270.000 0.166
9275.000 0.168
9280.000 0.167
9285.000 0.168
9290.000 0.168
9295.000 0.170
9300.000 0.169
9305.000 0.173
9310.000 0.174
9315.000 0.176
9320.000 0.177
9325.000 0.179
9330.000 0.181
9335.000 0.184
9340.000 0.186
9345.000 0.189
9350.000 0.191
9355.000 0.196
9360.000 0.200
9365.000 0.205
9370.000 0.213
9375.000 0.223
9380.000 0.237
9385.000 0.255
9390.000 0.285
9395.000 0.306
9400.000 0.383
9405.000 0.545
9410.000 0.767
9415.000 0.606
9420.000 0.104
9425.000 0.585
9430.000 0.408
9435.000 0.088
9440.000 0.076
9445.000 0.080
9450.000 0.082
9455.000 0.083
9460.000 0.086
9465.000 0.086
9470.000 0.090
9475.000 0.092
9480.000 0.094
9485.000 0.096
9490.000 0.098
9495.000 0.100
9500.000 0.103
9505.000 0.105
9510.000 0.103
9515.000 0.105
9520.000 0.108
9525.000 0.108
9530.000 0.109
9535.000 0.110
9540.000 0.109
9545.000 0.111
9550.000 0.110
9555.000 0.112
9560.000 0.112
9565.000 0.113
9570.000 0.114
9575.000 0.112
9580.000 0.113
9585.000 0.113
9590.000 0.113
9595.000 0.114
9600.000 0.114
9605.000 0.114
9610.000 0.113
9615.000 0.114
9620.000 0.112
9625.000 0.112
9630.000 0.111
9635.000 0.111
9640.000 0.111
9645.000 0.110
9650.000 0.109
9655.000 0.108
9660.000 0.108
9665.000 0.107
9670.000 0.106
9675.000 0.105
9680.000 0.101
9685.000 0.100
9690.000 0.099
9695.000 0.097
9700.000 0.096
9705.000 0.094
9710.000 0.093
9715.000 0.089
9720.000 0.086
9725.000 0.083
9730.000 0.083
9735.000 0.086
9740.000 0.093
9745.000 0.105
9750.000 0.114
9755.000 0.117
9760.000 0.114
9765.000 0.106
9770.000 0.094
9775.000 0.084
9780.000 0.073
9785.000 0.064
9790.000 0.067
9795.000 0.093
9800.000 0.145
9805.000 0.254
9810.000 0.399
9815.000 0.451
9820.000 0.461
9825.000 0.413
9830.000 0.357
9835.000 0.309
9840.000 0.272
9845.000 0.241
9850.000 0.218
9855.000 0.200
9860.000 0.191
9865.000 0.181
9870.000 0.178
9875.000 0.172
9880.000 0.170
9885.000 0.168
9890.000 0.164
9895.000 0.164
9900.000 0.163
9905.000 0.159
9910.000 0.159
9915.000 0.158
9920.000 0.157
9925.000 0.153
9930.000 0.152
9935.000 0.151
9940.000 0.149
9945.000 0.146
9950.000 0.145
9955.000 0.145
9960.000 0.140
9965.000 0.141
9970.000 0.139
9975.000 0.140
9980.000 0.138
9985.000 0.133
9990.000 0.131
9995.000 0.134
10000.000 0.131
10005.000 0.126
10010.000 0.123
10015.000 0.122
10020.000 0.118
10025.000 0.114
10030.000 0.108
10035.000 0.108
10040.000 0.101
10045.000 0.097
10050.000 0.089
10055.000 0.079
10060.000 0.076
10065.000 0.063
10070.000 0.047
10075.000 0.022
10080.000 0.008
10085.000 0.070
10090.000 0.254
10095.000 0.640
10100.000 1.206
10105.000 1.320
10110.000 1.293
10115.000 1.311
10120.000 0.772
10125.000 0.672
10130.000 0.552
10135.000 0.497
10140.000 0.434
10145.000 0.387
10150.000 0.346
10155.000 0.312
10160.000 0.283
10165.000 0.262
10170.000 0.245
10175.000 0.229
10180.000 0.218
10185.000 0.213
10190.000 0.208
10195.000 0.203
10200.000 0.201
10205.000 0.198
10210.000 0.196
10215.000 0.195
10220.000 0.193
10225.000 0.194
10230.000 0.192
10235.000 0.192
10240.000 0.191
10245.000 0.188
10250.000 0.188
10255.000 0.187
10260.000 0.185
10265.000 0.185
10270.000 0.183
10275.000 0.183
10280.000 0.183
10285.000 0.182
10290.000 0.180
10295.000 0.180
10300.000 0.179
10305.000 0.178
10310.000 0.179
10315.000 0.178
10320.000 0.178
10325.000 0.177
10330.000 0.178
10335.000 0.180
10340.000 0.178
10345.000 0.177
10350.000 0.176
10355.000 0.177
10360.000 0.176
10365.000 0.174
10370.000 0.176
10375.000 0.173
10380.000 0.175
10385.000 0.177
10390.000 0.172
10395.000 0.175
10400.000 0.174
10405.000 0.175
10410.000 0.175
10415.000 0.173
10420.000 0.174
10425.000 0.174
10430.000 0.175
10435.000 0.174
10440.000 0.172
10445.000 0.175
10450.000 0.175
10455.000 0.175
10460.000 0.174
10465.000 0.173
10470.000 0.173
10475.000 0.174
10480.000 0.174
10485.000 0.174
10490.000 0.174
10495.000 0.174
10500.000 0.175
10505.000 0.173
10510.000 0.176
10515.000 0.172
10520.000 0.172
10525.000 0.173
10530.000 0.172
10535.000 0.172
10540.000 0.173
10545.000 0.173
10550.000 0.174
10555.000 0.173
10560.000 0.172
10565.000 0.175
10570.000 0.172
10575.000 0.173
10580.000 0.174
10585.000 0.173
10590.000 0.174
10595.000 0.171
10600.000 0.173
10605.000 0.173
10610.000 0.172
10615.000 0.171
10620.000 0.173
10625.000 0.172
10630.000 0.171
10635.000 0.171
10640.000 0.171
10645.000 0.170
10650.000 0.168
10655.000 0.167
10660.000 0.166
10665.000 0.165
10670.000 0.165
10675.000 0.165
10680.000 0.161
10685.000 0.159
10690.000 0.156
10695.000 0.153
10700.000 0.152
10705.000 0.145
10710.000 0.144
10715.000 0.136
10720.000 0.129
10725.000 0.124
10730.000 0.114
10735.000 0.102
10740.000 0.088
10745.000 0.075
10750.000 0.072
10755.000 0.120
10760.000 0.298
10765.000 0.622
10770.000 1.012
10775.000 1.336
10780.000 1.336
10785.000 1.138
10790.000 1.054
10795.000 0.923
10800.000 0.869
10805.000 0.928
10810.000 1.026
10815.000 0.897
10820.000 0.856
10825.000 0.823
10830.000 0.796
10835.000 0.774
10840.000 0.757
10845.000 0.750
10850.000 0.751
10855.000 0.750
10860.000 0.754
10865.000 0.774
10870.000 0.800
10875.000 0.839
10880.000 0.895
10885.000 0.967
10890.000 1.054
10895.000 1.150
10900.000 1.239
10905.000 1.278
10910.000 1.222
10915.000 1.131
10920.000 0.923
10925.000 0.713
10930.000 0.538
10935.000 0.429
10940.000 0.327
10945.000 0.264
10950.000 0.225
10955.000 0.206
10960.000 0.205
10965.000 0.216
10970.000 0.229
10975.000 0.261
10980.000 0.297
10985.000 0.324
10990.000 0.309
10995.000 0.263
11000.000 0.215
11005.000 0.169
11010.000 0.136
11015.000 0.109
11020.000 0.086
11025.000 0.066
11030.000 0.051
11035.000 0.045
11040.000 0.033
11045.000 0.024
11050.000 0.015
11055.000 0.008
11060.000 0.003
11065.000 0.003
11070.000 0.008
11075.000 0.013
11080.000 0.017
11085.000 0.021
11090.000 0.024
11095.000 0.025
11100.000 0.028
11105.000 0.031
11110.000 0.034
11115.000 0.036
11120.000 0.039
11125.000 0.042
11130.000 0.044
11135.000 0.046
11140.000 0.048
11145.000 0.050
11150.000 0.052
11155.000 0.054
11160.000 0.055
11165.000 0.057
11170.000 0.059
11175.000 0.060
11180.000 0.062
11185.000 0.063
11190.000 0.063
11195.000 0.065
11200.000 0.067
11205.000 0.068
11210.000 0.070
11215.000 0.070
11220.000 0.072
11225.000 0.073
11230.000 0.075
11235.000 0.077
11240.000 0.079
11245.000 0.080
11250.000 0.081
11255.000 0.083
11260.000 0.085
11265.000 0.087
11270.000 0.088
11275.000 0.089
11280.000 0.091
11285.000 0.092
11290.000 0.096
11295.000 0.095
11300.000 0.095
11305.000 0.094
11310.000 0.094
11315.000 0.093
11320.000 0.095
11325.000 0.096
11330.000 0.096
11335.000 0.096
11340.000 0.098
11345.000 0.096
11350.000 0.097
11355.000 0.098
11360.000 0.098
11365.000 0.099
11370.000 0.100
11375.000 0.100
11380.000 0.102
11385.000 0.103
11390.000 0.102
11395.000 0.104
11400.000 0.102
11405.000 0.103
11410.000 0.103
11415.000 0.104
11420.000 0.103
11425.000 0.104
11430.000 0.104
11435.000 0.105
11440.000 0.106
11445.000 0.106
11450.000 0.107
11455.000 0.107
11460.000 0.108
11465.000 0.107
11470.000 0.109
11475.000 0.108
11480.000 0.109
11485.000 0.106
11490.000 0.110
11495.000 0.109
11500.000 0.110
11505.000 0.110
11510.000 0.112
11515.000 0.110
11520.000 0.112
11525.000 0.114
11530.000 0.113
11535.000 0.116
11540.000 0.116
11545.000 0.117
11550.000 0.121
11555.000 0.119
11560.000 0.120
11565.000 0.121
11570.000 0.124
11575.000 0.125
11580.000 0.126
11585.000 0.128
11590.000 0.133
11595.000 0.136
11600.000 0.139
11605.000 0.146
11610.000 0.153
11615.000 0.165
11620.000 0.181
11625.000 0.205
11630.000 0.232
11635.000 0.239
11640.000 0.174
11645.000 0.155
11650.000 0.271
11655.000 0.160
11660.000 0.083
11665.000 0.020
11670.000 0.018
11675.000 0.028
11680.000 0.036
11685.000 0.043
11690.000 0.049
11695.000 0.056
11700.000 0.060
11705.000 0.063
11710.000 0.065
11715.000 0.065
11720.000 0.067
11725.000 0.064
11730.000 0.065
11735.000 0.065
11740.000 0.065
11745.000 0.064
11750.000 0.066
11755.000 0.069
11760.000 0.066
11765.000 0.066
11770.000 0.068
11775.000 0.067
11780.000 0.066
11785.000 0.066
11790.000 0.067
11795.000 0.065
11800.000 0.066
11805.000 0.066
11810.000 0.064
11815.000 0.065
11820.000 0.065
11825.000 0.064
11830.000 0.064
11835.000 0.064
11840.000 0.063
11845.000 0.062
11850.000 0.063
11855.000 0.062
11860.000 0.059
11865.000 0.060
11870.000 0.059
11875.000 0.060
11880.000 0.059
11885.000 0.058
11890.000 0.059
11895.000 0.058
11900.000 0.060
11905.000 0.060
11910.000 0.062
11915.000 0.062
11920.000 0.064
11925.000 0.065
11930.000 0.068
11935.000 0.071
11940.000 0.074
11945.000 0.077
11950.000 0.087
11955.000 0.110
11960.000 0.203
11965.000 0.422
11970.000 0.504
11975.000 0.357
11980.000 0.331
11985.000 0.332
11990.000 0.353
11995.000 0.390
12000.000 0.447
