0 0
105.000 0.005
110.000 0.740
115.000 0.946
120.000 1.047
125.000 1.154
130.000 1.265
135.000 1.281
140.000 1.424
145.000 1.286
150.000 1.379
155.000 1.279
160.000 1.432
165.000 1.271
170.000 1.204
175.000 1.245
180.000 1.252
185.000 1.312
190.000 1.210
195.000 1.259
200.000 1.253
205.000 1.324
210.000 1.293
215.000 1.311
220.000 1.297
225.000 1.350
230.000 1.301
235.000 1.385
240.000 1.393
245.000 1.398
250.000 1.413
255.000 1.429
260.000 1.457
265.000 1.425
270.000 1.491
275.000 1.473
280.000 1.434
285.000 1.506
290.000 1.524
295.000 1.515
300.000 1.531
305.000 1.522
310.000 1.517
315.000 1.543
320.000 1.542
325.000 1.535
330.000 1.602
335.000 1.624
340.000 1.676
345.000 1.727
350.000 1.831
355.000 1.896
360.000 1.960
365.000 2.080
370.000 2.176
375.000 2.244
380.000 2.371
385.000 2.495
390.000 2.643
395.000 2.768
400.000 2.892
405.000 2.994
410.000 3.057
415.000 3.023
420.000 2.945
425.000 2.861
430.000 2.674
435.000 2.430
440.000 2.156
445.000 1.844
450.000 1.608
455.000 1.402
460.000 1.239
465.000 1.105
470.000 0.997
475.000 0.913
480.000 0.843
485.000 0.819
490.000 0.764
495.000 0.720
500.000 0.675
505.000 0.638
510.000 0.599
515.000 0.569
520.000 0.548
525.000 0.520
530.000 0.489
535.000 0.472
540.000 0.444
545.000 0.423
550.000 0.417
555.000 0.392
560.000 0.365
565.000 0.356
570.000 0.337
575.000 0.322
580.000 0.304
585.000 0.289
590.000 0.281
595.000 0.270
600.000 0.260
605.000 0.246
610.000 0.241
615.000 0.237
620.000 0.230
625.000 0.223
630.000 0.219
635.000 0.209
640.000 0.206
645.000 0.202
650.000 0.193
655.000 0.191
660.000 0.187
665.000 0.185
670.000 0.181
675.000 0.176
680.000 0.171
685.000 0.169
690.000 0.172
695.000 0.164
700.000 0.158
705.000 0.156
710.000 0.154
715.000 0.151
720.000 0.149
725.000 0.150
730.000 0.148
735.000 0.143
740.000 0.142
745.000 0.142
750.000 0.139
755.000 0.139
760.000 0.132
765.000 0.135
770.000 0.129
775.000 0.131
780.000 0.131
785.000 0.129
790.000 0.130
795.000 0.128
800.000 0.125
805.000 0.129
810.000 0.128
815.000 0.123
820.000 0.122
825.000 0.123
830.000 0.120
835.000 0.119
840.000 0.121
845.000 0.121
850.000 0.119
855.000 0.120
860.000 0.119
865.000 0.115
870.000 0.116
875.000 0.119
880.000 0.116
885.000 0.116
890.000 0.113
895.000 0.113
900.000 0.112
905.000 0.114
910.000 0.107
915.000 0.112
920.000 0.116
925.000 0.111
930.000 0.111
935.000 0.115
940.000 0.114
945.000 0.112
950.000 0.112
955.000 0.110
960.000 0.108
965.000 0.109
970.000 0.114
975.000 0.109
980.000 0.111
985.000 0.112
990.000 0.109
995.000 0.109
1000.000 0.112
1005.000 0.106
1010.000 0.105
1015.000 0.110
1020.000 0.108
1025.000 0.108
1030.000 0.107
1035.000 0.110
1040.000 0.110
1045.000 0.109
1050.000 0.109
1055.000 0.109
1060.000 0.110
1065.000 0.105
1070.000 0.107
1075.000 0.110
1080.000 0.108
1085.000 0.108
1090.000 0.110
1095.000 0.109
1100.000 0.107
1105.000 0.108
1110.000 0.111
1115.000 0.106
1120.000 0.109
1125.000 0.108
1130.000 0.110
1135.000 0.107
1140.000 0.107
1145.000 0.109
1150.000 0.108
1155.000 0.110
1160.000 0.108
1165.000 0.109
1170.000 0.109
1175.000 0.110
1180.000 0.111
1185.000 0.111
1190.000 0.109
1195.000 0.110
1200.000 0.110
1205.000 0.112
1210.000 0.111
1215.000 0.110
1220.000 0.111
1225.000 0.113
1230.000 0.111
1235.000 0.110
1240.000 0.111
1245.000 0.113
1250.000 0.112
1255.000 0.113
1260.000 0.115
1265.000 0.115
1270.000 0.116
1275.000 0.117
1280.000 0.114
1285.000 0.116
1290.000 0.117
1295.000 0.119
1300.000 0.116
1305.000 0.118
1310.000 0.119
1315.000 0.117
1320.000 0.119
1325.000 0.120
1330.000 0.119
1335.000 0.123
1340.000 0.120
1345.000 0.120
1350.000 0.122
1355.000 0.125
1360.000 0.125
1365.000 0.123
1370.000 0.125
1375.000 0.125
1380.000 0.125
1385.000 0.125
1390.000 0.127
1395.000 0.127
1400.000 0.130
1405.000 0.129
1410.000 0.129
1415.000 0.132
1420.000 0.130
1425.000 0.132
1430.000 0.131
1435.000 0.132
1440.000 0.133
1445.000 0.134
1450.000 0.134
1455.000 0.132
1460.000 0.132
1465.000 0.130
1470.000 0.133
1475.000 0.128
1480.000 0.128
1485.000 0.127
1490.000 0.128
1495.000 0.129
1500.000 0.130
1505.000 0.133
1510.000 0.137
1515.000 0.138
1520.000 0.142
1525.000 0.143
1530.000 0.147
1535.000 0.150
1540.000 0.154
1545.000 0.157
1550.000 0.159
1555.000 0.162
1560.000 0.165
1565.000 0.168
1570.000 0.171
1575.000 0.174
1580.000 0.175
1585.000 0.179
1590.000 0.183
1595.000 0.189
1600.000 0.192
1605.000 0.194
1610.000 0.197
1615.000 0.200
1620.000 0.205
1625.000 0.209
1630.000 0.215
1635.000 0.219
1640.000 0.220
1645.000 0.226
1650.000 0.230
1655.000 0.235
1660.000 0.241
1665.000 0.246
1670.000 0.253
1675.000 0.259
1680.000 0.266
1685.000 0.272
1690.000 0.279
1695.000 0.285
1700.000 0.286
1705.000 0.294
1710.000 0.301
1715.000 0.309
1720.000 0.314
1725.000 0.322
1730.000 0.330
1735.000 0.340
1740.000 0.351
1745.000 0.358
1750.000 0.367
1755.000 0.376
1760.000 0.384
1765.000 0.390
1770.000 0.397
1775.000 0.405
1780.000 0.411
1785.000 0.423
1790.000 0.434
1795.000 0.441
1800.000 0.450
1805.000 0.459
1810.000 0.465
1815.000 0.471
1820.000 0.477
1825.000 0.482
1830.000 0.489
1835.000 0.494
1840.000 0.497
1845.000 0.507
1850.000 0.510
1855.000 0.511
1860.000 0.515
1865.000 0.514
1870.000 0.516
1875.000 0.515
1880.000 0.514
1885.000 0.514
1890.000 0.516
1895.000 0.517
1900.000 0.515
1905.000 0.513
1910.000 0.511
1915.000 0.508
1920.000 0.507
1925.000 0.502
1930.000 0.501
1935.000 0.497
1940.000 0.492
1945.000 0.494
1950.000 0.487
1955.000 0.487
1960.000 0.483
1965.000 0.484
1970.000 0.479
1975.000 0.481
1980.000 0.478
1985.000 0.468
1990.000 0.475
1995.000 0.474
2000.000 0.463
2005.000 0.468
2010.000 0.467
2015.000 0.461
2020.000 0.463
2025.000 0.452
2030.000 0.450
2035.000 0.457
2040.000 0.455
2045.000 0.455
2050.000 0.448
2055.000 0.451
2060.000 0.449
2065.000 0.452
2070.000 0.449
2075.000 0.450
2080.000 0.456
2085.000 0.455
2090.000 0.456
2095.000 0.459
2100.000 0.458
2105.000 0.459
2110.000 0.465
2115.000 0.466
2120.000 0.470
2125.000 0.473
2130.000 0.478
2135.000 0.484
2140.000 0.488
2145.000 0.496
2150.000 0.502
2155.000 0.508
2160.000 0.515
2165.000 0.523
2170.000 0.537
2175.000 0.548
2180.000 0.564
2185.000 0.575
2190.000 0.582
2195.000 0.598
2200.000 0.616
2205.000 0.639
2210.000 0.661
2215.000 0.689
2220.000 0.724
2225.000 0.755
2230.000 0.796
2235.000 0.844
2240.000 0.908
2245.000 0.989
2250.000 1.095
2255.000 1.164
2260.000 1.352
2265.000 1.634
2270.000 2.093
2275.000 2.897
2280.000 4.277
2285.000 6.417
2290.000 9.163
2295.000 11.735
2300.000 12.671
2305.000 6.541
2310.000 3.643
2315.000 2.877
2320.000 1.602
2325.000 1.365
2330.000 1.026
2335.000 0.798
2340.000 0.635
2345.000 0.519
2350.000 0.434
2355.000 0.361
2360.000 0.314
2365.000 0.272
2370.000 0.254
2375.000 0.225
2380.000 0.200
2385.000 0.178
2390.000 0.160
2395.000 0.145
2400.000 0.133
2405.000 0.122
2410.000 0.111
2415.000 0.104
2420.000 0.094
2425.000 0.086
2430.000 0.082
2435.000 0.077
2440.000 0.071
2445.000 0.065
2450.000 0.060
2455.000 0.056
2460.000 0.053
2465.000 0.049
2470.000 0.047
2475.000 0.043
2480.000 0.042
2485.000 0.039
2490.000 0.039
2495.000 0.039
2500.000 0.037
2505.000 0.037
2510.000 0.036
2515.000 0.037
2520.000 0.037
2525.000 0.037
2530.000 0.037
2535.000 0.037
2540.000 0.037
2545.000 0.039
2550.000 0.040
2555.000 0.039
2560.000 0.041
2565.000 0.043
2570.000 0.043
2575.000 0.044
2580.000 0.045
2585.000 0.047
2590.000 0.047
2595.000 0.049
2600.000 0.049
2605.000 0.049
2610.000 0.051
2615.000 0.051
2620.000 0.053
2625.000 0.053
2630.000 0.054
2635.000 0.056
2640.000 0.057
2645.000 0.058
2650.000 0.059
2655.000 0.061
2660.000 0.062
2665.000 0.063
2670.000 0.064
2675.000 0.066
2680.000 0.067
2685.000 0.069
2690.000 0.070
2695.000 0.071
2700.000 0.072
2705.000 0.073
2710.000 0.076
2715.000 0.077
2720.000 0.078
2725.000 0.080
2730.000 0.082
2735.000 0.084
2740.000 0.085
2745.000 0.086
2750.000 0.088
2755.000 0.089
2760.000 0.091
2765.000 0.093
2770.000 0.095
2775.000 0.095
2780.000 0.097
2785.000 0.099
2790.000 0.100
2795.000 0.104
2800.000 0.104
2805.000 0.106
2810.000 0.107
2815.000 0.109
2820.000 0.111
2825.000 0.112
2830.000 0.114
2835.000 0.116
2840.000 0.117
2845.000 0.120
2850.000 0.121
2855.000 0.123
2860.000 0.125
2865.000 0.126
2870.000 0.128
2875.000 0.130
2880.000 0.129
2885.000 0.131
2890.000 0.132
2895.000 0.132
2900.000 0.133
2905.000 0.134
2910.000 0.135
2915.000 0.134
2920.000 0.137
2925.000 0.137
2930.000 0.137
2935.000 0.137
2940.000 0.139
2945.000 0.142
2950.000 0.142
2955.000 0.140
2960.000 0.138
2965.000 0.140
2970.000 0.144
2975.000 0.143
2980.000 0.145
2985.000 0.142
2990.000 0.142
2995.000 0.142
3000.000 0.145
3005.000 0.139
3010.000 0.140
3015.000 0.141
3020.000 0.141
3025.000 0.143
3030.000 0.140
3035.000 0.143
3040.000 0.142
3045.000 0.142
3050.000 0.138
3055.000 0.142
3060.000 0.143
3065.000 0.142
3070.000 0.142
3075.000 0.142
3080.000 0.143
3085.000 0.142
3090.000 0.143
3095.000 0.143
3100.000 0.143
3105.000 0.142
3110.000 0.143
3115.000 0.144
3120.000 0.144
3125.000 0.145
3130.000 0.146
3135.000 0.146
3140.000 0.145
3145.000 0.147
3150.000 0.146
3155.000 0.148
3160.000 0.147
3165.000 0.148
3170.000 0.147
3175.000 0.147
3180.000 0.148
3185.000 0.150
3190.000 0.149
3195.000 0.150
3200.000 0.151
3205.000 0.151
3210.000 0.152
3215.000 0.152
3220.000 0.154
3225.000 0.152
3230.000 0.153
3235.000 0.154
3240.000 0.155
3245.000 0.156
3250.000 0.156
3255.000 0.157
3260.000 0.159
3265.000 0.159
3270.000 0.161
3275.000 0.161
3280.000 0.162
3285.000 0.161
3290.000 0.163
3295.000 0.163
3300.000 0.164
3305.000 0.164
3310.000 0.166
3315.000 0.167
3320.000 0.168
3325.000 0.169
3330.000 0.168
3335.000 0.170
3340.000 0.171
3345.000 0.170
3350.000 0.171
3355.000 0.173
3360.000 0.175
3365.000 0.175
3370.000 0.177
3375.000 0.179
3380.000 0.180
3385.000 0.182
3390.000 0.184
3395.000 0.186
3400.000 0.188
3405.000 0.191
3410.000 0.194
3415.000 0.194
3420.000 0.197
3425.000 0.199
3430.000 0.202
3435.000 0.205
3440.000 0.208
3445.000 0.211
3450.000 0.215
3455.000 0.218
3460.000 0.222
3465.000 0.224
3470.000 0.228
3475.000 0.234
3480.000 0.240
3485.000 0.246
3490.000 0.252
3495.000 0.258
3500.000 0.263
3505.000 0.272
3510.000 0.280
3515.000 0.289
3520.000 0.300
3525.000 0.310
3530.000 0.318
3535.000 0.331
3540.000 0.344
3545.000 0.358
3550.000 0.376
3555.000 0.395
3560.000 0.408
3565.000 0.426
3570.000 0.442
3575.000 0.464
3580.000 0.486
3585.000 0.510
3590.000 0.526
3595.000 0.556
3600.000 0.590
3605.000 0.630
3610.000 0.679
3615.000 0.732
3620.000 0.798
3625.000 0.887
3630.000 0.998
3635.000 1.165
3640.000 1.390
3645.000 1.538
3650.000 1.952
3655.000 2.604
3660.000 3.601
3665.000 5.028
3670.000 7.173
3675.000 12.558
3680.000 18.123
3685.000 13.356
3690.000 7.343
3695.000 4.652
3700.000 3.101
3705.000 2.224
3710.000 1.930
3715.000 1.484
3720.000 1.065
3725.000 0.965
3730.000 0.811
3735.000 0.697
3740.000 0.610
3745.000 0.544
3750.000 0.490
3755.000 0.445
3760.000 0.409
3765.000 0.379
3770.000 0.367
3775.000 0.343
3780.000 0.321
3785.000 0.305
3790.000 0.289
3795.000 0.275
3800.000 0.263
3805.000 0.252
3810.000 0.242
3815.000 0.233
3820.000 0.226
3825.000 0.217
3830.000 0.210
3835.000 0.207
3840.000 0.200
3845.000 0.194
3850.000 0.188
3855.000 0.184
3860.000 0.180
3865.000 0.175
3870.000 0.172
3875.000 0.167
3880.000 0.165
3885.000 0.161
3890.000 0.159
3895.000 0.155
3900.000 0.153
3905.000 0.151
3910.000 0.148
3915.000 0.146
3920.000 0.143
3925.000 0.142
3930.000 0.141
3935.000 0.136
3940.000 0.135
3945.000 0.133
3950.000 0.132
3955.000 0.131
3960.000 0.130
3965.000 0.130
3970.000 0.125
3975.000 0.126
3980.000 0.125
3985.000 0.119
3990.000 0.122
3995.000 0.120
4000.000 0.115
4005.000 0.119
4010.000 0.117
4015.000 0.117
4020.000 0.113
4025.000 0.111
4030.000 0.110
4035.000 0.113
4040.000 0.111
4045.000 0.111
4050.000 0.108
4055.000 0.109
4060.000 0.109
4065.000 0.106
4070.000 0.105
4075.000 0.104
4080.000 0.104
4085.000 0.104
4090.000 0.103
4095.000 0.103
4100.000 0.104
4105.000 0.102
4110.000 0.102
4115.000 0.101
4120.000 0.099
4125.000 0.100
4130.000 0.098
4135.000 0.099
4140.000 0.098
4145.000 0.099
4150.000 0.097
4155.000 0.097
4160.000 0.096
4165.000 0.096
4170.000 0.095
4175.000 0.095
4180.000 0.094
4185.000 0.094
4190.000 0.093
4195.000 0.093
4200.000 0.092
4205.000 0.092
4210.000 0.090
4215.000 0.091
4220.000 0.090
4225.000 0.090
4230.000 0.090
4235.000 0.089
4240.000 0.089
4245.000 0.089
4250.000 0.089
4255.000 0.088
4260.000 0.088
4265.000 0.088
4270.000 0.088
4275.000 0.087
4280.000 0.086
4285.000 0.087
4290.000 0.086
4295.000 0.086
4300.000 0.087
4305.000 0.086
4310.000 0.086
4315.000 0.087
4320.000 0.087
4325.000 0.087
4330.000 0.087
4335.000 0.087
4340.000 0.087
4345.000 0.087
4350.000 0.087
4355.000 0.088
4360.000 0.088
4365.000 0.088
4370.000 0.089
4375.000 0.089
4380.000 0.088
4385.000 0.088
4390.000 0.089
4395.000 0.089
4400.000 0.089
4405.000 0.089
4410.000 0.089
4415.000 0.090
4420.000 0.089
4425.000 0.090
4430.000 0.090
4435.000 0.090
4440.000 0.090
4445.000 0.089
4450.000 0.089
4455.000 0.090
4460.000 0.090
4465.000 0.090
4470.000 0.090
4475.000 0.091
4480.000 0.090
4485.000 0.090
4490.000 0.090
4495.000 0.091
4500.000 0.089
4505.000 0.090
4510.000 0.091
4515.000 0.091
4520.000 0.090
4525.000 0.090
4530.000 0.091
4535.000 0.091
4540.000 0.091
4545.000 0.090
4550.000 0.090
4555.000 0.091
4560.000 0.092
4565.000 0.091
4570.000 0.091
4575.000 0.091
4580.000 0.091
4585.000 0.092
4590.000 0.091
4595.000 0.092
4600.000 0.092
4605.000 0.092
4610.000 0.091
4615.000 0.092
4620.000 0.092
4625.000 0.093
4630.000 0.092
4635.000 0.093
4640.000 0.093
4645.000 0.093
4650.000 0.093
4655.000 0.093
4660.000 0.095
4665.000 0.093
4670.000 0.094
4675.000 0.094
4680.000 0.094
4685.000 0.095
4690.000 0.094
4695.000 0.095
4700.000 0.095
4705.000 0.096
4710.000 0.095
4715.000 0.097
4720.000 0.096
4725.000 0.097
4730.000 0.097
4735.000 0.097
4740.000 0.098
4745.000 0.098
4750.000 0.098
4755.000 0.099
4760.000 0.099
4765.000 0.099
4770.000 0.100
4775.000 0.100
4780.000 0.100
4785.000 0.102
4790.000 0.102
4795.000 0.103
4800.000 0.103
4805.000 0.103
4810.000 0.103
4815.000 0.104
4820.000 0.104
4825.000 0.105
4830.000 0.106
4835.000 0.107
4840.000 0.107
4845.000 0.108
4850.000 0.109
4855.000 0.111
4860.000 0.112
4865.000 0.112
4870.000 0.113
4875.000 0.114
4880.000 0.114
4885.000 0.115
4890.000 0.116
4895.000 0.116
4900.000 0.116
4905.000 0.113
4910.000 0.110
4915.000 0.107
4920.000 0.112
4925.000 0.130
4930.000 0.347
4935.000 1.615
4940.000 4.748
4945.000 5.232
4950.000 2.913
4955.000 2.375
4960.000 1.804
4965.000 0.638
4970.000 0.233
4975.000 0.196
4980.000 0.115
4985.000 0.081
4990.000 0.078
4995.000 0.065
5000.000 0.060
5005.000 0.054
5010.000 0.055
5015.000 0.058
5020.000 0.059
5025.000 0.063
5030.000 0.062
5035.000 0.064
5040.000 0.063
5045.000 0.067
5050.000 0.069
5055.000 0.067
5060.000 0.069
5065.000 0.071
5070.000 0.070
5075.000 0.072
5080.000 0.073
5085.000 0.073
5090.000 0.075
5095.000 0.077
5100.000 0.077
5105.000 0.077
5110.000 0.078
5115.000 0.079
5120.000 0.080
5125.000 0.081
5130.000 0.081
5135.000 0.081
5140.000 0.082
5145.000 0.083
5150.000 0.084
5155.000 0.084
5160.000 0.084
5165.000 0.087
5170.000 0.086
5175.000 0.086
5180.000 0.088
5185.000 0.087
5190.000 0.088
5195.000 0.089
5200.000 0.089
5205.000 0.089
5210.000 0.091
5215.000 0.091
5220.000 0.091
5225.000 0.091
5230.000 0.093
5235.000 0.092
5240.000 0.093
5245.000 0.092
5250.000 0.093
5255.000 0.093
5260.000 0.094
5265.000 0.094
5270.000 0.095
5275.000 0.095
5280.000 0.095
5285.000 0.096
5290.000 0.097
5295.000 0.096
5300.000 0.097
5305.000 0.097
5310.000 0.097
5315.000 0.098
5320.000 0.098
5325.000 0.098
5330.000 0.099
5335.000 0.099
5340.000 0.099
5345.000 0.099
5350.000 0.100
5355.000 0.099
5360.000 0.100
5365.000 0.100
5370.000 0.101
5375.000 0.101
5380.000 0.101
5385.000 0.101
5390.000 0.100
5395.000 0.101
5400.000 0.101
5405.000 0.102
5410.000 0.102
5415.000 0.102
5420.000 0.102
5425.000 0.103
5430.000 0.102
5435.000 0.102
5440.000 0.102
5445.000 0.101
5450.000 0.102
5455.000 0.103
5460.000 0.102
5465.000 0.103
5470.000 0.102
5475.000 0.102
5480.000 0.102
5485.000 0.102
5490.000 0.103
5495.000 0.103
5500.000 0.102
5505.000 0.102
5510.000 0.102
5515.000 0.103
5520.000 0.103
5525.000 0.105
5530.000 0.105
5535.000 0.104
5540.000 0.104
5545.000 0.103
5550.000 0.103
5555.000 0.103
5560.000 0.103
5565.000 0.103
5570.000 0.104
5575.000 0.103
5580.000 0.104
5585.000 0.104
5590.000 0.105
5595.000 0.104
5600.000 0.104
5605.000 0.104
5610.000 0.104
5615.000 0.104
5620.000 0.104
5625.000 0.105
5630.000 0.106
5635.000 0.105
5640.000 0.105
5645.000 0.105
5650.000 0.106
5655.000 0.106
5660.000 0.106
5665.000 0.106
5670.000 0.106
5675.000 0.106
5680.000 0.106
5685.000 0.107
5690.000 0.108
5695.000 0.108
5700.000 0.108
5705.000 0.107
5710.000 0.107
5715.000 0.110
5720.000 0.109
5725.000 0.110
5730.000 0.109
5735.000 0.111
5740.000 0.110
5745.000 0.110
5750.000 0.111
5755.000 0.112
5760.000 0.113
5765.000 0.111
5770.000 0.113
5775.000 0.112
5780.000 0.114
5785.000 0.114
5790.000 0.115
5795.000 0.116
5800.000 0.116
5805.000 0.118
5810.000 0.118
5815.000 0.119
5820.000 0.119
5825.000 0.121
5830.000 0.122
5835.000 0.123
5840.000 0.123
5845.000 0.125
5850.000 0.127
5855.000 0.126
5860.000 0.129
5865.000 0.132
5870.000 0.131
5875.000 0.133
5880.000 0.134
5885.000 0.134
5890.000 0.136
5895.000 0.136
5900.000 0.136
5905.000 0.137
5910.000 0.139
5915.000 0.139
5920.000 0.139
5925.000 0.143
5930.000 0.141
5935.000 0.145
5940.000 0.144
5945.000 0.145
5950.000 0.148
5955.000 0.151
5960.000 0.150
5965.000 0.151
5970.000 0.157
5975.000 0.156
5980.000 0.159
5985.000 0.166
5990.000 0.161
5995.000 0.163
6000.000 0.172
6005.000 0.169
6010.000 0.174
6015.000 0.181
6020.000 0.186
6025.000 0.189
6030.000 0.196
6035.000 0.196
6040.000 0.211
6045.000 0.213
6050.000 0.214
6055.000 0.226
6060.000 0.232
6065.000 0.245
6070.000 0.254
6075.000 0.264
6080.000 0.271
6085.000 0.285
6090.000 0.302
6095.000 0.319
6100.000 0.341
6105.000 0.363
6110.000 0.391
6115.000 0.419
6120.000 0.457
6125.000 0.503
6130.000 0.559
6135.000 0.642
6140.000 0.688
6145.000 0.811
6150.000 0.984
6155.000 1.240
6160.000 1.638
6165.000 2.229
6170.000 3.105
6175.000 4.298
6180.000 5.788
6185.000 7.298
6190.000 7.984
6195.000 7.150
6200.000 6.304
6205.000 5.630
6210.000 3.910
6215.000 2.815
6220.000 2.086
6225.000 1.604
6230.000 1.265
6235.000 1.017
6240.000 0.834
6245.000 0.694
6250.000 0.593
6255.000 0.505
6260.000 0.432
6265.000 0.404
6270.000 0.354
6275.000 0.316
6280.000 0.287
6285.000 0.262
6290.000 0.244
6295.000 0.227
6300.000 0.216
6305.000 0.203
6310.000 0.196
6315.000 0.187
6320.000 0.179
6325.000 0.175
6330.000 0.169
6335.000 0.163
6340.000 0.158
6345.000 0.153
6350.000 0.149
6355.000 0.145
6360.000 0.142
6365.000 0.137
6370.000 0.134
6375.000 0.131
6380.000 0.128
6385.000 0.127
6390.000 0.123
6395.000 0.120
6400.000 0.117
6405.000 0.115
6410.000 0.111
6415.000 0.108
6420.000 0.105
6425.000 0.102
6430.000 0.100
6435.000 0.098
6440.000 0.095
6445.000 0.095
6450.000 0.094
6455.000 0.092
6460.000 0.092
6465.000 0.096
6470.000 0.100
6475.000 0.109
6480.000 0.123
6485.000 0.145
6490.000 0.178
6495.000 0.231
6500.000 0.331
6505.000 0.580
6510.000 0.873
6515.000 2.075
6520.000 4.018
6525.000 6.370
6530.000 6.073
6535.000 4.112
6540.000 1.845
6545.000 1.092
6550.000 1.040
6555.000 0.755
6560.000 0.595
6565.000 0.547
6570.000 0.439
6575.000 0.413
6580.000 0.375
6585.000 0.344
6590.000 0.321
6595.000 0.301
6600.000 0.284
6605.000 0.272
6610.000 0.260
6615.000 0.252
6620.000 0.245
6625.000 0.238
6630.000 0.233
6635.000 0.230
6640.000 0.226
6645.000 0.222
6650.000 0.219
6655.000 0.216
6660.000 0.214
6665.000 0.210
6670.000 0.209
6675.000 0.206
6680.000 0.204
6685.000 0.202
6690.000 0.201
6695.000 0.200
6700.000 0.200
6705.000 0.199
6710.000 0.198
6715.000 0.196
6720.000 0.194
6725.000 0.193
6730.000 0.193
6735.000 0.191
6740.000 0.191
6745.000 0.191
6750.000 0.189
6755.000 0.190
6760.000 0.189
6765.000 0.188
6770.000 0.189
6775.000 0.188
6780.000 0.188
6785.000 0.187
6790.000 0.188
6795.000 0.187
6800.000 0.187
6805.000 0.187
6810.000 0.187
6815.000 0.187
6820.000 0.187
6825.000 0.187
6830.000 0.188
6835.000 0.188
6840.000 0.187
6845.000 0.187
6850.000 0.188
6855.000 0.188
6860.000 0.188
6865.000 0.189
6870.000 0.189
6875.000 0.190
6880.000 0.191
6885.000 0.189
6890.000 0.191
6895.000 0.191
6900.000 0.192
6905.000 0.192
6910.000 0.192
6915.000 0.194
6920.000 0.194
6925.000 0.196
6930.000 0.196
6935.000 0.196
6940.000 0.197
6945.000 0.199
6950.000 0.200
6955.000 0.199
6960.000 0.201
6965.000 0.202
6970.000 0.206
6975.000 0.202
6980.000 0.205
6985.000 0.209
6990.000 0.209
6995.000 0.208
7000.000 0.208
7005.000 0.216
7010.000 0.217
7015.000 0.219
7020.000 0.215
7025.000 0.217
7030.000 0.220
7035.000 0.226
7040.000 0.229
7045.000 0.231
7050.000 0.230
7055.000 0.234
7060.000 0.236
7065.000 0.237
7070.000 0.242
7075.000 0.245
7080.000 0.248
7085.000 0.250
7090.000 0.254
7095.000 0.259
7100.000 0.261
7105.000 0.266
7110.000 0.270
7115.000 0.274
7120.000 0.278
7125.000 0.283
7130.000 0.290
7135.000 0.292
7140.000 0.296
7145.000 0.300
7150.000 0.303
7155.000 0.308
7160.000 0.313
7165.000 0.315
7170.000 0.319
7175.000 0.323
7180.000 0.327
7185.000 0.332
7190.000 0.337
7195.000 0.343
7200.000 0.349
7205.000 0.355
7210.000 0.361
7215.000 0.371
7220.000 0.376
7225.000 0.384
7230.000 0.392
7235.000 0.403
7240.000 0.406
7245.000 0.418
7250.000 0.428
7255.000 0.439
7260.000 0.452
7265.000 0.467
7270.000 0.481
7275.000 0.498
7280.000 0.518
7285.000 0.538
7290.000 0.559
7295.000 0.583
7300.000 0.599
7305.000 0.629
7310.000 0.662
7315.000 0.697
7320.000 0.739
7325.000 0.787
7330.000 0.844
7335.000 0.919
7340.000 1.006
7345.000 1.123
7350.000 1.275
7355.000 1.382
7360.000 1.698
7365.000 2.020
7370.000 2.999
7375.000 3.476
7380.000 4.698
7385.000 6.224
7390.000 7.650
7395.000 8.167
7400.000 6.864
7405.000 4.659
7410.000 2.994
7415.000 1.943
7420.000 1.629
7425.000 1.372
7430.000 1.182
7435.000 1.019
7440.000 0.880
7445.000 0.786
7450.000 0.708
7455.000 0.632
7460.000 0.570
7465.000 0.513
7470.000 0.461
7475.000 0.415
7480.000 0.376
7485.000 0.359
7490.000 0.316
7495.000 0.305
7500.000 0.283
7505.000 0.264
7510.000 0.249
7515.000 0.233
7520.000 0.221
7525.000 0.208
7530.000 0.198
7535.000 0.190
7540.000 0.180
7545.000 0.177
7550.000 0.177
7555.000 0.171
7560.000 0.165
7565.000 0.157
7570.000 0.151
7575.000 0.146
7580.000 0.139
7585.000 0.133
7590.000 0.129
7595.000 0.125
7600.000 0.122
7605.000 0.119
7610.000 0.116
7615.000 0.112
7620.000 0.109
7625.000 0.107
7630.000 0.104
7635.000 0.101
7640.000 0.098
7645.000 0.098
7650.000 0.096
7655.000 0.094
7660.000 0.092
7665.000 0.092
7670.000 0.090
7675.000 0.088
7680.000 0.087
7685.000 0.085
7690.000 0.085
7695.000 0.083
7700.000 0.082
7705.000 0.081
7710.000 0.080
7715.000 0.079
7720.000 0.078
7725.000 0.078
7730.000 0.077
7735.000 0.077
7740.000 0.077
7745.000 0.074
7750.000 0.076
7755.000 0.075
7760.000 0.074
7765.000 0.073
7770.000 0.073
7775.000 0.073
7780.000 0.072
7785.000 0.071
7790.000 0.071
7795.000 0.071
7800.000 0.071
7805.000 0.071
7810.000 0.070
7815.000 0.070
7820.000 0.070
7825.000 0.071
7830.000 0.071
7835.000 0.070
7840.000 0.070
7845.000 0.071
7850.000 0.072
7855.000 0.071
7860.000 0.073
7865.000 0.072
7870.000 0.073
7875.000 0.074
7880.000 0.075
7885.000 0.075
7890.000 0.077
7895.000 0.078
7900.000 0.081
7905.000 0.082
7910.000 0.084
7915.000 0.087
7920.000 0.090
7925.000 0.094
7930.000 0.099
7935.000 0.105
7940.000 0.112
7945.000 0.123
7950.000 0.134
7955.000 0.153
7960.000 0.177
7965.000 0.209
7970.000 0.227
7975.000 0.285
7980.000 0.391
7985.000 0.632
7990.000 1.207
7995.000 2.234
8000.000 3.346
8005.000 3.411
8010.000 3.098
8015.000 1.207
8020.000 0.812
8025.000 0.621
8030.000 0.427
8035.000 0.380
8040.000 0.312
8045.000 0.255
8050.000 0.223
8055.000 0.198
8060.000 0.181
8065.000 0.169
8070.000 0.156
8075.000 0.147
8080.000 0.140
8085.000 0.137
8090.000 0.131
8095.000 0.125
8100.000 0.121
8105.000 0.117
8110.000 0.113
8115.000 0.111
8120.000 0.109
8125.000 0.107
8130.000 0.105
8135.000 0.104
8140.000 0.102
8145.000 0.101
8150.000 0.100
8155.000 0.101
8160.000 0.100
8165.000 0.098
8170.000 0.097
8175.000 0.098
8180.000 0.097
8185.000 0.096
8190.000 0.096
8195.000 0.097
8200.000 0.096
8205.000 0.097
8210.000 0.096
8215.000 0.096
8220.000 0.097
8225.000 0.095
8230.000 0.095
8235.000 0.095
8240.000 0.096
8245.000 0.097
8250.000 0.096
8255.000 0.098
8260.000 0.098
8265.000 0.097
8270.000 0.098
8275.000 0.099
8280.000 0.098
8285.000 0.099
8290.000 0.100
8295.000 0.101
8300.000 0.101
8305.000 0.102
8310.000 0.103
8315.000 0.104
8320.000 0.105
8325.000 0.107
8330.000 0.107
8335.000 0.109
8340.000 0.111
8345.000 0.112
8350.000 0.114
8355.000 0.115
8360.000 0.117
8365.000 0.119
8370.000 0.121
8375.000 0.124
8380.000 0.125
8385.000 0.130
8390.000 0.130
8395.000 0.133
8400.000 0.136
8405.000 0.138
8410.000 0.143
8415.000 0.144
8420.000 0.147
8425.000 0.151
8430.000 0.152
8435.000 0.153
8440.000 0.153
8445.000 0.151
8450.000 0.146
8455.000 0.140
8460.000 0.125
8465.000 0.103
8470.000 0.121
8475.000 0.458
8480.000 1.916
8485.000 3.356
8490.000 1.477
8495.000 1.609
8500.000 1.361
8505.000 1.425
8510.000 1.441
8515.000 1.513
8520.000 1.561
8525.000 1.673
8530.000 1.874
8535.000 1.971
8540.000 2.212
8545.000 2.515
8550.000 2.902
8555.000 3.399
8560.000 4.019
8565.000 4.797
8570.000 5.672
8575.000 6.095
8580.000 6.709
8585.000 6.654
8590.000 5.877
8595.000 4.831
8600.000 3.888
8605.000 3.088
8610.000 2.397
8615.000 1.770
8620.000 1.308
8625.000 1.080
8630.000 0.945
8635.000 0.888
8640.000 0.762
8645.000 0.732
8650.000 0.680
8655.000 0.642
8660.000 0.611
8665.000 0.584
8670.000 0.559
8675.000 0.534
8680.000 0.508
8685.000 0.486
8690.000 0.464
8695.000 0.443
8700.000 0.434
8705.000 0.418
8710.000 0.404
8715.000 0.391
8720.000 0.378
8725.000 0.364
8730.000 0.352
8735.000 0.344
8740.000 0.334
8745.000 0.325
8750.000 0.317
8755.000 0.309
8760.000 0.304
8765.000 0.298
8770.000 0.292
8775.000 0.286
8780.000 0.281
8785.000 0.278
8790.000 0.272
8795.000 0.268
8800.000 0.262
8805.000 0.260
8810.000 0.257
8815.000 0.256
8820.000 0.254
8825.000 0.252
8830.000 0.248
8835.000 0.248
8840.000 0.238
8845.000 0.239
8850.000 0.237
8855.000 0.234
8860.000 0.232
8865.000 0.230
8870.000 0.228
8875.000 0.226
8880.000 0.226
8885.000 0.224
8890.000 0.223
8895.000 0.223
8900.000 0.220
8905.000 0.219
8910.000 0.217
8915.000 0.215
8920.000 0.214
8925.000 0.215
8930.000 0.214
8935.000 0.214
8940.000 0.211
8945.000 0.211
8950.000 0.210
8955.000 0.211
8960.000 0.209
8965.000 0.209
8970.000 0.207
8975.000 0.208
8980.000 0.206
8985.000 0.204
8990.000 0.205
8995.000 0.204
9000.000 0.204
9005.000 0.202
9010.000 0.203
9015.000 0.201
9020.000 0.205
9025.000 0.203
9030.000 0.203
9035.000 0.200
9040.000 0.202
9045.000 0.201
9050.000 0.204
9055.000 0.202
9060.000 0.202
9065.000 0.202
9070.000 0.204
9075.000 0.204
9080.000 0.202
9085.000 0.202
9090.000 0.203
9095.000 0.204
9100.000 0.203
9105.000 0.201
9110.000 0.201
9115.000 0.202
9120.000 0.201
9125.000 0.201
9130.000 0.201
9135.000 0.201
9140.000 0.202
9145.000 0.200
9150.000 0.200
9155.000 0.199
9160.000 0.201
9165.000 0.200
9170.000 0.199
9175.000 0.200
9180.000 0.200
9185.000 0.200
9190.000 0.201
9195.000 0.201
9200.000 0.201
9205.000 0.199
9210.000 0.200
9215.000 0.201
9220.000 0.201
9225.000 0.200
9230.000 0.200
9235.000 0.200
9240.000 0.201
9245.000 0.199
9250.000 0.201
9255.000 0.201
9260.000 0.200
9265.000 0.201
9270.000 0.201
9275.000 0.201
9280.000 0.201
9285.000 0.202
9290.000 0.201
9295.000 0.200
9305.000 0.210
9310.000 0.206
9315.000 0.204
9320.000 0.202
9325.000 0.204
9330.000 0.203
9335.000 0.203
9340.000 0.204
9345.000 0.202
9350.000 0.201
9355.000 0.201
9360.000 0.199
9365.000 0.196
9370.000 0.193
9375.000 0.190
9380.000 0.184
9385.000 0.179
9390.000 0.169
9395.000 0.154
9400.000 0.131
9405.000 0.109
9410.000 0.160
9415.000 0.247
9420.000 0.551
9425.000 1.258
9430.000 0.636
9435.000 0.453
9440.000 0.384
9445.000 0.360
9450.000 0.331
9455.000 0.308
9460.000 0.291
9465.000 0.280
9470.000 0.273
9475.000 0.273
9480.000 0.274
9485.000 0.275
9490.000 0.275
9495.000 0.277
9500.000 0.277
9505.000 0.276
9510.000 0.279
9515.000 0.281
9520.000 0.285
9525.000 0.288
9530.000 0.290
9535.000 0.290
9540.000 0.294
9545.000 0.298
9550.000 0.298
9555.000 0.303
9560.000 0.305
9565.000 0.309
9570.000 0.315
9575.000 0.316
9580.000 0.322
9585.000 0.328
9590.000 0.338
9595.000 0.341
9600.000 0.342
9605.000 0.349
9610.000 0.356
9615.000 0.362
9620.000 0.371
9625.000 0.380
9630.000 0.393
9635.000 0.402
9640.000 0.412
9645.000 0.424
9650.000 0.437
9655.000 0.451
9660.000 0.461
9665.000 0.477
9670.000 0.498
9675.000 0.523
9680.000 0.549
9685.000 0.581
9690.000 0.619
9695.000 0.661
9700.000 0.713
9705.000 0.778
9710.000 0.865
9715.000 0.985
9720.000 1.060
9725.000 1.264
9730.000 1.529
9735.000 1.872
9740.000 2.250
9745.000 2.530
9750.000 2.496
9755.000 2.135
9760.000 1.670
9765.000 1.274
9770.000 0.987
9775.000 0.873
9780.000 0.698
9785.000 0.575
9790.000 0.477
9795.000 0.393
9800.000 0.314
9805.000 0.258
9810.000 0.207
9815.000 0.163
9820.000 0.149
9825.000 0.145
9830.000 0.136
9835.000 0.127
9840.000 0.123
9845.000 0.114
9850.000 0.105
9855.000 0.096
9860.000 0.089
9865.000 0.082
9870.000 0.075
9875.000 0.069
9880.000 0.063
9885.000 0.059
9890.000 0.054
9895.000 0.051
9900.000 0.049
9905.000 0.046
9910.000 0.043
9915.000 0.040
9920.000 0.037
9925.000 0.036
9930.000 0.033
9935.000 0.032
9940.000 0.031
9945.000 0.029
9950.000 0.028
9955.000 0.027
9960.000 0.026
9965.000 0.026
9970.000 0.025
9975.000 0.024
9980.000 0.025
9985.000 0.022
9990.000 0.023
9995.000 0.023
10000.000 0.021
10005.000 0.022
10010.000 0.023
10015.000 0.020
10020.000 0.020
10025.000 0.019
10030.000 0.019
10035.000 0.021
10040.000 0.020
10045.000 0.023
10050.000 0.026
10055.000 0.031
10060.000 0.038
10065.000 0.049
10070.000 0.063
10075.000 0.085
10080.000 0.127
10085.000 0.163
10090.000 0.324
10095.000 0.745
10100.000 1.377
10105.000 1.734
10110.000 0.988
10115.000 1.511
10120.000 0.525
10125.000 0.463
10130.000 0.371
10135.000 0.301
10140.000 0.252
10145.000 0.231
10150.000 0.201
10155.000 0.179
10160.000 0.166
10165.000 0.156
10170.000 0.148
10175.000 0.142
10180.000 0.137
10185.000 0.133
10190.000 0.130
10195.000 0.126
10200.000 0.124
10205.000 0.121
10210.000 0.120
10215.000 0.119
10220.000 0.116
10225.000 0.116
10230.000 0.113
10235.000 0.112
10240.000 0.111
10245.000 0.110
10250.000 0.108
10255.000 0.109
10260.000 0.107
10265.000 0.107
10270.000 0.107
10275.000 0.105
10280.000 0.104
10285.000 0.104
10290.000 0.103
10295.000 0.102
10300.000 0.101
10305.000 0.102
10310.000 0.101
10315.000 0.101
10320.000 0.101
10325.000 0.101
10330.000 0.102
10335.000 0.101
10340.000 0.100
10345.000 0.101
10350.000 0.101
10355.000 0.101
10360.000 0.100
10365.000 0.101
10370.000 0.100
10375.000 0.101
10380.000 0.099
10385.000 0.101
10390.000 0.100
10395.000 0.099
10400.000 0.100
10405.000 0.100
10410.000 0.099
10415.000 0.101
10420.000 0.103
10425.000 0.106
10430.000 0.108
10435.000 0.104
10440.000 0.103
10445.000 0.102
10450.000 0.099
10455.000 0.100
10460.000 0.099
10465.000 0.099
10470.000 0.098
10475.000 0.098
10480.000 0.097
10485.000 0.097
10490.000 0.096
10495.000 0.095
10500.000 0.094
10505.000 0.095
10510.000 0.095
10515.000 0.095
10520.000 0.093
10525.000 0.093
10530.000 0.092
10535.000 0.093
10540.000 0.090
10545.000 0.090
10550.000 0.089
10555.000 0.088
10560.000 0.086
10565.000 0.088
10570.000 0.088
10575.000 0.086
10580.000 0.085
10585.000 0.085
10590.000 0.083
10595.000 0.082
10600.000 0.081
10605.000 0.079
10610.000 0.078
10615.000 0.077
10620.000 0.075
10625.000 0.072
10630.000 0.072
10635.000 0.071
10640.000 0.068
10645.000 0.065
10650.000 0.064
10655.000 0.061
10660.000 0.057
10665.000 0.055
10670.000 0.052
10675.000 0.048
10680.000 0.046
10685.000 0.042
10690.000 0.038
10695.000 0.037
10700.000 0.032
10705.000 0.029
10710.000 0.026
10715.000 0.023
10720.000 0.025
10725.000 0.030
10730.000 0.041
10735.000 0.060
10740.000 0.094
10745.000 0.164
10750.000 0.218
10755.000 0.367
10760.000 0.560
10765.000 0.819
10770.000 1.137
10775.000 1.416
10780.000 1.403
10785.000 1.099
10790.000 0.849
10795.000 0.669
10800.000 0.583
10805.000 0.657
10810.000 0.667
10815.000 0.531
10820.000 0.444
10825.000 0.377
10830.000 0.327
10835.000 0.284
10840.000 0.249
10845.000 0.222
10850.000 0.198
10855.000 0.180
10860.000 0.166
10865.000 0.152
10870.000 0.141
10875.000 0.136
10880.000 0.124
10885.000 0.119
10890.000 0.119
10895.000 0.137
10900.000 0.190
10905.000 0.300
10910.000 0.454
10915.000 0.597
10920.000 0.677
10925.000 0.690
10930.000 0.672
10935.000 0.655
10940.000 0.615
10945.000 0.575
10950.000 0.536
10955.000 0.502
10960.000 0.472
10965.000 0.443
10970.000 0.417
10975.000 0.386
10980.000 0.348
10985.000 0.298
10990.000 0.221
10995.000 0.184
11000.000 0.108
11005.000 0.052
11010.000 0.019
11015.000 0.023
11020.000 0.041
11025.000 0.053
11030.000 0.070
11035.000 0.086
11040.000 0.097
11045.000 0.108
11050.000 0.119
11055.000 0.126
11060.000 0.134
11065.000 0.142
11070.000 0.149
11075.000 0.154
11080.000 0.160
11085.000 0.166
11090.000 0.170
11095.000 0.169
11100.000 0.167
11105.000 0.162
11110.000 0.158
11115.000 0.154
11120.000 0.153
11125.000 0.148
11130.000 0.145
11135.000 0.142
11140.000 0.140
11145.000 0.141
11150.000 0.143
11155.000 0.144
11160.000 0.144
11165.000 0.146
11170.000 0.146
11175.000 0.145
11180.000 0.144
11185.000 0.145
11190.000 0.144
11195.000 0.145
11200.000 0.146
11205.000 0.146
11210.000 0.147
11215.000 0.147
11220.000 0.147
11225.000 0.148
11230.000 0.149
11235.000 0.149
11240.000 0.147
11245.000 0.149
11250.000 0.149
11255.000 0.150
11260.000 0.152
11265.000 0.153
11270.000 0.152
11275.000 0.152
11280.000 0.154
11285.000 0.155
11290.000 0.154
11295.000 0.156
11300.000 0.156
11305.000 0.154
11310.000 0.153
11315.000 0.153
11320.000 0.155
11325.000 0.155
11330.000 0.156
11335.000 0.157
11340.000 0.158
11345.000 0.158
11350.000 0.160
11355.000 0.158
11360.000 0.159
11365.000 0.160
11370.000 0.161
11375.000 0.161
11380.000 0.162
11385.000 0.162
11390.000 0.163
11395.000 0.163
11400.000 0.163
11405.000 0.164
11410.000 0.166
11415.000 0.166
11420.000 0.165
11425.000 0.166
11430.000 0.167
11435.000 0.168
11440.000 0.167
11445.000 0.169
11450.000 0.170
11455.000 0.169
11460.000 0.172
11465.000 0.171
11470.000 0.172
11475.000 0.174
11480.000 0.173
11485.000 0.176
11490.000 0.175
11495.000 0.177
11500.000 0.178
11505.000 0.178
11510.000 0.178
11515.000 0.179
11520.000 0.181
11525.000 0.183
11530.000 0.188
11535.000 0.188
11540.000 0.188
11545.000 0.190
11550.000 0.191
11555.000 0.194
11560.000 0.196
11565.000 0.200
11570.000 0.203
11575.000 0.207
11580.000 0.212
11585.000 0.218
11590.000 0.226
11595.000 0.233
11600.000 0.243
11605.000 0.252
11610.000 0.267
11615.000 0.289
11620.000 0.324
11625.000 0.381
11630.000 0.471
11635.000 0.577
11640.000 0.534
11645.000 0.251
11650.000 0.318
11655.000 0.187
11660.000 0.098
11665.000 0.039
11670.000 0.008
11675.000 0.028
11680.000 0.043
11685.000 0.055
11690.000 0.068
11695.000 0.081
11700.000 0.093
11705.000 0.103
11710.000 0.111
11715.000 0.120
11720.000 0.122
11725.000 0.124
11730.000 0.127
11735.000 0.125
11740.000 0.124
11745.000 0.122
11750.000 0.121
11755.000 0.119
11760.000 0.118
11765.000 0.118
11770.000 0.120
11775.000 0.121
11780.000 0.120
11785.000 0.121
11790.000 0.122
11795.000 0.124
11800.000 0.126
11805.000 0.125
11810.000 0.126
11815.000 0.126
11820.000 0.128
11825.000 0.128
11830.000 0.129
11835.000 0.130
11840.000 0.130
11845.000 0.132
11850.000 0.132
11855.000 0.134
11860.000 0.134
11865.000 0.135
11870.000 0.135
11875.000 0.136
11880.000 0.139
11885.000 0.139
11890.000 0.143
11895.000 0.145
11900.000 0.150
11905.000 0.151
11910.000 0.153
11915.000 0.155
11920.000 0.161
11925.000 0.166
11930.000 0.175
11935.000 0.186
11940.000 0.202
11945.000 0.224
11950.000 0.269
11955.000 0.357
11960.000 0.474
11965.000 0.503
11970.000 0.386
11975.000 0.143
11980.000 0.098
11985.000 0.086
11990.000 0.090
11995.000 0.098
12000.000 0.110
