105.000 0.007
110.000 0.178
115.000 0.909
120.000 1.061
125.000 1.166
130.000 1.274
135.000 1.343
140.000 1.363
145.000 1.357
150.000 1.364
155.000 1.322
160.000 1.291
165.000 1.263
170.000 1.269
175.000 1.231
180.000 1.231
185.000 1.258
190.000 1.228
195.000 1.230
200.000 1.267
205.000 1.240
210.000 1.309
215.000 1.293
220.000 1.298
225.000 1.313
230.000 1.360
235.000 1.388
240.000 1.370
245.000 1.424
250.000 1.444
255.000 1.424
260.000 1.467
265.000 1.515
270.000 1.514
275.000 1.526
280.000 1.532
285.000 1.530
290.000 1.580
295.000 1.605
300.000 1.579
305.000 1.570
310.000 1.581
315.000 1.572
320.000 1.609
325.000 1.636
330.000 1.648
335.000 1.668
340.000 1.722
345.000 1.789
350.000 1.852
355.000 1.919
360.000 2.021
365.000 2.115
370.000 2.236
375.000 2.345
380.000 2.491
385.000 2.620
390.000 2.756
395.000 2.904
400.000 2.962
405.000 3.066
410.000 3.123
415.000 3.143
420.000 3.088
425.000 2.977
430.000 2.763
435.000 2.491
440.000 2.171
445.000 1.889
450.000 1.615
455.000 1.404
460.000 1.218
465.000 1.146
470.000 1.028
475.000 0.937
480.000 0.867
485.000 0.813
490.000 0.760
495.000 0.713
500.000 0.676
505.000 0.633
510.000 0.598
515.000 0.569
520.000 0.538
525.000 0.523
530.000 0.500
535.000 0.476
540.000 0.453
545.000 0.432
550.000 0.412
555.000 0.396
560.000 0.375
565.000 0.356
570.000 0.331
575.000 0.314
580.000 0.308
585.000 0.294
590.000 0.282
595.000 0.271
600.000 0.261
605.000 0.255
610.000 0.244
615.000 0.238
620.000 0.231
625.000 0.225
630.000 0.218
635.000 0.212
640.000 0.205
645.000 0.201
650.000 0.198
655.000 0.193
660.000 0.186
665.000 0.182
670.000 0.181
675.000 0.179
680.000 0.177
685.000 0.171
690.000 0.165
695.000 0.164
700.000 0.162
705.000 0.158
710.000 0.158
715.000 0.154
720.000 0.152
725.000 0.151
730.000 0.149
735.000 0.146
740.000 0.146
745.000 0.142
750.000 0.141
755.000 0.141
760.000 0.134
765.000 0.134
770.000 0.133
775.000 0.132
780.000 0.131
785.000 0.133
790.000 0.132
795.000 0.131
800.000 0.127
805.000 0.127
810.000 0.123
815.000 0.124
820.000 0.122
825.000 0.125
830.000 0.121
835.000 0.120
840.000 0.121
845.000 0.119
850.000 0.119
855.000 0.119
860.000 0.118
865.000 0.120
870.000 0.113
875.000 0.116
880.000 0.117
885.000 0.116
890.000 0.114
895.000 0.114
900.000 0.114
905.000 0.117
910.000 0.113
915.000 0.114
920.000 0.112
925.000 0.111
930.000 0.110
935.000 0.111
940.000 0.111
945.000 0.113
950.000 0.112
955.000 0.115
960.000 0.111
965.000 0.108
970.000 0.112
975.000 0.108
980.000 0.108
985.000 0.111
990.000 0.108
995.000 0.106
1000.000 0.112
1005.000 0.108
1010.000 0.106
1015.000 0.109
1020.000 0.112
1025.000 0.115
1030.000 0.113
1035.000 0.108
1040.000 0.108
1045.000 0.108
1050.000 0.109
1055.000 0.109
1060.000 0.109
1065.000 0.109
1070.000 0.111
1075.000 0.110
1080.000 0.109
1085.000 0.109
1090.000 0.108
1095.000 0.107
1100.000 0.110
1105.000 0.107
1110.000 0.111
1115.000 0.109
1120.000 0.110
1125.000 0.107
1130.000 0.109
1135.000 0.108
1140.000 0.111
1145.000 0.110
1150.000 0.110
1155.000 0.107
1160.000 0.109
1165.000 0.110
1170.000 0.112
1175.000 0.110
1180.000 0.113
1185.000 0.113
1190.000 0.110
1195.000 0.112
1200.000 0.111
1205.000 0.109
1210.000 0.110
1215.000 0.113
1220.000 0.112
1225.000 0.111
1230.000 0.113
1235.000 0.113
1240.000 0.114
1245.000 0.114
1250.000 0.114
1255.000 0.112
1260.000 0.115
1265.000 0.114
1270.000 0.117
1275.000 0.116
1280.000 0.117
1285.000 0.115
1290.000 0.117
1295.000 0.118
1300.000 0.117
1305.000 0.118
1310.000 0.120
1315.000 0.119
1320.000 0.118
1325.000 0.120
1330.000 0.119
1335.000 0.120
1340.000 0.122
1345.000 0.120
1350.000 0.124
1355.000 0.123
1360.000 0.123
1365.000 0.125
1370.000 0.125
1375.000 0.126
1380.000 0.127
1385.000 0.127
1390.000 0.129
1395.000 0.128
1400.000 0.130
1405.000 0.130
1410.000 0.131
1415.000 0.133
1420.000 0.134
1425.000 0.133
1430.000 0.132
1435.000 0.135
1440.000 0.134
1445.000 0.135
1450.000 0.136
1455.000 0.132
1460.000 0.133
1465.000 0.133
1470.000 0.132
1475.000 0.132
1480.000 0.129
1485.000 0.130
1490.000 0.128
1495.000 0.132
1500.000 0.133
1505.000 0.134
1510.000 0.138
1515.000 0.140
1520.000 0.142
1525.000 0.148
1530.000 0.151
1535.000 0.154
1540.000 0.155
1545.000 0.157
1550.000 0.162
1555.000 0.163
1560.000 0.169
1565.000 0.170
1570.000 0.174
1575.000 0.178
1580.000 0.182
1585.000 0.184
1590.000 0.187
1595.000 0.191
1600.000 0.195
1605.000 0.200
1610.000 0.201
1615.000 0.207
1620.000 0.210
1625.000 0.213
1630.000 0.216
1635.000 0.221
1640.000 0.228
1645.000 0.233
1650.000 0.239
1655.000 0.243
1660.000 0.247
1665.000 0.255
1670.000 0.261
1675.000 0.266
1680.000 0.272
1685.000 0.278
1690.000 0.283
1695.000 0.293
1700.000 0.298
1705.000 0.303
1710.000 0.309
1715.000 0.318
1720.000 0.324
1725.000 0.333
1730.000 0.341
1735.000 0.352
1740.000 0.356
1745.000 0.364
1750.000 0.374
1755.000 0.384
1760.000 0.393
1765.000 0.403
1770.000 0.413
1775.000 0.422
1780.000 0.431
1785.000 0.440
1790.000 0.450
1795.000 0.454
1800.000 0.465
1805.000 0.471
1810.000 0.480
1815.000 0.489
1820.000 0.496
1825.000 0.504
1830.000 0.509
1835.000 0.514
1840.000 0.521
1845.000 0.524
1850.000 0.533
1855.000 0.536
1860.000 0.539
1865.000 0.536
1870.000 0.540
1875.000 0.541
1880.000 0.542
1885.000 0.542
1890.000 0.542
1895.000 0.541
1900.000 0.541
1905.000 0.538
1910.000 0.536
1915.000 0.536
1920.000 0.534
1925.000 0.532
1930.000 0.529
1935.000 0.523
1940.000 0.524
1945.000 0.520
1950.000 0.518
1955.000 0.510
1960.000 0.509
1965.000 0.504
1970.000 0.507
1975.000 0.497
1980.000 0.500
1985.000 0.504
1990.000 0.491
1995.000 0.492
2000.000 0.490
2005.000 0.494
2010.000 0.493
2015.000 0.484
2020.000 0.487
2025.000 0.481
2030.000 0.487
2035.000 0.477
2040.000 0.477
2045.000 0.476
2050.000 0.479
2055.000 0.474
2060.000 0.477
2065.000 0.478
2070.000 0.476
2075.000 0.478
2080.000 0.483
2085.000 0.483
2090.000 0.485
2095.000 0.484
2100.000 0.486
2105.000 0.490
2110.000 0.493
2115.000 0.495
2120.000 0.501
2125.000 0.506
2130.000 0.514
2135.000 0.517
2140.000 0.524
2145.000 0.530
2150.000 0.538
2155.000 0.546
2160.000 0.554
2165.000 0.561
2170.000 0.569
2175.000 0.582
2180.000 0.596
2185.000 0.610
2190.000 0.629
2195.000 0.646
2200.000 0.665
2205.000 0.693
2210.000 0.719
2215.000 0.754
2220.000 0.785
2225.000 0.825
2230.000 0.850
2235.000 0.900
2240.000 0.961
2245.000 1.044
2250.000 1.151
2255.000 1.305
2260.000 1.530
2265.000 1.887
2270.000 2.522
2275.000 3.592
2280.000 5.400
2285.000 6.627
2290.000 9.517
2295.000 11.981
2300.000 12.769
2305.000 9.518
2310.000 4.591
2315.000 2.767
2320.000 1.890
2325.000 1.378
2330.000 1.053
2335.000 0.828
2340.000 0.667
2345.000 0.602
2350.000 0.499
2355.000 0.425
2360.000 0.363
2365.000 0.315
2370.000 0.277
2375.000 0.246
2380.000 0.219
2385.000 0.197
2390.000 0.178
2395.000 0.162
2400.000 0.147
2405.000 0.136
2410.000 0.130
2415.000 0.120
2420.000 0.110
2425.000 0.102
2430.000 0.095
2435.000 0.088
2440.000 0.081
2445.000 0.076
2450.000 0.071
2455.000 0.068
2460.000 0.063
2465.000 0.060
2470.000 0.058
2475.000 0.056
2480.000 0.053
2485.000 0.052
2490.000 0.050
2495.000 0.049
2500.000 0.047
2505.000 0.047
2510.000 0.045
2515.000 0.046
2520.000 0.046
2525.000 0.047
2530.000 0.046
2535.000 0.047
2540.000 0.048
2545.000 0.047
2550.000 0.048
2555.000 0.049
2560.000 0.050
2565.000 0.052
2570.000 0.053
2575.000 0.054
2580.000 0.055
2585.000 0.056
2590.000 0.057
2595.000 0.058
2600.000 0.058
2605.000 0.059
2610.000 0.060
2615.000 0.062
2620.000 0.063
2625.000 0.065
2630.000 0.067
2635.000 0.067
2640.000 0.069
2645.000 0.071
2650.000 0.071
2655.000 0.073
2660.000 0.074
2665.000 0.076
2670.000 0.079
2675.000 0.080
2680.000 0.082
2685.000 0.084
2690.000 0.085
2695.000 0.087
2700.000 0.089
2705.000 0.091
2710.000 0.092
2715.000 0.093
2720.000 0.095
2725.000 0.098
2730.000 0.101
2735.000 0.103
2740.000 0.105
2745.000 0.106
2750.000 0.110
2755.000 0.112
2760.000 0.115
2765.000 0.116
2770.000 0.117
2775.000 0.120
2780.000 0.122
2785.000 0.125
2790.000 0.128
2795.000 0.129
2800.000 0.131
2805.000 0.135
2810.000 0.136
2815.000 0.138
2820.000 0.140
2825.000 0.143
2830.000 0.145
2835.000 0.147
2840.000 0.148
2845.000 0.150
2850.000 0.154
2855.000 0.155
2860.000 0.157
2865.000 0.157
2870.000 0.161
2875.000 0.160
2880.000 0.162
2885.000 0.162
2890.000 0.163
2895.000 0.164
2900.000 0.167
2905.000 0.168
2910.000 0.167
2915.000 0.169
2920.000 0.169
2925.000 0.171
2930.000 0.170
2935.000 0.172
2940.000 0.172
2945.000 0.173
2950.000 0.172
2955.000 0.174
2960.000 0.171
2965.000 0.171
2970.000 0.175
2975.000 0.170
2980.000 0.171
2985.000 0.175
2990.000 0.169
2995.000 0.169
3000.000 0.175
3005.000 0.166
3010.000 0.166
3015.000 0.165
3020.000 0.171
3025.000 0.169
3030.000 0.170
3035.000 0.164
3040.000 0.164
3045.000 0.163
3050.000 0.163
3055.000 0.160
3060.000 0.160
3065.000 0.164
3070.000 0.161
3075.000 0.162
3080.000 0.163
3085.000 0.162
3090.000 0.164
3095.000 0.164
3100.000 0.167
3105.000 0.169
3110.000 0.170
3115.000 0.169
3120.000 0.170
3125.000 0.172
3130.000 0.172
3135.000 0.174
3140.000 0.174
3145.000 0.175
3150.000 0.176
3155.000 0.176
3160.000 0.177
3165.000 0.179
3170.000 0.181
3175.000 0.180
3180.000 0.180
3185.000 0.182
3190.000 0.181
3195.000 0.184
3200.000 0.183
3205.000 0.184
3210.000 0.184
3215.000 0.185
3220.000 0.185
3225.000 0.186
3230.000 0.188
3235.000 0.187
3240.000 0.189
3245.000 0.190
3250.000 0.192
3255.000 0.193
3260.000 0.192
3265.000 0.193
3270.000 0.194
3275.000 0.195
3280.000 0.197
3285.000 0.200
3290.000 0.200
3295.000 0.201
3300.000 0.202
3305.000 0.203
3310.000 0.205
3315.000 0.207
3320.000 0.209
3325.000 0.209
3330.000 0.212
3335.000 0.219
3340.000 0.222
3345.000 0.225
3350.000 0.227
3355.000 0.231
3360.000 0.231
3365.000 0.231
3370.000 0.233
3375.000 0.233
3380.000 0.236
3385.000 0.238
3390.000 0.241
3395.000 0.244
3400.000 0.248
3405.000 0.251
3410.000 0.255
3415.000 0.258
3420.000 0.262
3425.000 0.265
3430.000 0.271
3435.000 0.276
3440.000 0.281
3445.000 0.284
3450.000 0.289
3455.000 0.297
3460.000 0.304
3465.000 0.315
3470.000 0.320
3475.000 0.329
3480.000 0.338
3485.000 0.349
3490.000 0.359
3495.000 0.371
3500.000 0.384
3505.000 0.393
3510.000 0.404
3515.000 0.417
3520.000 0.432
3525.000 0.444
3530.000 0.455
3535.000 0.472
3540.000 0.486
3545.000 0.502
3550.000 0.523
3555.000 0.540
3560.000 0.551
3565.000 0.576
3570.000 0.603
3575.000 0.632
3580.000 0.662
3585.000 0.698
3590.000 0.740
3595.000 0.786
3600.000 0.832
3605.000 0.891
3610.000 0.958
3615.000 1.044
3620.000 1.158
3625.000 1.226
3630.000 1.391
3635.000 1.624
3640.000 1.953
3645.000 2.437
3650.000 3.201
3655.000 4.396
3660.000 6.224
3665.000 8.784
3670.000 12.225
3675.000 16.614
3680.000 18.097
3685.000 16.834
3690.000 11.287
3695.000 6.772
3700.000 4.455
3705.000 3.161
3710.000 2.384
3715.000 1.881
3720.000 1.534
3725.000 1.281
3730.000 1.092
3735.000 0.946
3740.000 0.830
3745.000 0.741
3750.000 0.702
3755.000 0.632
3760.000 0.578
3765.000 0.533
3770.000 0.493
3775.000 0.460
3780.000 0.433
3785.000 0.408
3790.000 0.386
3795.000 0.367
3800.000 0.350
3805.000 0.344
3810.000 0.328
3815.000 0.313
3820.000 0.304
3825.000 0.294
3830.000 0.284
3835.000 0.274
3840.000 0.266
3845.000 0.258
3850.000 0.251
3855.000 0.244
3860.000 0.237
3865.000 0.234
3870.000 0.229
3875.000 0.223
3880.000 0.219
3885.000 0.214
3890.000 0.208
3895.000 0.205
3900.000 0.200
3905.000 0.196
3910.000 0.192
3915.000 0.190
3920.000 0.187
3925.000 0.184
3930.000 0.182
3935.000 0.178
3940.000 0.177
3945.000 0.174
3950.000 0.171
3955.000 0.167
3960.000 0.165
3965.000 0.162
3970.000 0.162
3975.000 0.159
3980.000 0.158
3985.000 0.156
3990.000 0.152
3995.000 0.150
4000.000 0.149
4005.000 0.150
4010.000 0.149
4015.000 0.146
4020.000 0.146
4025.000 0.143
4030.000 0.143
4035.000 0.138
4040.000 0.139
4045.000 0.136
4050.000 0.135
4055.000 0.136
4060.000 0.135
4065.000 0.132
4070.000 0.133
4075.000 0.132
4080.000 0.129
4085.000 0.131
4090.000 0.129
4095.000 0.128
4100.000 0.127
4105.000 0.126
4110.000 0.125
4115.000 0.125
4120.000 0.124
4125.000 0.123
4130.000 0.122
4135.000 0.121
4140.000 0.119
4145.000 0.120
4150.000 0.119
4155.000 0.118
4160.000 0.117
4165.000 0.116
4170.000 0.116
4175.000 0.115
4180.000 0.114
4185.000 0.113
4190.000 0.112
4195.000 0.111
4200.000 0.111
4205.000 0.109
4210.000 0.110
4215.000 0.108
4220.000 0.108
4225.000 0.106
4230.000 0.106
4235.000 0.106
4240.000 0.105
4245.000 0.105
4250.000 0.104
4255.000 0.102
4260.000 0.102
4265.000 0.101
4270.000 0.101
4275.000 0.100
4280.000 0.100
4285.000 0.100
4290.000 0.099
4295.000 0.099
4300.000 0.099
4305.000 0.098
4310.000 0.099
4315.000 0.098
4320.000 0.099
4325.000 0.099
4330.000 0.099
4335.000 0.100
4340.000 0.101
4345.000 0.100
4350.000 0.101
4355.000 0.102
4360.000 0.102
4365.000 0.102
4370.000 0.102
4375.000 0.102
4380.000 0.103
4385.000 0.102
4390.000 0.102
4395.000 0.103
4400.000 0.103
4405.000 0.104
4410.000 0.104
4415.000 0.105
4420.000 0.104
4425.000 0.105
4430.000 0.107
4435.000 0.105
4440.000 0.105
4445.000 0.106
4450.000 0.105
4455.000 0.106
4460.000 0.106
4465.000 0.106
4470.000 0.106
4475.000 0.106
4480.000 0.106
4485.000 0.107
4490.000 0.107
4495.000 0.108
4500.000 0.109
4505.000 0.108
4510.000 0.107
4515.000 0.108
4520.000 0.109
4525.000 0.109
4530.000 0.109
4535.000 0.109
4540.000 0.109
4545.000 0.110
4550.000 0.110
4555.000 0.110
4560.000 0.111
4565.000 0.111
4570.000 0.111
4575.000 0.112
4580.000 0.111
4585.000 0.113
4590.000 0.113
4595.000 0.113
4600.000 0.114
4605.000 0.114
4610.000 0.114
4615.000 0.115
4620.000 0.117
4625.000 0.117
4630.000 0.117
4635.000 0.118
4640.000 0.119
4645.000 0.119
4650.000 0.120
4655.000 0.121
4660.000 0.121
4665.000 0.122
4670.000 0.122
4675.000 0.123
4680.000 0.123
4685.000 0.125
4690.000 0.127
4695.000 0.127
4700.000 0.130
4705.000 0.130
4710.000 0.131
4715.000 0.132
4720.000 0.134
4725.000 0.135
4730.000 0.136
4735.000 0.138
4740.000 0.139
4745.000 0.141
4750.000 0.144
4755.000 0.145
4760.000 0.148
4765.000 0.150
4770.000 0.153
4775.000 0.155
4780.000 0.156
4785.000 0.159
4790.000 0.163
4795.000 0.166
4800.000 0.171
4805.000 0.175
4810.000 0.180
4815.000 0.185
4820.000 0.192
4825.000 0.198
4830.000 0.205
4835.000 0.213
4840.000 0.219
4845.000 0.230
4850.000 0.240
4855.000 0.256
4860.000 0.273
4865.000 0.285
4870.000 0.297
4875.000 0.313
4880.000 0.325
4885.000 0.342
4890.000 0.364
4895.000 0.384
4900.000 0.414
4905.000 0.430
4910.000 0.469
4915.000 0.505
4920.000 0.534
4925.000 0.534
4930.000 0.511
4935.000 1.245
4940.000 6.117
4945.000 7.723
4950.000 7.622
4955.000 7.862
4960.000 6.142
4965.000 5.048
4970.000 2.819
4975.000 1.895
4980.000 1.274
4985.000 0.919
4990.000 0.709
4995.000 0.549
5000.000 0.451
5005.000 0.374
5010.000 0.317
5015.000 0.281
5020.000 0.262
5025.000 0.233
5030.000 0.210
5035.000 0.185
5040.000 0.172
5045.000 0.158
5050.000 0.149
5055.000 0.137
5060.000 0.129
5065.000 0.125
5070.000 0.117
5075.000 0.112
5080.000 0.108
5085.000 0.107
5090.000 0.103
5095.000 0.099
5100.000 0.097
5105.000 0.093
5110.000 0.091
5115.000 0.089
5120.000 0.087
5125.000 0.086
5130.000 0.083
5135.000 0.083
5140.000 0.081
5145.000 0.080
5150.000 0.080
5155.000 0.079
5160.000 0.077
5165.000 0.077
5170.000 0.077
5175.000 0.077
5180.000 0.077
5185.000 0.076
5190.000 0.076
5195.000 0.076
5200.000 0.075
5205.000 0.076
5210.000 0.076
5215.000 0.077
5220.000 0.076
5225.000 0.077
5230.000 0.076
5235.000 0.076
5240.000 0.076
5245.000 0.077
5250.000 0.078
5255.000 0.078
5260.000 0.078
5265.000 0.078
5270.000 0.078
5275.000 0.078
5280.000 0.079
5285.000 0.080
5290.000 0.081
5295.000 0.081
5300.000 0.082
5305.000 0.082
5310.000 0.083
5315.000 0.082
5320.000 0.084
5325.000 0.084
5330.000 0.084
5335.000 0.085
5340.000 0.085
5345.000 0.086
5350.000 0.087
5355.000 0.087
5360.000 0.088
5365.000 0.088
5370.000 0.089
5375.000 0.089
5380.000 0.089
5385.000 0.090
5390.000 0.089
5395.000 0.090
5400.000 0.091
5405.000 0.092
5410.000 0.092
5415.000 0.092
5420.000 0.094
5425.000 0.094
5430.000 0.094
5435.000 0.094
5440.000 0.095
5445.000 0.095
5450.000 0.096
5455.000 0.096
5460.000 0.096
5465.000 0.096
5470.000 0.096
5475.000 0.097
5480.000 0.096
5485.000 0.098
5490.000 0.097
5495.000 0.099
5500.000 0.098
5505.000 0.098
5510.000 0.099
5515.000 0.099
5520.000 0.100
5525.000 0.100
5530.000 0.101
5535.000 0.100
5540.000 0.101
5545.000 0.101
5550.000 0.101
5555.000 0.100
5560.000 0.101
5565.000 0.102
5570.000 0.101
5575.000 0.102
5580.000 0.101
5585.000 0.102
5590.000 0.102
5595.000 0.102
5600.000 0.103
5605.000 0.103
5610.000 0.103
5615.000 0.103
5620.000 0.104
5625.000 0.104
5630.000 0.104
5635.000 0.104
5640.000 0.105
5645.000 0.105
5650.000 0.104
5655.000 0.105
5660.000 0.105
5665.000 0.106
5670.000 0.106
5675.000 0.105
5680.000 0.105
5685.000 0.106
5690.000 0.106
5695.000 0.106
5700.000 0.107
5705.000 0.106
5710.000 0.107
5715.000 0.107
5720.000 0.108
5725.000 0.108
5730.000 0.109
5735.000 0.108
5740.000 0.108
5745.000 0.109
5750.000 0.108
5755.000 0.110
5760.000 0.110
5765.000 0.111
5770.000 0.111
5775.000 0.112
5780.000 0.111
5785.000 0.112
5790.000 0.113
5795.000 0.113
5800.000 0.114
5805.000 0.114
5810.000 0.114
5815.000 0.113
5820.000 0.114
5825.000 0.116
5830.000 0.116
5835.000 0.116
5840.000 0.117
5845.000 0.118
5850.000 0.118
5855.000 0.118
5860.000 0.120
5865.000 0.120
5870.000 0.122
5875.000 0.122
5880.000 0.122
5885.000 0.124
5890.000 0.124
5895.000 0.125
5900.000 0.126
5905.000 0.126
5910.000 0.128
5915.000 0.128
5920.000 0.130
5925.000 0.132
5930.000 0.133
5935.000 0.135
5940.000 0.136
5945.000 0.138
5950.000 0.138
5955.000 0.137
5960.000 0.141
5965.000 0.141
5970.000 0.143
5975.000 0.144
5980.000 0.146
5985.000 0.151
5990.000 0.150
5995.000 0.156
6000.000 0.156
6005.000 0.159
6010.000 0.157
6015.000 0.164
6020.000 0.163
6025.000 0.169
6030.000 0.167
6035.000 0.172
6040.000 0.170
6045.000 0.173
6050.000 0.173
6055.000 0.173
6060.000 0.175
6065.000 0.179
6070.000 0.179
6075.000 0.181
6080.000 0.181
6085.000 0.184
6090.000 0.185
6095.000 0.188
6100.000 0.191
6105.000 0.194
6110.000 0.197
6115.000 0.200
6120.000 0.203
6125.000 0.205
6130.000 0.209
6135.000 0.215
6140.000 0.218
6145.000 0.226
6150.000 0.231
6155.000 0.238
6160.000 0.247
6165.000 0.258
6170.000 0.271
6175.000 0.293
6180.000 0.311
6185.000 0.364
6190.000 0.478
6195.000 0.794
6200.000 1.311
6205.000 1.372
6210.000 1.072
6215.000 0.885
6220.000 0.767
6225.000 0.685
6230.000 0.616
6235.000 0.590
6240.000 0.537
6245.000 0.489
6250.000 0.447
6255.000 0.410
6260.000 0.378
6265.000 0.349
6270.000 0.322
6275.000 0.298
6280.000 0.279
6285.000 0.264
6290.000 0.247
6295.000 0.232
6300.000 0.229
6305.000 0.219
6310.000 0.207
6315.000 0.212
6320.000 0.204
6325.000 0.193
6330.000 0.184
6335.000 0.176
6340.000 0.171
6345.000 0.168
6350.000 0.164
6355.000 0.163
6360.000 0.161
6365.000 0.159
6370.000 0.158
6375.000 0.157
6380.000 0.154
6385.000 0.155
6390.000 0.156
6395.000 0.155
6400.000 0.154
6405.000 0.158
6410.000 0.158
6415.000 0.159
6420.000 0.162
6425.000 0.162
6430.000 0.165
6435.000 0.170
6440.000 0.174
6445.000 0.180
6450.000 0.188
6455.000 0.196
6460.000 0.210
6465.000 0.224
6470.000 0.244
6475.000 0.267
6480.000 0.287
6485.000 0.331
6490.000 0.401
6495.000 0.515
6500.000 0.712
6505.000 1.074
6510.000 1.758
6515.000 3.044
6520.000 5.215
6525.000 7.458
6530.000 5.478
6535.000 3.040
6540.000 1.591
6545.000 1.380
6550.000 0.740
6555.000 0.631
6560.000 0.507
6565.000 0.425
6570.000 0.359
6575.000 0.318
6580.000 0.284
6585.000 0.257
6590.000 0.238
6595.000 0.221
6600.000 0.208
6605.000 0.204
6610.000 0.194
6615.000 0.185
6620.000 0.179
6625.000 0.173
6630.000 0.169
6635.000 0.165
6640.000 0.161
6645.000 0.157
6650.000 0.156
6655.000 0.152
6660.000 0.150
6665.000 0.150
6670.000 0.148
6675.000 0.147
6680.000 0.145
6685.000 0.144
6690.000 0.143
6695.000 0.141
6700.000 0.141
6705.000 0.140
6710.000 0.140
6715.000 0.139
6720.000 0.138
6725.000 0.138
6730.000 0.137
6735.000 0.137
6740.000 0.137
6745.000 0.137
6750.000 0.137
6755.000 0.136
6760.000 0.136
6765.000 0.136
6770.000 0.136
6775.000 0.135
6780.000 0.135
6785.000 0.135
6790.000 0.135
6795.000 0.135
6800.000 0.135
6805.000 0.135
6810.000 0.134
6815.000 0.135
6820.000 0.135
6825.000 0.135
6830.000 0.135
6835.000 0.135
6840.000 0.134
6845.000 0.134
6850.000 0.134
6855.000 0.135
6860.000 0.134
6865.000 0.135
6870.000 0.135
6875.000 0.135
6880.000 0.135
6885.000 0.134
6890.000 0.136
6895.000 0.135
6900.000 0.135
6905.000 0.135
6910.000 0.136
6915.000 0.137
6920.000 0.135
6925.000 0.137
6930.000 0.137
6935.000 0.137
6940.000 0.137
6945.000 0.138
6950.000 0.137
6955.000 0.139
6960.000 0.138
6965.000 0.139
6970.000 0.138
6975.000 0.140
6980.000 0.140
6985.000 0.137
6990.000 0.142
6995.000 0.143
7000.000 0.141
7005.000 0.143
7010.000 0.143
7015.000 0.143
7020.000 0.142
7025.000 0.142
7030.000 0.145
7035.000 0.143
7040.000 0.144
7045.000 0.145
7050.000 0.147
7055.000 0.145
7060.000 0.145
7065.000 0.149
7070.000 0.148
7075.000 0.148
7080.000 0.150
7085.000 0.150
7090.000 0.152
7095.000 0.154
7100.000 0.154
7105.000 0.154
7110.000 0.155
7115.000 0.157
7120.000 0.158
7125.000 0.159
7130.000 0.161
7135.000 0.162
7140.000 0.163
7145.000 0.165
7150.000 0.167
7155.000 0.168
7160.000 0.171
7165.000 0.172
7170.000 0.173
7175.000 0.176
7180.000 0.179
7185.000 0.181
7190.000 0.184
7195.000 0.187
7200.000 0.189
7205.000 0.192
7210.000 0.196
7215.000 0.197
7220.000 0.202
7225.000 0.206
7230.000 0.212
7235.000 0.216
7240.000 0.224
7245.000 0.229
7250.000 0.235
7255.000 0.242
7260.000 0.250
7265.000 0.259
7270.000 0.265
7275.000 0.276
7280.000 0.286
7285.000 0.296
7290.000 0.306
7295.000 0.316
7300.000 0.327
7305.000 0.340
7310.000 0.355
7315.000 0.369
7320.000 0.389
7325.000 0.413
7330.000 0.438
7335.000 0.454
7340.000 0.487
7345.000 0.529
7350.000 0.583
7355.000 0.659
7360.000 0.776
7365.000 0.935
7370.000 1.170
7375.000 1.533
7380.000 2.070
7385.000 2.784
7390.000 3.500
7395.000 3.704
7400.000 3.390
7405.000 2.319
7410.000 1.394
7415.000 0.843
7420.000 0.657
7425.000 0.617
7430.000 0.521
7435.000 0.448
7440.000 0.384
7445.000 0.339
7450.000 0.302
7455.000 0.267
7460.000 0.250
7465.000 0.227
7470.000 0.202
7475.000 0.184
7480.000 0.170
7485.000 0.158
7490.000 0.147
7495.000 0.138
7500.000 0.131
7505.000 0.124
7510.000 0.118
7515.000 0.115
7520.000 0.111
7525.000 0.107
7530.000 0.103
7535.000 0.100
7540.000 0.099
7545.000 0.095
7550.000 0.094
7555.000 0.093
7560.000 0.091
7565.000 0.090
7570.000 0.090
7575.000 0.089
7580.000 0.089
7585.000 0.088
7590.000 0.087
7595.000 0.086
7600.000 0.085
7605.000 0.085
7610.000 0.085
7615.000 0.083
7620.000 0.085
7625.000 0.083
7630.000 0.084
7635.000 0.083
7640.000 0.083
7645.000 0.084
7650.000 0.084
7655.000 0.084
7660.000 0.085
7665.000 0.084
7670.000 0.085
7675.000 0.085
7680.000 0.085
7685.000 0.086
7690.000 0.086
7695.000 0.086
7700.000 0.087
7705.000 0.087
7710.000 0.088
7715.000 0.087
7720.000 0.087
7725.000 0.089
7730.000 0.089
7735.000 0.089
7740.000 0.089
7745.000 0.091
7750.000 0.091
7755.000 0.091
7760.000 0.092
7765.000 0.093
7770.000 0.094
7775.000 0.094
7780.000 0.096
7785.000 0.096
7790.000 0.097
7795.000 0.098
7800.000 0.100
7805.000 0.100
7810.000 0.099
7815.000 0.102
7820.000 0.103
7825.000 0.104
7830.000 0.104
7835.000 0.106
7840.000 0.108
7845.000 0.113
7850.000 0.113
7855.000 0.115
7860.000 0.118
7865.000 0.119
7870.000 0.122
7875.000 0.126
7880.000 0.129
7885.000 0.131
7890.000 0.135
7895.000 0.141
7900.000 0.147
7905.000 0.152
7910.000 0.161
7915.000 0.167
7920.000 0.180
7925.000 0.194
7930.000 0.210
7935.000 0.224
7940.000 0.238
7945.000 0.246
7950.000 0.269
7955.000 0.300
7960.000 0.338
7965.000 0.399
7970.000 0.490
7975.000 0.642
7980.000 0.908
7985.000 1.390
7990.000 2.274
7995.000 3.695
8000.000 4.487
8005.000 4.960
8010.000 3.462
8015.000 1.471
8020.000 0.922
8025.000 0.677
8030.000 0.554
8035.000 0.417
8040.000 0.333
8045.000 0.275
8050.000 0.234
8055.000 0.206
8060.000 0.182
8065.000 0.171
8070.000 0.154
8075.000 0.142
8080.000 0.131
8085.000 0.123
8090.000 0.117
8095.000 0.111
8100.000 0.106
8105.000 0.102
8110.000 0.099
8115.000 0.095
8120.000 0.093
8125.000 0.091
8130.000 0.089
8135.000 0.088
8140.000 0.086
8145.000 0.084
8150.000 0.082
8155.000 0.081
8160.000 0.081
8165.000 0.079
8170.000 0.079
8175.000 0.078
8180.000 0.077
8185.000 0.077
8190.000 0.077
8195.000 0.076
8200.000 0.076
8205.000 0.076
8210.000 0.076
8215.000 0.074
8220.000 0.074
8225.000 0.074
8230.000 0.074
8235.000 0.074
8240.000 0.074
8245.000 0.074
8250.000 0.073
8255.000 0.074
8260.000 0.072
8265.000 0.073
8270.000 0.073
8275.000 0.074
8280.000 0.074
8285.000 0.074
8290.000 0.075
8295.000 0.074
8300.000 0.074
8305.000 0.075
8310.000 0.076
8315.000 0.075
8320.000 0.077
8325.000 0.077
8330.000 0.077
8335.000 0.078
8340.000 0.078
8345.000 0.078
8350.000 0.080
8355.000 0.081
8360.000 0.083
8365.000 0.084
8370.000 0.084
8375.000 0.086
8380.000 0.088
8385.000 0.090
8390.000 0.092
8395.000 0.093
8400.000 0.094
8405.000 0.096
8410.000 0.098
8415.000 0.099
8420.000 0.101
8425.000 0.102
8430.000 0.102
8435.000 0.102
8440.000 0.101
8445.000 0.097
8450.000 0.091
8455.000 0.084
8460.000 0.072
8465.000 0.081
8470.000 0.182
8475.000 0.786
8480.000 2.294
8485.000 3.286
8490.000 2.415
8495.000 1.581
8500.000 1.309
8505.000 1.123
8510.000 1.154
8515.000 1.175
8520.000 1.228
8525.000 1.322
8530.000 1.435
8535.000 1.583
8540.000 1.777
8545.000 2.029
8550.000 2.183
8555.000 2.563
8560.000 3.054
8565.000 3.661
8570.000 4.385
8575.000 5.138
8580.000 5.658
8585.000 5.593
8590.000 4.892
8595.000 3.992
8600.000 3.186
8605.000 2.546
8610.000 1.989
8615.000 1.722
8620.000 1.271
8625.000 1.012
8630.000 0.853
8635.000 0.755
8640.000 0.690
8645.000 0.637
8650.000 0.591
8655.000 0.559
8660.000 0.533
8665.000 0.513
8670.000 0.490
8675.000 0.482
8680.000 0.464
8685.000 0.444
8690.000 0.426
8695.000 0.407
8700.000 0.394
8705.000 0.379
8710.000 0.368
8715.000 0.354
8720.000 0.343
8725.000 0.335
8730.000 0.329
8735.000 0.322
8740.000 0.315
8745.000 0.310
8750.000 0.302
8755.000 0.296
8760.000 0.291
8765.000 0.286
8770.000 0.280
8775.000 0.275
8780.000 0.270
8785.000 0.266
8790.000 0.262
8795.000 0.259
8800.000 0.257
8805.000 0.255
8810.000 0.250
8815.000 0.248
8820.000 0.241
8825.000 0.238
8830.000 0.244
8835.000 0.240
8840.000 0.240
8845.000 0.236
8850.000 0.235
8855.000 0.234
8860.000 0.233
8865.000 0.231
8870.000 0.228
8875.000 0.226
8880.000 0.224
8885.000 0.223
8890.000 0.221
8895.000 0.219
8900.000 0.220
8905.000 0.219
8910.000 0.218
8915.000 0.217
8920.000 0.217
8925.000 0.215
8930.000 0.213
8935.000 0.213
8940.000 0.213
8945.000 0.212
8950.000 0.213
8955.000 0.210
8960.000 0.210
8965.000 0.207
8970.000 0.211
8975.000 0.208
8980.000 0.209
8985.000 0.209
8990.000 0.205
8995.000 0.203
9000.000 0.207
9005.000 0.201
9010.000 0.202
9015.000 0.200
9020.000 0.204
9025.000 0.205
9030.000 0.201
9035.000 0.203
9040.000 0.198
9045.000 0.199
9050.000 0.201
9055.000 0.200
9060.000 0.199
9065.000 0.200
9070.000 0.199
9075.000 0.198
9080.000 0.198
9085.000 0.196
9090.000 0.197
9095.000 0.197
9100.000 0.194
9105.000 0.195
9110.000 0.196
9115.000 0.195
9120.000 0.196
9125.000 0.195
9130.000 0.194
9135.000 0.194
9140.000 0.194
9145.000 0.194
9150.000 0.194
9155.000 0.196
9160.000 0.195
9165.000 0.195
9170.000 0.193
9175.000 0.201
9180.000 0.200
9185.000 0.196
9190.000 0.193
9195.000 0.194
9200.000 0.192
9205.000 0.191
9210.000 0.191
9215.000 0.192
9220.000 0.189
9225.000 0.190
9230.000 0.189
9235.000 0.186
9240.000 0.193
9245.000 0.194
9250.000 0.192
9255.000 0.190
9260.000 0.187
9265.000 0.185
9270.000 0.184
9275.000 0.182
9280.000 0.182
9285.000 0.178
9290.000 0.177
9295.000 0.177
9300.000 0.175
9305.000 0.171
9310.000 0.169
9315.000 0.168
9320.000 0.164
9325.000 0.161
9330.000 0.156
9335.000 0.151
9340.000 0.148
9345.000 0.141
9350.000 0.136
9355.000 0.127
9360.000 0.118
9365.000 0.106
9370.000 0.090
9375.000 0.070
9380.000 0.044
9385.000 0.010
9390.000 0.039
9395.000 0.132
9400.000 0.425
9405.000 0.752
9410.000 1.638
9415.000 2.537
9420.000 2.182
9425.000 2.165
9430.000 1.065
9435.000 1.179
9440.000 0.984
9445.000 0.928
9450.000 0.866
9455.000 0.808
9460.000 0.786
9465.000 0.735
9470.000 0.690
9475.000 0.652
9480.000 0.613
9485.000 0.582
9490.000 0.555
9495.000 0.530
9500.000 0.510
9505.000 0.495
9510.000 0.487
9515.000 0.476
9520.000 0.466
9525.000 0.458
9530.000 0.449
9535.000 0.439
9540.000 0.430
9545.000 0.420
9550.000 0.414
9555.000 0.410
9560.000 0.407
9565.000 0.407
9570.000 0.411
9575.000 0.415
9580.000 0.422
9585.000 0.426
9590.000 0.430
9595.000 0.439
9600.000 0.446
9605.000 0.455
9610.000 0.467
9615.000 0.477
9620.000 0.489
9625.000 0.502
9630.000 0.514
9635.000 0.528
9640.000 0.544
9645.000 0.560
9650.000 0.570
9655.000 0.590
9660.000 0.616
9665.000 0.641
9670.000 0.674
9675.000 0.712
9680.000 0.750
9685.000 0.796
9690.000 0.839
9695.000 0.898
9700.000 0.980
9705.000 1.027
9710.000 1.142
9715.000 1.293
9720.000 1.500
9725.000 1.780
9730.000 2.157
9735.000 2.641
9740.000 3.166
9745.000 3.547
9750.000 3.498
9755.000 2.988
9760.000 2.337
9765.000 2.039
9770.000 1.561
9775.000 1.213
9780.000 0.959
9785.000 0.779
9790.000 0.639
9795.000 0.527
9800.000 0.452
9805.000 0.458
9810.000 0.511
9815.000 0.515
9820.000 0.473
9825.000 0.431
9830.000 0.413
9835.000 0.377
9840.000 0.344
9845.000 0.312
9850.000 0.280
9855.000 0.254
9860.000 0.229
9865.000 0.209
9870.000 0.191
9875.000 0.176
9880.000 0.163
9885.000 0.151
9890.000 0.146
9895.000 0.136
9900.000 0.128
9905.000 0.120
9910.000 0.113
9915.000 0.106
9920.000 0.102
9925.000 0.096
9930.000 0.090
9935.000 0.086
9940.000 0.083
9945.000 0.079
9950.000 0.078
9955.000 0.074
9960.000 0.073
9965.000 0.069
9970.000 0.065
9975.000 0.064
9980.000 0.063
9985.000 0.060
9990.000 0.059
9995.000 0.060
10000.000 0.057
10005.000 0.059
10010.000 0.058
10015.000 0.057
10020.000 0.057
10025.000 0.057
10030.000 0.059
10035.000 0.063
10040.000 0.066
10045.000 0.068
10050.000 0.071
10055.000 0.079
10060.000 0.088
10065.000 0.101
10070.000 0.108
10075.000 0.131
10080.000 0.166
10085.000 0.236
10090.000 0.400
10095.000 0.878
10100.000 1.641
10105.000 1.994
10110.000 0.926
10115.000 1.402
10120.000 0.443
10125.000 0.364
10130.000 0.285
10135.000 0.249
10140.000 0.205
10145.000 0.173
10150.000 0.148
10155.000 0.130
10160.000 0.117
10165.000 0.107
10170.000 0.099
10175.000 0.093
10180.000 0.087
10185.000 0.083
10190.000 0.081
10195.000 0.079
10200.000 0.076
10205.000 0.074
10210.000 0.072
10215.000 0.071
10220.000 0.070
10225.000 0.067
10230.000 0.068
10235.000 0.066
10240.000 0.065
10245.000 0.064
10250.000 0.063
10255.000 0.063
10260.000 0.063
10265.000 0.062
10270.000 0.062
10275.000 0.061
10280.000 0.059
10285.000 0.060
10290.000 0.060
10295.000 0.059
10300.000 0.059
10305.000 0.058
10310.000 0.058
10315.000 0.057
10320.000 0.057
10325.000 0.057
10330.000 0.056
10335.000 0.056
10340.000 0.056
10345.000 0.056
10350.000 0.056
10355.000 0.054
10360.000 0.055
10365.000 0.054
10370.000 0.054
10375.000 0.053
10380.000 0.053
10385.000 0.052
10390.000 0.053
10395.000 0.053
10400.000 0.052
10405.000 0.052
10410.000 0.051
10415.000 0.051
10420.000 0.051
10425.000 0.050
10430.000 0.051
10435.000 0.050
10440.000 0.050
10445.000 0.050
10450.000 0.049
10455.000 0.049
10460.000 0.048
10465.000 0.047
10470.000 0.047
10475.000 0.047
10480.000 0.046
10485.000 0.046
10490.000 0.044
10495.000 0.044
10500.000 0.043
10505.000 0.043
10510.000 0.042
10515.000 0.042
10520.000 0.041
10525.000 0.040
10530.000 0.039
10535.000 0.039
10540.000 0.038
10545.000 0.037
10550.000 0.035
10555.000 0.036
10560.000 0.035
10565.000 0.034
10570.000 0.034
10575.000 0.032
10580.000 0.030
10585.000 0.031
10590.000 0.029
10595.000 0.027
10600.000 0.026
10605.000 0.025
10610.000 0.025
10615.000 0.023
10620.000 0.022
10625.000 0.021
10630.000 0.019
10635.000 0.018
10640.000 0.017
10645.000 0.016
10650.000 0.014
10655.000 0.014
10660.000 0.013
10665.000 0.014
10670.000 0.012
10675.000 0.019
10680.000 0.018
10685.000 0.018
10690.000 0.022
10695.000 0.026
10700.000 0.031
10705.000 0.035
10710.000 0.040
10715.000 0.047
10720.000 0.055
10725.000 0.066
10730.000 0.078
10735.000 0.097
10740.000 0.108
10745.000 0.144
10750.000 0.203
10755.000 0.289
10760.000 0.415
10765.000 0.581
10770.000 0.753
10775.000 0.854
10780.000 0.737
10785.000 0.464
10790.000 0.286
10795.000 0.172
10800.000 0.133
10805.000 0.166
10810.000 0.156
10815.000 0.049
10820.000 0.012
10825.000 0.022
10830.000 0.047
10835.000 0.070
10840.000 0.097
10845.000 0.145
10850.000 0.216
10855.000 0.304
10860.000 0.405
10865.000 0.462
10870.000 0.584
10875.000 0.721
10880.000 0.874
10885.000 1.050
10890.000 1.257
10895.000 1.507
10900.000 1.794
10905.000 2.096
10910.000 2.361
10915.000 2.499
10920.000 2.464
10925.000 2.387
10930.000 2.179
10935.000 1.956
10940.000 1.742
10945.000 1.554
10950.000 1.394
10955.000 1.245
10960.000 1.120
10965.000 0.995
10970.000 0.874
10975.000 0.744
10980.000 0.673
10985.000 0.541
10990.000 0.445
10995.000 0.398
11000.000 0.370
11005.000 0.357
11010.000 0.344
11015.000 0.332
11020.000 0.326
11025.000 0.321
11030.000 0.318
11035.000 0.324
11040.000 0.330
11045.000 0.324
11050.000 0.308
11055.000 0.301
11060.000 0.296
11065.000 0.289
11070.000 0.288
11075.000 0.284
11080.000 0.279
11085.000 0.277
11090.000 0.276
11095.000 0.272
11100.000 0.266
11105.000 0.266
11110.000 0.264
11115.000 0.260
11120.000 0.258
11125.000 0.257
11130.000 0.255
11135.000 0.254
11140.000 0.252
11145.000 0.251
11150.000 0.249
11155.000 0.247
11160.000 0.245
11165.000 0.245
11170.000 0.244
11175.000 0.242
11180.000 0.240
11185.000 0.239
11190.000 0.238
11195.000 0.237
11200.000 0.236
11205.000 0.234
11210.000 0.234
11215.000 0.233
11220.000 0.232
11225.000 0.230
11230.000 0.229
11235.000 0.230
11240.000 0.239
11245.000 0.236
11250.000 0.233
11255.000 0.231
11260.000 0.230
11265.000 0.230
11270.000 0.230
11275.000 0.228
11280.000 0.227
11285.000 0.227
11290.000 0.228
11295.000 0.227
11300.000 0.225
11305.000 0.226
11310.000 0.225
11315.000 0.224
11320.000 0.225
11325.000 0.224
11330.000 0.227
11335.000 0.226
11340.000 0.227
11345.000 0.226
11350.000 0.226
11355.000 0.226
11360.000 0.228
11365.000 0.228
11370.000 0.228
11375.000 0.226
11380.000 0.227
11385.000 0.230
11390.000 0.231
11395.000 0.229
11400.000 0.230
11405.000 0.230
11410.000 0.232
11415.000 0.232
11420.000 0.234
11425.000 0.234
11430.000 0.234
11435.000 0.233
11440.000 0.235
11445.000 0.235
11450.000 0.236
11455.000 0.239
11460.000 0.239
11465.000 0.240
11470.000 0.241
11475.000 0.242
11480.000 0.244
11485.000 0.245
11490.000 0.245
11495.000 0.247
11500.000 0.248
11505.000 0.250
11510.000 0.250
11515.000 0.254
11520.000 0.254
11525.000 0.259
11530.000 0.258
11535.000 0.262
11540.000 0.265
11545.000 0.268
11550.000 0.274
11555.000 0.278
11560.000 0.283
11565.000 0.288
11570.000 0.292
11575.000 0.298
11580.000 0.307
11585.000 0.317
11590.000 0.329
11595.000 0.335
11600.000 0.349
11605.000 0.367
11610.000 0.401
11615.000 0.449
11620.000 0.516
11625.000 0.631
11630.000 0.824
11635.000 1.027
11640.000 1.014
11645.000 0.485
11650.000 0.423
11655.000 0.403
11660.000 0.120
11665.000 0.053
11670.000 0.017
11675.000 0.040
11680.000 0.061
11685.000 0.078
11690.000 0.093
11695.000 0.108
11700.000 0.124
11705.000 0.137
11710.000 0.142
11715.000 0.162
11720.000 0.172
11725.000 0.184
11730.000 0.189
11735.000 0.198
11740.000 0.206
11745.000 0.207
11750.000 0.205
11755.000 0.202
11760.000 0.201
11765.000 0.198
11770.000 0.197
11775.000 0.194
11780.000 0.197
11785.000 0.198
11790.000 0.203
11795.000 0.203
11800.000 0.206
11805.000 0.210
11810.000 0.213
11815.000 0.213
11820.000 0.218
11825.000 0.223
11830.000 0.225
11835.000 0.228
11840.000 0.231
11845.000 0.238
11850.000 0.240
11855.000 0.243
11860.000 0.247
11865.000 0.253
11870.000 0.258
11875.000 0.264
11880.000 0.271
11885.000 0.277
11890.000 0.285
11895.000 0.295
11900.000 0.302
11905.000 0.314
11910.000 0.322
11915.000 0.336
11920.000 0.340
11925.000 0.357
11930.000 0.383
11935.000 0.411
11940.000 0.448
11945.000 0.506
11950.000 0.591
11955.000 0.725
11960.000 0.833
11965.000 0.646
11970.000 0.132
11975.000 0.060
11980.000 0.155
11985.000 0.272
11990.000 0.386
11995.000 0.483
12000.000 0.564
