0 0
105.000 0.017
110.000 0.683
115.000 0.957
120.000 1.085
125.000 1.216
130.000 1.306
135.000 1.313
140.000 1.394
145.000 1.344
150.000 1.377
155.000 1.344
160.000 1.288
165.000 1.284
170.000 1.274
175.000 1.231
180.000 1.223
185.000 1.210
190.000 1.215
195.000 1.228
200.000 1.239
205.000 1.254
210.000 1.277
215.000 1.281
220.000 1.284
225.000 1.340
230.000 1.382
235.000 1.400
240.000 1.439
245.000 1.408
250.000 1.460
255.000 1.476
260.000 1.478
265.000 1.494
270.000 1.461
275.000 1.475
280.000 1.511
285.000 1.528
290.000 1.500
295.000 1.487
300.000 1.473
305.000 1.485
310.000 1.488
315.000 1.541
320.000 1.527
325.000 1.555
330.000 1.619
335.000 1.678
340.000 1.727
345.000 1.796
350.000 1.874
355.000 1.954
360.000 2.028
365.000 2.135
370.000 2.255
375.000 2.360
380.000 2.502
385.000 2.564
390.000 2.689
395.000 2.837
400.000 2.950
405.000 3.039
410.000 3.085
415.000 3.089
420.000 2.992
425.000 2.849
430.000 2.591
435.000 2.291
440.000 1.986
445.000 1.724
450.000 1.487
455.000 1.387
460.000 1.218
465.000 1.081
470.000 0.988
475.000 0.913
480.000 0.856
485.000 0.795
490.000 0.749
495.000 0.709
500.000 0.667
505.000 0.626
510.000 0.610
515.000 0.579
520.000 0.551
525.000 0.523
530.000 0.495
535.000 0.472
540.000 0.450
545.000 0.423
550.000 0.404
555.000 0.393
560.000 0.371
565.000 0.345
570.000 0.343
575.000 0.314
580.000 0.310
585.000 0.298
590.000 0.284
595.000 0.272
600.000 0.259
605.000 0.251
610.000 0.242
615.000 0.235
620.000 0.228
625.000 0.217
630.000 0.217
635.000 0.209
640.000 0.204
645.000 0.200
650.000 0.196
655.000 0.188
660.000 0.189
665.000 0.184
670.000 0.176
675.000 0.181
680.000 0.174
685.000 0.168
690.000 0.166
695.000 0.165
700.000 0.160
705.000 0.159
710.000 0.158
715.000 0.153
720.000 0.150
725.000 0.150
730.000 0.145
735.000 0.145
740.000 0.143
745.000 0.142
750.000 0.139
755.000 0.138
760.000 0.136
765.000 0.133
770.000 0.133
775.000 0.133
780.000 0.128
785.000 0.128
790.000 0.128
795.000 0.131
800.000 0.128
805.000 0.128
810.000 0.125
815.000 0.127
820.000 0.126
825.000 0.124
830.000 0.120
835.000 0.122
840.000 0.121
845.000 0.118
850.000 0.117
855.000 0.114
860.000 0.118
865.000 0.116
870.000 0.117
875.000 0.120
880.000 0.117
885.000 0.115
890.000 0.113
895.000 0.113
900.000 0.112
905.000 0.112
910.000 0.114
915.000 0.112
920.000 0.112
925.000 0.112
930.000 0.110
935.000 0.110
940.000 0.112
945.000 0.113
950.000 0.111
955.000 0.113
960.000 0.105
965.000 0.113
970.000 0.110
975.000 0.114
980.000 0.115
985.000 0.107
990.000 0.107
995.000 0.108
1000.000 0.114
1005.000 0.112
1010.000 0.106
1015.000 0.115
1020.000 0.107
1025.000 0.111
1030.000 0.105
1035.000 0.112
1040.000 0.110
1045.000 0.113
1050.000 0.108
1055.000 0.109
1060.000 0.110
1065.000 0.111
1070.000 0.108
1075.000 0.109
1080.000 0.111
1085.000 0.107
1090.000 0.113
1095.000 0.110
1100.000 0.109
1105.000 0.109
1110.000 0.111
1115.000 0.109
1120.000 0.109
1125.000 0.108
1130.000 0.107
1135.000 0.111
1140.000 0.110
1145.000 0.110
1150.000 0.107
1155.000 0.111
1160.000 0.109
1165.000 0.110
1170.000 0.110
1175.000 0.109
1180.000 0.110
1185.000 0.112
1190.000 0.111
1195.000 0.111
1200.000 0.111
1205.000 0.113
1210.000 0.113
1215.000 0.112
1220.000 0.115
1225.000 0.113
1230.000 0.112
1235.000 0.113
1240.000 0.113
1245.000 0.113
1250.000 0.113
1255.000 0.114
1260.000 0.115
1265.000 0.115
1270.000 0.117
1275.000 0.115
1280.000 0.119
1285.000 0.115
1290.000 0.117
1295.000 0.114
1300.000 0.118
1305.000 0.116
1310.000 0.117
1315.000 0.116
1320.000 0.119
1325.000 0.124
1330.000 0.121
1335.000 0.120
1340.000 0.122
1345.000 0.121
1350.000 0.122
1355.000 0.124
1360.000 0.123
1365.000 0.124
1370.000 0.124
1375.000 0.125
1380.000 0.129
1385.000 0.129
1390.000 0.128
1395.000 0.130
1400.000 0.130
1405.000 0.130
1410.000 0.132
1415.000 0.132
1420.000 0.133
1425.000 0.132
1430.000 0.134
1435.000 0.133
1440.000 0.133
1445.000 0.135
1450.000 0.135
1455.000 0.133
1460.000 0.132
1465.000 0.132
1470.000 0.132
1475.000 0.129
1480.000 0.129
1485.000 0.129
1490.000 0.131
1495.000 0.132
1500.000 0.131
1505.000 0.135
1510.000 0.139
1515.000 0.142
1520.000 0.146
1525.000 0.149
1530.000 0.151
1535.000 0.155
1540.000 0.157
1545.000 0.158
1550.000 0.163
1555.000 0.166
1560.000 0.170
1565.000 0.172
1570.000 0.174
1575.000 0.179
1580.000 0.182
1585.000 0.185
1590.000 0.188
1595.000 0.193
1600.000 0.197
1605.000 0.199
1610.000 0.202
1615.000 0.208
1620.000 0.211
1625.000 0.215
1630.000 0.220
1635.000 0.225
1640.000 0.232
1645.000 0.234
1650.000 0.241
1655.000 0.245
1660.000 0.251
1665.000 0.255
1670.000 0.260
1675.000 0.266
1680.000 0.277
1685.000 0.282
1690.000 0.289
1695.000 0.295
1700.000 0.304
1705.000 0.308
1710.000 0.316
1715.000 0.322
1720.000 0.332
1725.000 0.339
1730.000 0.346
1735.000 0.355
1740.000 0.361
1745.000 0.375
1750.000 0.383
1755.000 0.392
1760.000 0.402
1765.000 0.413
1770.000 0.423
1775.000 0.433
1780.000 0.440
1785.000 0.446
1790.000 0.456
1795.000 0.465
1800.000 0.477
1805.000 0.486
1810.000 0.494
1815.000 0.501
1820.000 0.509
1825.000 0.516
1830.000 0.526
1835.000 0.530
1840.000 0.538
1845.000 0.542
1850.000 0.548
1855.000 0.552
1860.000 0.555
1865.000 0.556
1870.000 0.555
1875.000 0.557
1880.000 0.559
1885.000 0.560
1890.000 0.560
1895.000 0.560
1900.000 0.561
1905.000 0.557
1910.000 0.558
1915.000 0.552
1920.000 0.554
1925.000 0.550
1930.000 0.548
1935.000 0.543
1940.000 0.543
1945.000 0.544
1950.000 0.537
1955.000 0.534
1960.000 0.529
1965.000 0.529
1970.000 0.522
1975.000 0.524
1980.000 0.524
1985.000 0.521
1990.000 0.520
1995.000 0.518
2000.000 0.510
2005.000 0.518
2010.000 0.515
2015.000 0.502
2020.000 0.515
2025.000 0.510
2030.000 0.501
2035.000 0.507
2040.000 0.502
2045.000 0.502
2050.000 0.497
2055.000 0.501
2060.000 0.502
2065.000 0.496
2070.000 0.501
2075.000 0.504
2080.000 0.503
2085.000 0.505
2090.000 0.507
2095.000 0.513
2100.000 0.510
2105.000 0.513
2110.000 0.519
2115.000 0.520
2120.000 0.526
2125.000 0.532
2130.000 0.536
2135.000 0.543
2140.000 0.550
2145.000 0.561
2150.000 0.565
2155.000 0.570
2160.000 0.580
2165.000 0.590
2170.000 0.601
2175.000 0.616
2180.000 0.630
2185.000 0.646
2190.000 0.663
2195.000 0.684
2200.000 0.708
2205.000 0.734
2210.000 0.762
2215.000 0.800
2220.000 0.813
2225.000 0.875
2230.000 0.900
2235.000 0.960
2240.000 1.032
2245.000 1.127
2250.000 1.249
2255.000 1.424
2260.000 1.713
2265.000 2.143
2270.000 2.455
2275.000 4.121
2280.000 5.050
2285.000 7.615
2290.000 10.841
2295.000 12.910
2300.000 13.101
2305.000 8.202
2310.000 4.368
2315.000 2.798
2320.000 1.923
2325.000 1.416
2330.000 1.089
2335.000 0.967
2340.000 0.773
2345.000 0.632
2350.000 0.528
2355.000 0.448
2360.000 0.386
2365.000 0.338
2370.000 0.297
2375.000 0.264
2380.000 0.237
2385.000 0.214
2390.000 0.192
2395.000 0.176
2400.000 0.168
2405.000 0.148
2410.000 0.143
2415.000 0.131
2420.000 0.121
2425.000 0.113
2430.000 0.104
2435.000 0.098
2440.000 0.090
2445.000 0.085
2450.000 0.080
2455.000 0.077
2460.000 0.074
2465.000 0.070
2470.000 0.067
2475.000 0.063
2480.000 0.061
2485.000 0.060
2490.000 0.058
2495.000 0.057
2500.000 0.056
2505.000 0.055
2510.000 0.054
2515.000 0.054
2520.000 0.053
2525.000 0.054
2530.000 0.054
2535.000 0.054
2540.000 0.055
2545.000 0.056
2550.000 0.056
2555.000 0.057
2560.000 0.058
2565.000 0.059
2570.000 0.060
2575.000 0.060
2580.000 0.063
2585.000 0.064
2590.000 0.065
2595.000 0.066
2600.000 0.068
2605.000 0.069
2610.000 0.070
2615.000 0.072
2620.000 0.073
2625.000 0.074
2630.000 0.076
2635.000 0.078
2640.000 0.078
2645.000 0.081
2650.000 0.082
2655.000 0.083
2660.000 0.085
2665.000 0.087
2670.000 0.090
2675.000 0.092
2680.000 0.093
2685.000 0.096
2690.000 0.098
2695.000 0.100
2700.000 0.101
2705.000 0.105
2710.000 0.105
2715.000 0.108
2720.000 0.110
2725.000 0.113
2730.000 0.115
2735.000 0.119
2740.000 0.121
2745.000 0.124
2750.000 0.127
2755.000 0.127
2760.000 0.131
2765.000 0.135
2770.000 0.136
2775.000 0.139
2780.000 0.142
2785.000 0.146
2790.000 0.149
2795.000 0.151
2800.000 0.153
2805.000 0.157
2810.000 0.159
2815.000 0.162
2820.000 0.164
2825.000 0.166
2830.000 0.168
2835.000 0.170
2840.000 0.174
2845.000 0.176
2850.000 0.177
2855.000 0.179
2860.000 0.180
2865.000 0.181
2870.000 0.183
2875.000 0.184
2880.000 0.185
2885.000 0.186
2890.000 0.187
2895.000 0.188
2900.000 0.189
2905.000 0.190
2910.000 0.190
2915.000 0.190
2920.000 0.192
2925.000 0.192
2930.000 0.192
2935.000 0.193
2940.000 0.191
2945.000 0.191
2950.000 0.193
2955.000 0.195
2960.000 0.195
2965.000 0.195
2970.000 0.190
2975.000 0.192
2980.000 0.192
2985.000 0.191
2990.000 0.189
2995.000 0.189
3000.000 0.193
3005.000 0.188
3010.000 0.187
3015.000 0.190
3020.000 0.190
3025.000 0.194
3030.000 0.190
3035.000 0.191
3040.000 0.189
3045.000 0.191
3050.000 0.191
3055.000 0.193
3060.000 0.191
3065.000 0.192
3070.000 0.192
3075.000 0.193
3080.000 0.195
3085.000 0.196
3090.000 0.197
3095.000 0.198
3100.000 0.199
3105.000 0.200
3110.000 0.202
3115.000 0.203
3120.000 0.203
3125.000 0.203
3130.000 0.204
3135.000 0.204
3140.000 0.206
3145.000 0.205
3150.000 0.207
3155.000 0.208
3160.000 0.207
3165.000 0.211
3170.000 0.211
3175.000 0.210
3180.000 0.212
3185.000 0.211
3190.000 0.211
3195.000 0.213
3200.000 0.213
3205.000 0.215
3210.000 0.216
3215.000 0.217
3220.000 0.217
3225.000 0.219
3230.000 0.218
3235.000 0.218
3240.000 0.222
3245.000 0.222
3250.000 0.223
3255.000 0.224
3260.000 0.225
3265.000 0.227
3270.000 0.227
3275.000 0.229
3280.000 0.230
3285.000 0.233
3290.000 0.233
3295.000 0.235
3300.000 0.236
3305.000 0.237
3310.000 0.238
3315.000 0.243
3320.000 0.245
3325.000 0.246
3330.000 0.249
3335.000 0.252
3340.000 0.253
3345.000 0.256
3350.000 0.261
3355.000 0.262
3360.000 0.265
3365.000 0.269
3370.000 0.273
3375.000 0.275
3380.000 0.279
3385.000 0.283
3390.000 0.288
3395.000 0.290
3400.000 0.297
3405.000 0.303
3410.000 0.307
3415.000 0.313
3420.000 0.318
3425.000 0.325
3430.000 0.328
3435.000 0.332
3440.000 0.344
3445.000 0.348
3450.000 0.359
3455.000 0.364
3460.000 0.377
3465.000 0.386
3470.000 0.398
3475.000 0.410
3480.000 0.424
3485.000 0.434
3490.000 0.444
3495.000 0.450
3500.000 0.464
3505.000 0.474
3510.000 0.487
3515.000 0.501
3520.000 0.515
3525.000 0.534
3530.000 0.549
3535.000 0.566
3540.000 0.587
3545.000 0.608
3550.000 0.620
3555.000 0.647
3560.000 0.686
3565.000 0.723
3570.000 0.738
3575.000 0.770
3580.000 0.810
3585.000 0.856
3590.000 0.905
3595.000 0.958
3600.000 1.017
3605.000 1.088
3610.000 1.131
3615.000 1.232
3620.000 1.358
3625.000 1.521
3630.000 1.741
3635.000 2.046
3640.000 2.488
3645.000 3.162
3650.000 4.194
3655.000 5.828
3660.000 8.240
3665.000 11.553
3670.000 15.704
3675.000 18.089
3680.000 21.494
3685.000 19.249
3690.000 11.728
3695.000 7.408
3700.000 4.997
3705.000 3.597
3710.000 2.742
3715.000 2.186
3720.000 1.796
3725.000 1.508
3730.000 1.287
3735.000 1.197
3740.000 1.049
3745.000 0.924
3750.000 0.830
3755.000 0.752
3760.000 0.690
3765.000 0.636
3770.000 0.591
3775.000 0.553
3780.000 0.520
3785.000 0.491
3790.000 0.477
3795.000 0.442
3800.000 0.433
3805.000 0.413
3810.000 0.395
3815.000 0.380
3820.000 0.366
3825.000 0.352
3830.000 0.341
3835.000 0.330
3840.000 0.320
3845.000 0.310
3850.000 0.301
3855.000 0.298
3860.000 0.290
3865.000 0.278
3870.000 0.275
3875.000 0.270
3880.000 0.264
3885.000 0.256
3890.000 0.252
3895.000 0.245
3900.000 0.241
3905.000 0.237
3910.000 0.232
3915.000 0.231
3920.000 0.226
3925.000 0.222
3930.000 0.217
3935.000 0.214
3940.000 0.211
3945.000 0.207
3950.000 0.202
3955.000 0.202
3960.000 0.198
3965.000 0.196
3970.000 0.191
3975.000 0.189
3980.000 0.188
3985.000 0.185
3990.000 0.183
3995.000 0.183
4000.000 0.177
4005.000 0.178
4010.000 0.177
4015.000 0.172
4020.000 0.175
4025.000 0.173
4030.000 0.170
4035.000 0.169
4040.000 0.164
4045.000 0.164
4050.000 0.164
4055.000 0.162
4060.000 0.161
4065.000 0.156
4070.000 0.158
4075.000 0.156
4080.000 0.154
4085.000 0.154
4090.000 0.152
4095.000 0.150
4100.000 0.149
4105.000 0.150
4110.000 0.148
4115.000 0.147
4120.000 0.146
4125.000 0.145
4130.000 0.143
4135.000 0.143
4140.000 0.142
4145.000 0.141
4150.000 0.140
4155.000 0.139
4160.000 0.139
4165.000 0.138
4170.000 0.136
4175.000 0.134
4180.000 0.133
4185.000 0.133
4190.000 0.131
4195.000 0.130
4200.000 0.129
4205.000 0.128
4210.000 0.127
4215.000 0.124
4220.000 0.125
4225.000 0.124
4230.000 0.123
4235.000 0.122
4240.000 0.122
4245.000 0.121
4250.000 0.120
4255.000 0.118
4260.000 0.117
4265.000 0.117
4270.000 0.116
4275.000 0.115
4280.000 0.113
4285.000 0.113
4290.000 0.112
4295.000 0.112
4300.000 0.111
4305.000 0.112
4310.000 0.111
4315.000 0.111
4320.000 0.113
4325.000 0.113
4330.000 0.113
4335.000 0.113
4340.000 0.114
4345.000 0.113
4350.000 0.115
4355.000 0.116
4360.000 0.115
4365.000 0.116
4370.000 0.117
4375.000 0.117
4380.000 0.118
4385.000 0.117
4390.000 0.118
4395.000 0.119
4400.000 0.119
4405.000 0.119
4410.000 0.119
4415.000 0.120
4420.000 0.121
4425.000 0.121
4430.000 0.122
4435.000 0.121
4440.000 0.122
4445.000 0.123
4450.000 0.123
4455.000 0.123
4460.000 0.122
4465.000 0.123
4470.000 0.123
4475.000 0.123
4480.000 0.124
4485.000 0.125
4490.000 0.126
4495.000 0.125
4500.000 0.126
4505.000 0.127
4510.000 0.127
4515.000 0.127
4520.000 0.128
4525.000 0.128
4530.000 0.128
4535.000 0.128
4540.000 0.129
4545.000 0.129
4550.000 0.131
4555.000 0.131
4560.000 0.131
4565.000 0.133
4570.000 0.132
4575.000 0.133
4580.000 0.135
4585.000 0.134
4590.000 0.135
4595.000 0.137
4600.000 0.137
4605.000 0.139
4610.000 0.139
4615.000 0.139
4620.000 0.141
4625.000 0.142
4630.000 0.142
4635.000 0.144
4640.000 0.145
4645.000 0.145
4650.000 0.147
4655.000 0.148
4660.000 0.149
4665.000 0.152
4670.000 0.153
4675.000 0.154
4680.000 0.156
4685.000 0.157
4690.000 0.160
4695.000 0.162
4700.000 0.163
4705.000 0.166
4710.000 0.166
4715.000 0.170
4720.000 0.171
4725.000 0.175
4730.000 0.176
4735.000 0.179
4740.000 0.184
4745.000 0.188
4750.000 0.191
4755.000 0.196
4760.000 0.200
4765.000 0.202
4770.000 0.207
4775.000 0.216
4780.000 0.219
4785.000 0.225
4790.000 0.232
4795.000 0.241
4800.000 0.249
4805.000 0.258
4810.000 0.271
4815.000 0.283
4820.000 0.298
4825.000 0.306
4830.000 0.326
4835.000 0.350
4840.000 0.357
4845.000 0.372
4850.000 0.384
4855.000 0.403
4860.000 0.422
4865.000 0.443
4870.000 0.466
4875.000 0.494
4880.000 0.526
4885.000 0.562
4890.000 0.584
4895.000 0.630
4900.000 0.686
4905.000 0.805
4910.000 0.859
4915.000 0.985
4920.000 1.128
4925.000 1.263
4930.000 1.311
4935.000 2.176
4940.000 8.609
4945.000 9.707
4950.000 8.897
4955.000 12.172
4960.000 10.960
4965.000 6.935
4970.000 4.361
4975.000 2.885
4980.000 2.060
4985.000 1.520
4990.000 1.189
4995.000 0.970
5000.000 0.815
5005.000 0.690
5010.000 0.642
5015.000 0.564
5020.000 0.495
5025.000 0.448
5030.000 0.404
5035.000 0.374
5040.000 0.343
5045.000 0.321
5050.000 0.298
5055.000 0.282
5060.000 0.266
5065.000 0.253
5070.000 0.246
5075.000 0.235
5080.000 0.226
5085.000 0.218
5090.000 0.210
5095.000 0.202
5100.000 0.197
5105.000 0.192
5110.000 0.187
5115.000 0.182
5120.000 0.177
5125.000 0.173
5130.000 0.169
5135.000 0.166
5140.000 0.165
5145.000 0.162
5150.000 0.159
5155.000 0.157
5160.000 0.155
5165.000 0.153
5170.000 0.151
5175.000 0.149
5180.000 0.148
5185.000 0.146
5190.000 0.145
5195.000 0.145
5200.000 0.144
5205.000 0.144
5210.000 0.143
5215.000 0.141
5220.000 0.141
5225.000 0.140
5230.000 0.140
5235.000 0.140
5240.000 0.140
5245.000 0.140
5250.000 0.139
5255.000 0.139
5260.000 0.139
5265.000 0.140
5270.000 0.140
5275.000 0.140
5280.000 0.139
5285.000 0.139
5290.000 0.140
5295.000 0.140
5300.000 0.140
5305.000 0.140
5310.000 0.140
5315.000 0.140
5320.000 0.141
5325.000 0.142
5330.000 0.142
5335.000 0.142
5340.000 0.141
5345.000 0.143
5350.000 0.142
5355.000 0.142
5360.000 0.143
5365.000 0.143
5370.000 0.143
5375.000 0.144
5380.000 0.144
5385.000 0.144
5390.000 0.144
5395.000 0.145
5400.000 0.144
5405.000 0.145
5410.000 0.145
5415.000 0.145
5420.000 0.146
5425.000 0.146
5430.000 0.146
5435.000 0.146
5440.000 0.146
5445.000 0.147
5450.000 0.148
5455.000 0.146
5460.000 0.147
5465.000 0.147
5470.000 0.147
5475.000 0.148
5480.000 0.148
5485.000 0.148
5490.000 0.147
5495.000 0.149
5500.000 0.148
5505.000 0.149
5510.000 0.149
5515.000 0.150
5520.000 0.150
5525.000 0.149
5530.000 0.151
5535.000 0.150
5540.000 0.150
5545.000 0.149
5550.000 0.149
5555.000 0.151
5560.000 0.150
5565.000 0.150
5570.000 0.150
5575.000 0.151
5580.000 0.151
5585.000 0.151
5590.000 0.150
5595.000 0.151
5600.000 0.152
5605.000 0.154
5610.000 0.152
5615.000 0.154
5620.000 0.153
5625.000 0.154
5630.000 0.153
5635.000 0.154
5640.000 0.154
5645.000 0.155
5650.000 0.155
5655.000 0.157
5660.000 0.156
5665.000 0.157
5670.000 0.157
5675.000 0.158
5680.000 0.158
5685.000 0.159
5690.000 0.159
5695.000 0.160
5700.000 0.160
5705.000 0.161
5710.000 0.162
5715.000 0.163
5720.000 0.164
5725.000 0.164
5730.000 0.164
5735.000 0.164
5740.000 0.167
5745.000 0.166
5750.000 0.168
5755.000 0.169
5760.000 0.170
5765.000 0.171
5770.000 0.173
5775.000 0.172
5780.000 0.176
5785.000 0.174
5790.000 0.176
5795.000 0.177
5800.000 0.178
5805.000 0.180
5810.000 0.181
5815.000 0.183
5820.000 0.185
5825.000 0.187
5830.000 0.188
5835.000 0.191
5840.000 0.193
5845.000 0.194
5850.000 0.198
5855.000 0.199
5860.000 0.201
5865.000 0.203
5870.000 0.206
5875.000 0.209
5880.000 0.211
5885.000 0.216
5890.000 0.218
5895.000 0.222
5900.000 0.226
5905.000 0.230
5910.000 0.236
5915.000 0.239
5920.000 0.243
5925.000 0.249
5930.000 0.250
5935.000 0.257
5940.000 0.262
5945.000 0.271
5950.000 0.277
5955.000 0.283
5960.000 0.290
5965.000 0.297
5970.000 0.302
5975.000 0.309
5980.000 0.313
5985.000 0.314
5990.000 0.323
5995.000 0.327
6000.000 0.335
6005.000 0.338
6010.000 0.342
6015.000 0.354
6020.000 0.353
6025.000 0.364
6030.000 0.371
6035.000 0.384
6040.000 0.397
6045.000 0.402
6050.000 0.408
6055.000 0.423
6060.000 0.435
6065.000 0.447
6070.000 0.463
6075.000 0.480
6080.000 0.497
6085.000 0.514
6090.000 0.534
6095.000 0.561
6100.000 0.591
6105.000 0.603
6110.000 0.633
6115.000 0.665
6120.000 0.708
6125.000 0.752
6130.000 0.808
6135.000 0.879
6140.000 0.969
6145.000 1.092
6150.000 1.264
6155.000 1.518
6160.000 1.903
6165.000 2.519
6170.000 3.507
6175.000 4.181
6180.000 5.884
6185.000 7.697
6190.000 8.626
6195.000 6.813
6200.000 3.663
6205.000 2.178
6210.000 1.626
6215.000 1.308
6220.000 1.097
6225.000 0.979
6230.000 0.941
6235.000 0.879
6240.000 0.867
6245.000 0.842
6250.000 0.815
6255.000 0.780
6260.000 0.744
6265.000 0.707
6270.000 0.663
6275.000 0.615
6280.000 0.566
6285.000 0.545
6290.000 0.487
6295.000 0.473
6300.000 0.445
6305.000 0.422
6310.000 0.395
6315.000 0.389
6320.000 0.366
6325.000 0.345
6330.000 0.330
6335.000 0.317
6340.000 0.306
6345.000 0.296
6350.000 0.292
6355.000 0.285
6360.000 0.277
6365.000 0.272
6370.000 0.265
6375.000 0.262
6380.000 0.258
6385.000 0.255
6390.000 0.252
6395.000 0.249
6400.000 0.247
6405.000 0.246
6410.000 0.250
6415.000 0.246
6420.000 0.248
6425.000 0.249
6430.000 0.251
6435.000 0.254
6440.000 0.259
6445.000 0.266
6450.000 0.272
6455.000 0.282
6460.000 0.293
6465.000 0.310
6470.000 0.321
6475.000 0.344
6480.000 0.379
6485.000 0.431
6490.000 0.508
6495.000 0.642
6500.000 0.857
6505.000 1.243
6510.000 2.056
6515.000 3.643
6520.000 6.104
6525.000 8.220
6530.000 7.587
6535.000 3.475
6540.000 1.287
6545.000 0.851
6550.000 0.673
6555.000 0.461
6560.000 0.375
6565.000 0.291
6570.000 0.247
6575.000 0.212
6580.000 0.187
6585.000 0.167
6590.000 0.159
6595.000 0.147
6600.000 0.136
6605.000 0.130
6610.000 0.123
6615.000 0.118
6620.000 0.113
6625.000 0.111
6630.000 0.107
6635.000 0.106
6640.000 0.103
6645.000 0.102
6650.000 0.100
6655.000 0.099
6660.000 0.097
6665.000 0.096
6670.000 0.097
6675.000 0.096
6680.000 0.095
6685.000 0.094
6690.000 0.094
6695.000 0.094
6700.000 0.098
6705.000 0.096
6710.000 0.096
6715.000 0.095
6720.000 0.095
6725.000 0.094
6730.000 0.093
6735.000 0.094
6740.000 0.093
6745.000 0.093
6750.000 0.092
6755.000 0.093
6760.000 0.092
6765.000 0.093
6770.000 0.092
6775.000 0.092
6780.000 0.091
6785.000 0.091
6790.000 0.091
6795.000 0.091
6800.000 0.092
6805.000 0.092
6810.000 0.091
6815.000 0.092
6820.000 0.092
6825.000 0.091
6830.000 0.092
6835.000 0.092
6840.000 0.092
6845.000 0.092
6850.000 0.091
6855.000 0.091
6860.000 0.093
6865.000 0.091
6870.000 0.093
6875.000 0.093
6880.000 0.093
6885.000 0.093
6890.000 0.093
6895.000 0.094
6900.000 0.093
6905.000 0.094
6910.000 0.093
6915.000 0.093
6920.000 0.093
6925.000 0.092
6930.000 0.091
6935.000 0.093
6940.000 0.092
6945.000 0.093
6950.000 0.091
6955.000 0.093
6960.000 0.091
6965.000 0.092
6970.000 0.091
6975.000 0.090
6980.000 0.090
6985.000 0.092
6990.000 0.091
6995.000 0.091
7000.000 0.093
7005.000 0.091
7010.000 0.090
7015.000 0.091
7020.000 0.090
7025.000 0.090
7030.000 0.091
7035.000 0.091
7040.000 0.089
7045.000 0.090
7050.000 0.091
7055.000 0.092
7060.000 0.092
7065.000 0.088
7070.000 0.091
7075.000 0.090
7080.000 0.089
7085.000 0.089
7090.000 0.090
7095.000 0.091
7100.000 0.090
7105.000 0.089
7110.000 0.090
7115.000 0.089
7120.000 0.089
7125.000 0.088
7130.000 0.087
7135.000 0.088
7140.000 0.089
7145.000 0.088
7150.000 0.088
7155.000 0.088
7160.000 0.087
7165.000 0.088
7170.000 0.088
7175.000 0.088
7180.000 0.089
7185.000 0.087
7190.000 0.088
7195.000 0.088
7200.000 0.087
7205.000 0.088
7210.000 0.088
7215.000 0.089
7220.000 0.089
7225.000 0.090
7230.000 0.091
7235.000 0.090
7240.000 0.091
7245.000 0.092
7250.000 0.093
7255.000 0.095
7260.000 0.095
7265.000 0.096
7270.000 0.099
7275.000 0.100
7280.000 0.104
7285.000 0.107
7290.000 0.111
7295.000 0.115
7300.000 0.120
7305.000 0.127
7310.000 0.136
7315.000 0.146
7320.000 0.153
7325.000 0.175
7330.000 0.183
7335.000 0.222
7340.000 0.238
7345.000 0.284
7350.000 0.354
7355.000 0.447
7360.000 0.604
7365.000 0.754
7370.000 1.021
7375.000 1.399
7380.000 1.904
7385.000 2.563
7390.000 2.930
7395.000 3.548
7400.000 3.402
7405.000 2.628
7410.000 1.885
7415.000 1.361
7420.000 0.929
7425.000 0.617
7430.000 0.544
7435.000 0.485
7440.000 0.440
7445.000 0.419
7450.000 0.389
7455.000 0.367
7460.000 0.348
7465.000 0.335
7470.000 0.321
7475.000 0.312
7480.000 0.302
7485.000 0.293
7490.000 0.285
7495.000 0.277
7500.000 0.276
7505.000 0.269
7510.000 0.260
7515.000 0.257
7520.000 0.250
7525.000 0.246
7530.000 0.240
7535.000 0.236
7540.000 0.232
7545.000 0.227
7550.000 0.225
7555.000 0.223
7560.000 0.218
7565.000 0.218
7570.000 0.217
7575.000 0.218
7580.000 0.219
7585.000 0.217
7590.000 0.212
7595.000 0.209
7600.000 0.207
7605.000 0.203
7610.000 0.202
7615.000 0.201
7620.000 0.200
7625.000 0.199
7630.000 0.200
7635.000 0.198
7640.000 0.198
7645.000 0.197
7650.000 0.196
7655.000 0.199
7660.000 0.196
7665.000 0.197
7670.000 0.196
7675.000 0.197
7680.000 0.198
7685.000 0.197
7690.000 0.197
7695.000 0.197
7700.000 0.198
7705.000 0.197
7710.000 0.200
7715.000 0.200
7720.000 0.200
7725.000 0.202
7730.000 0.201
7735.000 0.202
7740.000 0.203
7745.000 0.204
7750.000 0.206
7755.000 0.205
7760.000 0.207
7765.000 0.208
7770.000 0.209
7775.000 0.210
7780.000 0.210
7785.000 0.212
7790.000 0.212
7795.000 0.215
7800.000 0.215
7805.000 0.218
7810.000 0.218
7815.000 0.221
7820.000 0.222
7825.000 0.225
7830.000 0.227
7835.000 0.228
7840.000 0.229
7845.000 0.233
7850.000 0.235
7855.000 0.239
7860.000 0.241
7865.000 0.246
7870.000 0.246
7875.000 0.251
7880.000 0.255
7885.000 0.259
7890.000 0.265
7895.000 0.274
7900.000 0.282
7905.000 0.284
7910.000 0.296
7915.000 0.305
7920.000 0.315
7925.000 0.331
7930.000 0.347
7935.000 0.364
7940.000 0.377
7945.000 0.399
7950.000 0.426
7955.000 0.466
7960.000 0.516
7965.000 0.588
7970.000 0.700
7975.000 0.888
7980.000 1.232
7985.000 1.915
7990.000 2.435
7995.000 5.044
8000.000 6.010
8005.000 6.254
8010.000 3.749
8015.000 1.311
8020.000 0.842
8025.000 0.718
8030.000 0.485
8035.000 0.367
8040.000 0.288
8045.000 0.231
8050.000 0.207
8055.000 0.175
8060.000 0.149
8065.000 0.122
8070.000 0.115
8075.000 0.102
8080.000 0.092
8085.000 0.086
8090.000 0.081
8095.000 0.075
8100.000 0.073
8105.000 0.069
8110.000 0.068
8115.000 0.066
8120.000 0.066
8125.000 0.064
8130.000 0.064
8135.000 0.063
8140.000 0.063
8145.000 0.063
8150.000 0.063
8155.000 0.063
8160.000 0.064
8165.000 0.064
8170.000 0.064
8175.000 0.065
8180.000 0.066
8185.000 0.066
8190.000 0.067
8195.000 0.067
8200.000 0.067
8205.000 0.068
8210.000 0.068
8215.000 0.069
8220.000 0.070
8225.000 0.069
8230.000 0.069
8235.000 0.074
8240.000 0.074
8245.000 0.074
8250.000 0.075
8255.000 0.074
8260.000 0.075
8265.000 0.075
8270.000 0.074
8275.000 0.075
8280.000 0.075
8285.000 0.075
8290.000 0.076
8295.000 0.076
8300.000 0.076
8305.000 0.077
8310.000 0.078
8315.000 0.077
8320.000 0.077
8325.000 0.079
8330.000 0.079
8335.000 0.080
8340.000 0.082
8345.000 0.082
8350.000 0.082
8355.000 0.083
8360.000 0.084
8365.000 0.085
8370.000 0.086
8375.000 0.086
8380.000 0.088
8385.000 0.090
8390.000 0.090
8395.000 0.092
8400.000 0.094
8405.000 0.096
8410.000 0.098
8415.000 0.102
8420.000 0.103
8425.000 0.109
8430.000 0.113
8435.000 0.121
8440.000 0.131
8445.000 0.145
8450.000 0.168
8455.000 0.203
8460.000 0.259
8465.000 0.382
8470.000 0.752
8475.000 1.155
8480.000 2.297
8485.000 2.693
8490.000 1.185
8495.000 0.742
8500.000 0.354
8505.000 0.230
8510.000 0.181
8515.000 0.155
8520.000 0.139
8525.000 0.126
8530.000 0.119
8535.000 0.120
8540.000 0.121
8545.000 0.128
8550.000 0.140
8555.000 0.158
8560.000 0.185
8565.000 0.229
8570.000 0.319
8575.000 0.449
8580.000 0.564
8585.000 0.576
8590.000 0.489
8595.000 0.392
8600.000 0.352
8605.000 0.289
8610.000 0.250
8615.000 0.239
8620.000 0.261
8625.000 0.282
8630.000 0.248
8635.000 0.224
8640.000 0.207
8645.000 0.194
8650.000 0.185
8655.000 0.176
8660.000 0.170
8665.000 0.167
8670.000 0.161
8675.000 0.157
8680.000 0.154
8685.000 0.151
8690.000 0.148
8695.000 0.145
8700.000 0.143
8705.000 0.142
8710.000 0.140
8715.000 0.139
8720.000 0.136
8725.000 0.136
8730.000 0.136
8735.000 0.134
8740.000 0.133
8745.000 0.133
8750.000 0.132
8755.000 0.132
8760.000 0.131
8765.000 0.130
8770.000 0.129
8775.000 0.129
8780.000 0.129
8785.000 0.129
8790.000 0.129
8795.000 0.126
8800.000 0.127
8805.000 0.126
8810.000 0.126
8815.000 0.126
8820.000 0.128
8825.000 0.130
8830.000 0.132
8835.000 0.121
8840.000 0.123
8845.000 0.129
8850.000 0.126
8855.000 0.128
8860.000 0.126
8865.000 0.125
8870.000 0.125
8875.000 0.125
8880.000 0.123
8885.000 0.122
8890.000 0.123
8895.000 0.124
8900.000 0.123
8905.000 0.123
8910.000 0.121
8915.000 0.122
8920.000 0.121
8925.000 0.120
8930.000 0.120
8935.000 0.119
8940.000 0.119
8945.000 0.119
8950.000 0.119
8955.000 0.118
8960.000 0.120
8965.000 0.120
8970.000 0.117
8975.000 0.119
8980.000 0.119
8985.000 0.116
8990.000 0.118
8995.000 0.118
9000.000 0.117
9005.000 0.117
9010.000 0.116
9015.000 0.116
9020.000 0.118
9025.000 0.116
9030.000 0.116
9035.000 0.118
9040.000 0.117
9045.000 0.116
9050.000 0.114
9055.000 0.115
9060.000 0.114
9065.000 0.116
9070.000 0.113
9075.000 0.113
9080.000 0.114
9085.000 0.112
9090.000 0.113
9095.000 0.112
9100.000 0.113
9105.000 0.112
9110.000 0.112
9115.000 0.112
9120.000 0.111
9125.000 0.110
9130.000 0.110
9135.000 0.111
9140.000 0.109
9145.000 0.108
9150.000 0.108
9155.000 0.108
9160.000 0.107
9165.000 0.105
9170.000 0.105
9175.000 0.104
9180.000 0.103
9185.000 0.101
9190.000 0.102
9195.000 0.102
9200.000 0.100
9205.000 0.098
9210.000 0.099
9215.000 0.098
9220.000 0.098
9225.000 0.096
9230.000 0.094
9235.000 0.093
9240.000 0.090
9245.000 0.089
9250.000 0.087
9255.000 0.085
9260.000 0.082
9265.000 0.081
9270.000 0.079
9275.000 0.076
9280.000 0.074
9285.000 0.070
9290.000 0.068
9295.000 0.064
9300.000 0.061
9305.000 0.057
9310.000 0.053
9315.000 0.048
9320.000 0.043
9325.000 0.039
9330.000 0.035
9335.000 0.032
9340.000 0.031
9345.000 0.033
9350.000 0.039
9355.000 0.052
9360.000 0.069
9365.000 0.096
9370.000 0.136
9375.000 0.203
9380.000 0.330
9385.000 0.535
9390.000 0.843
9395.000 1.034
9400.000 1.549
9405.000 2.406
9410.000 3.785
9415.000 5.060
9420.000 3.695
9425.000 2.790
9430.000 1.355
9435.000 1.329
9440.000 1.050
9445.000 0.856
9450.000 0.785
9455.000 0.667
9460.000 0.576
9465.000 0.509
9470.000 0.458
9475.000 0.419
9480.000 0.393
9485.000 0.377
9490.000 0.363
9495.000 0.354
9500.000 0.346
9505.000 0.337
9510.000 0.332
9515.000 0.327
9520.000 0.321
9525.000 0.318
9530.000 0.316
9535.000 0.312
9540.000 0.312
9545.000 0.311
9550.000 0.309
9555.000 0.310
9560.000 0.311
9565.000 0.312
9570.000 0.314
9575.000 0.317
9580.000 0.316
9585.000 0.319
9590.000 0.323
9595.000 0.327
9600.000 0.329
9605.000 0.334
9610.000 0.336
9615.000 0.346
9620.000 0.351
9625.000 0.355
9630.000 0.361
9635.000 0.374
9640.000 0.377
9645.000 0.386
9650.000 0.393
9655.000 0.404
9660.000 0.420
9665.000 0.429
9670.000 0.442
9675.000 0.458
9680.000 0.478
9685.000 0.500
9690.000 0.512
9695.000 0.560
9700.000 0.577
9705.000 0.641
9710.000 0.665
9715.000 0.729
9720.000 0.819
9725.000 0.935
9730.000 1.089
9735.000 1.274
9740.000 1.451
9745.000 1.524
9750.000 1.394
9755.000 1.273
9760.000 0.992
9765.000 0.638
9770.000 0.552
9775.000 0.424
9780.000 0.332
9785.000 0.267
9790.000 0.238
9795.000 0.246
9800.000 0.321
9805.000 0.491
9810.000 0.619
9815.000 0.624
9820.000 0.521
9825.000 0.361
9830.000 0.321
9835.000 0.238
9840.000 0.217
9845.000 0.186
9855.000 0.143
9860.000 0.112
9865.000 0.103
9870.000 0.090
9875.000 0.084
9880.000 0.077
9885.000 0.066
9890.000 0.059
9895.000 0.053
9900.000 0.047
9905.000 0.043
9910.000 0.039
9915.000 0.036
9920.000 0.033
9925.000 0.030
9930.000 0.029
9935.000 0.027
9940.000 0.026
9945.000 0.024
9950.000 0.024
9955.000 0.023
9960.000 0.022
9965.000 0.020
9970.000 0.020
9975.000 0.019
9980.000 0.020
9985.000 0.019
9990.000 0.020
9995.000 0.017
10000.000 0.018
10005.000 0.017
10010.000 0.017
10015.000 0.015
10020.000 0.017
10025.000 0.016
10030.000 0.018
10035.000 0.017
10040.000 0.019
10045.000 0.023
10050.000 0.029
10055.000 0.032
10060.000 0.039
10065.000 0.050
10070.000 0.067
10075.000 0.095
10080.000 0.142
10085.000 0.249
10090.000 0.516
10095.000 1.003
10100.000 1.692
10105.000 2.053
10110.000 1.187
10115.000 1.486
10120.000 0.735
10125.000 0.633
10130.000 0.439
10135.000 0.356
10140.000 0.287
10145.000 0.242
10150.000 0.211
10155.000 0.189
10160.000 0.173
10165.000 0.164
10170.000 0.156
10175.000 0.153
10180.000 0.146
10185.000 0.142
10190.000 0.138
10195.000 0.135
10200.000 0.133
10205.000 0.131
10210.000 0.128
10215.000 0.125
10220.000 0.124
10225.000 0.123
10230.000 0.121
10235.000 0.121
10240.000 0.121
10245.000 0.120
10250.000 0.117
10255.000 0.119
10260.000 0.118
10265.000 0.117
10270.000 0.117
10275.000 0.116
10280.000 0.115
10285.000 0.115
10290.000 0.115
10295.000 0.115
10300.000 0.113
10305.000 0.113
10310.000 0.112
10315.000 0.112
10320.000 0.112
10325.000 0.111
10330.000 0.112
10335.000 0.112
10340.000 0.109
10345.000 0.110
10350.000 0.109
10355.000 0.107
10360.000 0.109
10365.000 0.108
10370.000 0.109
10375.000 0.108
10380.000 0.107
10385.000 0.107
10390.000 0.110
10395.000 0.106
10400.000 0.107
10405.000 0.107
10410.000 0.108
10415.000 0.106
10420.000 0.108
10425.000 0.111
10430.000 0.113
10435.000 0.110
10440.000 0.108
10445.000 0.106
10450.000 0.104
10455.000 0.104
10460.000 0.103
10465.000 0.103
10470.000 0.102
10475.000 0.102
10480.000 0.102
10485.000 0.101
10490.000 0.101
10495.000 0.100
10500.000 0.100
10505.000 0.100
10510.000 0.099
10515.000 0.098
10520.000 0.099
10525.000 0.099
10530.000 0.098
10535.000 0.098
10540.000 0.097
10545.000 0.096
10550.000 0.096
10555.000 0.096
10560.000 0.095
10565.000 0.095
10570.000 0.096
10575.000 0.094
10580.000 0.093
10585.000 0.094
10590.000 0.093
10595.000 0.094
10600.000 0.094
10605.000 0.095
10610.000 0.094
10615.000 0.094
10620.000 0.093
10625.000 0.091
10630.000 0.094
10635.000 0.093
10640.000 0.091
10645.000 0.092
10650.000 0.091
10655.000 0.092
10660.000 0.091
10665.000 0.093
10670.000 0.092
10675.000 0.092
10680.000 0.093
10685.000 0.093
10690.000 0.095
10695.000 0.096
10700.000 0.100
10705.000 0.100
10710.000 0.104
10715.000 0.106
10720.000 0.114
10725.000 0.118
10730.000 0.124
10735.000 0.131
10740.000 0.143
10745.000 0.163
10750.000 0.195
10755.000 0.244
10760.000 0.337
10765.000 0.480
10770.000 0.678
10775.000 0.833
10780.000 0.755
10785.000 0.636
10790.000 0.426
10795.000 0.309
10800.000 0.261
10805.000 0.164
10810.000 0.115
10815.000 0.220
10820.000 0.229
10825.000 0.236
10830.000 0.251
10835.000 0.266
10840.000 0.286
10845.000 0.314
10850.000 0.327
10855.000 0.370
10860.000 0.418
10865.000 0.481
10870.000 0.563
10875.000 0.662
10880.000 0.795
10885.000 0.966
10890.000 1.172
10895.000 1.417
10900.000 1.692
10905.000 1.966
10910.000 2.077
10915.000 2.211
10920.000 2.162
10925.000 1.938
10930.000 1.634
10935.000 1.335
10940.000 1.083
10945.000 0.891
10950.000 0.734
10955.000 0.632
10960.000 0.565
10965.000 0.543
10970.000 0.512
10975.000 0.502
10980.000 0.520
10985.000 0.557
10990.000 0.590
10995.000 0.597
11000.000 0.572
11005.000 0.540
11010.000 0.510
11015.000 0.480
11020.000 0.460
11025.000 0.445
11030.000 0.433
11035.000 0.409
11040.000 0.428
11045.000 0.402
11050.000 0.377
11055.000 0.363
11060.000 0.348
11065.000 0.339
11070.000 0.333
11075.000 0.325
11080.000 0.318
11085.000 0.313
11090.000 0.309
11095.000 0.306
11100.000 0.300
11105.000 0.293
11110.000 0.290
11115.000 0.286
11120.000 0.282
11125.000 0.280
11130.000 0.275
11135.000 0.273
11140.000 0.270
11145.000 0.268
11150.000 0.265
11155.000 0.262
11160.000 0.261
11165.000 0.257
11170.000 0.257
11175.000 0.255
11180.000 0.252
11185.000 0.250
11190.000 0.247
11195.000 0.246
11200.000 0.245
11205.000 0.244
11210.000 0.245
11215.000 0.239
11220.000 0.239
11225.000 0.240
11230.000 0.239
11235.000 0.238
11240.000 0.237
11245.000 0.235
11250.000 0.234
11255.000 0.234
11260.000 0.231
11265.000 0.234
11270.000 0.231
11275.000 0.232
11280.000 0.227
11285.000 0.229
11290.000 0.230
11295.000 0.230
11300.000 0.228
11305.000 0.225
11310.000 0.227
11315.000 0.226
11320.000 0.227
11325.000 0.226
11330.000 0.225
11335.000 0.226
11340.000 0.225
11345.000 0.225
11350.000 0.226
11355.000 0.226
11360.000 0.225
11365.000 0.226
11370.000 0.225
11375.000 0.225
11380.000 0.227
11385.000 0.226
11390.000 0.226
11395.000 0.224
11400.000 0.223
11405.000 0.226
11410.000 0.225
11415.000 0.225
11420.000 0.225
11425.000 0.227
11430.000 0.225
11435.000 0.229
11440.000 0.227
11445.000 0.229
11450.000 0.230
11455.000 0.233
11460.000 0.232
11465.000 0.233
11470.000 0.232
11475.000 0.237
11480.000 0.239
11485.000 0.240
11490.000 0.239
11495.000 0.239
11500.000 0.241
11505.000 0.242
11510.000 0.247
11515.000 0.247
11520.000 0.249
11525.000 0.252
11530.000 0.255
11535.000 0.258
11540.000 0.261
11545.000 0.265
11550.000 0.268
11555.000 0.273
11560.000 0.279
11565.000 0.287
11570.000 0.293
11575.000 0.300
11580.000 0.305
11585.000 0.315
11590.000 0.329
11595.000 0.344
11600.000 0.363
11605.000 0.388
11610.000 0.419
11615.000 0.471
11620.000 0.552
11625.000 0.706
11630.000 0.973
11635.000 1.159
11640.000 1.475
11645.000 1.147
11650.000 0.518
11655.000 0.468
11660.000 0.199
11665.000 0.087
11670.000 0.041
11675.000 0.020
11680.000 0.033
11685.000 0.049
11690.000 0.062
11695.000 0.069
11700.000 0.078
11705.000 0.086
11710.000 0.095
11715.000 0.103
11720.000 0.114
11725.000 0.121
11730.000 0.130
11735.000 0.137
11740.000 0.145
11745.000 0.152
11750.000 0.161
11755.000 0.167
11760.000 0.172
11765.000 0.180
11770.000 0.185
11775.000 0.182
11780.000 0.183
11785.000 0.183
11790.000 0.182
11795.000 0.184
11800.000 0.190
11805.000 0.192
11810.000 0.195
11815.000 0.201
11820.000 0.202
11825.000 0.205
11830.000 0.210
11835.000 0.214
11840.000 0.217
11845.000 0.222
11850.000 0.227
11855.000 0.232
11860.000 0.237
11865.000 0.241
11870.000 0.248
11875.000 0.252
11880.000 0.257
11885.000 0.266
11890.000 0.274
11895.000 0.282
11900.000 0.293
11905.000 0.304
11910.000 0.313
11915.000 0.325
11920.000 0.343
11925.000 0.362
11930.000 0.386
11935.000 0.414
11940.000 0.435
11945.000 0.485
11950.000 0.564
11955.000 0.692
11960.000 0.847
11965.000 0.768
11970.000 0.251
11975.000 0.106
11980.000 0.193
11985.000 0.294
11990.000 0.404
11995.000 0.509
12000.000 0.554
