105.000 0.014
110.000 0.703
115.000 0.906
120.000 1.058
125.000 1.182
130.000 1.280
135.000 1.326
140.000 1.310
145.000 1.317
150.000 1.366
155.000 1.343
160.000 1.307
165.000 1.280
170.000 1.270
175.000 1.256
180.000 1.266
185.000 1.223
190.000 1.203
195.000 1.238
200.000 1.220
205.000 1.285
210.000 1.283
215.000 1.297
220.000 1.288
225.000 1.320
230.000 1.343
235.000 1.372
240.000 1.395
245.000 1.378
250.000 1.405
255.000 1.377
260.000 1.395
265.000 1.381
270.000 1.371
275.000 1.365
280.000 1.358
285.000 1.337
290.000 1.359
295.000 1.372
300.000 1.376
305.000 1.409
310.000 1.420
315.000 1.469
320.000 1.518
325.000 1.557
330.000 1.596
335.000 1.642
340.000 1.721
345.000 1.785
350.000 1.865
355.000 1.963
360.000 1.988
365.000 2.092
370.000 2.175
375.000 2.329
380.000 2.442
385.000 2.595
390.000 2.730
395.000 2.866
400.000 2.976
405.000 3.071
410.000 3.100
415.000 3.070
420.000 3.049
425.000 2.919
430.000 2.697
435.000 2.392
440.000 2.080
445.000 1.812
450.000 1.559
455.000 1.358
460.000 1.197
465.000 1.072
470.000 0.974
475.000 0.907
480.000 0.844
485.000 0.821
490.000 0.762
495.000 0.722
500.000 0.677
505.000 0.641
510.000 0.604
515.000 0.574
520.000 0.550
525.000 0.515
530.000 0.494
535.000 0.473
540.000 0.447
545.000 0.437
550.000 0.416
555.000 0.404
560.000 0.375
565.000 0.358
570.000 0.338
575.000 0.319
580.000 0.308
585.000 0.291
590.000 0.281
595.000 0.268
600.000 0.265
605.000 0.254
610.000 0.245
615.000 0.240
620.000 0.232
625.000 0.224
630.000 0.217
635.000 0.211
640.000 0.209
645.000 0.203
650.000 0.197
655.000 0.194
660.000 0.187
665.000 0.187
670.000 0.181
675.000 0.180
680.000 0.175
685.000 0.171
690.000 0.166
695.000 0.163
700.000 0.159
705.000 0.155
710.000 0.157
715.000 0.155
720.000 0.151
725.000 0.148
730.000 0.149
735.000 0.148
740.000 0.145
745.000 0.144
750.000 0.139
755.000 0.139
760.000 0.138
765.000 0.134
770.000 0.134
775.000 0.131
780.000 0.132
785.000 0.128
790.000 0.131
795.000 0.126
800.000 0.130
805.000 0.125
810.000 0.127
815.000 0.127
820.000 0.125
825.000 0.124
830.000 0.122
835.000 0.122
840.000 0.121
845.000 0.119
850.000 0.121
855.000 0.119
860.000 0.120
865.000 0.117
870.000 0.116
875.000 0.119
880.000 0.116
885.000 0.115
890.000 0.117
895.000 0.113
900.000 0.114
905.000 0.115
910.000 0.114
915.000 0.115
920.000 0.112
925.000 0.115
930.000 0.114
935.000 0.113
940.000 0.112
945.000 0.115
950.000 0.112
955.000 0.115
960.000 0.111
965.000 0.111
970.000 0.112
975.000 0.112
980.000 0.108
985.000 0.116
990.000 0.110
995.000 0.108
1000.000 0.115
1005.000 0.106
1010.000 0.106
1015.000 0.112
1020.000 0.106
1025.000 0.111
1030.000 0.107
1035.000 0.109
1040.000 0.112
1045.000 0.110
1050.000 0.108
1055.000 0.108
1060.000 0.109
1065.000 0.111
1070.000 0.111
1075.000 0.106
1080.000 0.111
1085.000 0.109
1090.000 0.110
1095.000 0.109
1100.000 0.110
1105.000 0.110
1110.000 0.112
1115.000 0.112
1120.000 0.114
1125.000 0.112
1130.000 0.112
1135.000 0.108
1140.000 0.111
1145.000 0.109
1150.000 0.108
1155.000 0.110
1160.000 0.110
1165.000 0.112
1170.000 0.109
1175.000 0.112
1180.000 0.111
1185.000 0.114
1190.000 0.113
1195.000 0.111
1200.000 0.113
1205.000 0.112
1210.000 0.112
1215.000 0.114
1220.000 0.114
1225.000 0.110
1230.000 0.112
1235.000 0.115
1240.000 0.116
1245.000 0.114
1250.000 0.116
1255.000 0.114
1260.000 0.117
1265.000 0.117
1270.000 0.116
1275.000 0.119
1280.000 0.119
1285.000 0.119
1290.000 0.118
1295.000 0.118
1300.000 0.119
1305.000 0.120
1310.000 0.119
1315.000 0.122
1320.000 0.124
1325.000 0.122
1330.000 0.120
1335.000 0.121
1340.000 0.123
1345.000 0.122
1350.000 0.126
1355.000 0.125
1360.000 0.126
1365.000 0.127
1370.000 0.128
1375.000 0.125
1380.000 0.128
1385.000 0.130
1390.000 0.131
1395.000 0.131
1400.000 0.130
1405.000 0.131
1410.000 0.131
1415.000 0.132
1420.000 0.133
1425.000 0.136
1430.000 0.136
1435.000 0.135
1440.000 0.136
1445.000 0.136
1450.000 0.134
1455.000 0.135
1460.000 0.135
1465.000 0.134
1470.000 0.134
1475.000 0.132
1480.000 0.132
1485.000 0.131
1490.000 0.133
1495.000 0.132
1500.000 0.135
1505.000 0.137
1510.000 0.139
1515.000 0.144
1520.000 0.145
1525.000 0.148
1530.000 0.153
1535.000 0.156
1540.000 0.159
1545.000 0.161
1550.000 0.168
1555.000 0.168
1560.000 0.171
1565.000 0.176
1570.000 0.178
1575.000 0.181
1580.000 0.186
1585.000 0.186
1590.000 0.192
1595.000 0.193
1600.000 0.198
1605.000 0.201
1610.000 0.207
1615.000 0.212
1620.000 0.214
1625.000 0.221
1630.000 0.227
1635.000 0.229
1640.000 0.233
1645.000 0.238
1650.000 0.243
1655.000 0.248
1660.000 0.255
1665.000 0.259
1670.000 0.267
1675.000 0.275
1680.000 0.279
1685.000 0.286
1690.000 0.293
1695.000 0.303
1700.000 0.306
1705.000 0.312
1710.000 0.321
1715.000 0.327
1720.000 0.335
1725.000 0.342
1730.000 0.351
1735.000 0.360
1740.000 0.370
1745.000 0.382
1750.000 0.391
1755.000 0.401
1760.000 0.410
1765.000 0.417
1770.000 0.426
1775.000 0.437
1780.000 0.446
1785.000 0.456
1790.000 0.466
1795.000 0.478
1800.000 0.486
1805.000 0.497
1810.000 0.506
1815.000 0.514
1820.000 0.520
1825.000 0.527
1830.000 0.535
1835.000 0.542
1840.000 0.545
1845.000 0.554
1850.000 0.564
1855.000 0.565
1860.000 0.571
1865.000 0.571
1870.000 0.574
1875.000 0.575
1880.000 0.574
1885.000 0.577
1890.000 0.577
1895.000 0.577
1900.000 0.580
1905.000 0.578
1910.000 0.580
1915.000 0.575
1920.000 0.573
1925.000 0.571
1930.000 0.570
1935.000 0.565
1940.000 0.564
1945.000 0.563
1950.000 0.561
1955.000 0.555
1960.000 0.550
1965.000 0.548
1970.000 0.554
1975.000 0.542
1980.000 0.544
1985.000 0.542
1990.000 0.539
1995.000 0.539
2000.000 0.529
2005.000 0.536
2010.000 0.535
2015.000 0.530
2020.000 0.529
2025.000 0.524
2030.000 0.526
2035.000 0.518
2040.000 0.524
2045.000 0.520
2050.000 0.521
2055.000 0.519
2060.000 0.520
2065.000 0.518
2070.000 0.522
2075.000 0.524
2080.000 0.525
2085.000 0.531
2090.000 0.530
2095.000 0.529
2100.000 0.533
2105.000 0.533
2110.000 0.543
2115.000 0.546
2120.000 0.550
2125.000 0.554
2130.000 0.560
2135.000 0.568
2140.000 0.571
2145.000 0.578
2150.000 0.589
2155.000 0.600
2160.000 0.604
2165.000 0.618
2170.000 0.636
2175.000 0.647
2180.000 0.665
2185.000 0.672
2190.000 0.693
2195.000 0.716
2200.000 0.738
2205.000 0.764
2210.000 0.793
2215.000 0.831
2220.000 0.868
2225.000 0.907
2230.000 0.962
2235.000 1.029
2240.000 1.106
2245.000 1.209
2250.000 1.282
2255.000 1.452
2260.000 1.717
2265.000 2.112
2270.000 2.767
2275.000 3.935
2280.000 5.910
2285.000 8.881
2290.000 12.212
2295.000 13.401
2300.000 13.187
2305.000 11.158
2310.000 5.326
2315.000 3.282
2320.000 2.216
2325.000 1.609
2330.000 1.232
2335.000 0.970
2340.000 0.784
2345.000 0.645
2350.000 0.540
2355.000 0.461
2360.000 0.398
2365.000 0.373
2370.000 0.328
2375.000 0.292
2380.000 0.261
2385.000 0.234
2390.000 0.212
2395.000 0.193
2400.000 0.177
2405.000 0.163
2410.000 0.150
2415.000 0.139
2420.000 0.130
2425.000 0.121
2430.000 0.117
2435.000 0.109
2440.000 0.102
2445.000 0.096
2450.000 0.092
2455.000 0.086
2460.000 0.082
2465.000 0.078
2470.000 0.074
2475.000 0.071
2480.000 0.068
2485.000 0.066
2490.000 0.065
2495.000 0.063
2500.000 0.062
2505.000 0.061
2510.000 0.060
2515.000 0.060
2520.000 0.060
2525.000 0.060
2530.000 0.058
2535.000 0.061
2540.000 0.060
2545.000 0.061
2550.000 0.061
2555.000 0.061
2560.000 0.062
2565.000 0.064
2570.000 0.065
2575.000 0.066
2580.000 0.067
2585.000 0.068
2590.000 0.070
2595.000 0.072
2600.000 0.074
2605.000 0.074
2610.000 0.076
2615.000 0.076
2620.000 0.077
2625.000 0.079
2630.000 0.082
2635.000 0.083
2640.000 0.084
2645.000 0.086
2650.000 0.088
2655.000 0.090
2660.000 0.092
2665.000 0.096
2670.000 0.097
2675.000 0.098
2680.000 0.101
2685.000 0.104
2690.000 0.104
2695.000 0.107
2700.000 0.110
2705.000 0.111
2710.000 0.115
2715.000 0.117
2720.000 0.119
2725.000 0.122
2730.000 0.125
2735.000 0.126
2740.000 0.129
2745.000 0.132
2750.000 0.135
2755.000 0.139
2760.000 0.143
2765.000 0.145
2770.000 0.148
2775.000 0.152
2780.000 0.155
2785.000 0.158
2790.000 0.161
2795.000 0.163
2800.000 0.166
2805.000 0.170
2810.000 0.172
2815.000 0.174
2820.000 0.177
2825.000 0.179
2830.000 0.182
2835.000 0.185
2840.000 0.188
2845.000 0.190
2850.000 0.193
2855.000 0.193
2860.000 0.196
2865.000 0.197
2870.000 0.198
2875.000 0.201
2880.000 0.202
2885.000 0.203
2890.000 0.207
2895.000 0.208
2900.000 0.209
2905.000 0.210
2910.000 0.212
2915.000 0.213
2920.000 0.213
2925.000 0.215
2930.000 0.217
2935.000 0.217
2940.000 0.218
2945.000 0.218
2950.000 0.218
2955.000 0.217
2960.000 0.219
2965.000 0.217
2970.000 0.222
2975.000 0.219
2980.000 0.219
2985.000 0.224
2990.000 0.221
2995.000 0.218
3000.000 0.223
3005.000 0.217
3010.000 0.216
3015.000 0.220
3020.000 0.217
3025.000 0.218
3030.000 0.217
3035.000 0.222
3040.000 0.222
3045.000 0.221
3050.000 0.218
3055.000 0.220
3060.000 0.218
3065.000 0.220
3070.000 0.220
3075.000 0.221
3080.000 0.225
3085.000 0.224
3090.000 0.226
3095.000 0.227
3100.000 0.227
3105.000 0.226
3110.000 0.227
3115.000 0.228
3120.000 0.229
3125.000 0.230
3130.000 0.231
3135.000 0.231
3140.000 0.231
3145.000 0.233
3150.000 0.233
3155.000 0.234
3160.000 0.236
3165.000 0.236
3170.000 0.236
3175.000 0.236
3180.000 0.237
3185.000 0.237
3190.000 0.237
3195.000 0.239
3200.000 0.239
3205.000 0.242
3210.000 0.242
3215.000 0.243
3220.000 0.244
3225.000 0.246
3230.000 0.246
3235.000 0.248
3240.000 0.250
3245.000 0.251
3250.000 0.251
3255.000 0.255
3260.000 0.257
3265.000 0.257
3270.000 0.258
3275.000 0.260
3280.000 0.263
3285.000 0.263
3290.000 0.266
3295.000 0.268
3300.000 0.270
3305.000 0.272
3310.000 0.275
3315.000 0.277
3320.000 0.280
3325.000 0.284
3330.000 0.286
3335.000 0.289
3340.000 0.291
3345.000 0.294
3350.000 0.297
3355.000 0.302
3360.000 0.308
3365.000 0.309
3370.000 0.314
3375.000 0.321
3380.000 0.323
3385.000 0.329
3390.000 0.334
3395.000 0.340
3400.000 0.343
3405.000 0.352
3410.000 0.359
3415.000 0.364
3420.000 0.372
3425.000 0.379
3430.000 0.388
3435.000 0.395
3440.000 0.408
3445.000 0.418
3450.000 0.428
3455.000 0.438
3460.000 0.448
3465.000 0.452
3470.000 0.464
3475.000 0.473
3480.000 0.483
3485.000 0.493
3490.000 0.506
3495.000 0.517
3500.000 0.531
3505.000 0.544
3510.000 0.561
3515.000 0.577
3520.000 0.595
3525.000 0.613
3530.000 0.622
3535.000 0.641
3540.000 0.669
3545.000 0.695
3550.000 0.719
3555.000 0.746
3560.000 0.782
3565.000 0.815
3570.000 0.856
3575.000 0.892
3580.000 0.937
3585.000 0.964
3590.000 1.019
3595.000 1.080
3600.000 1.149
3605.000 1.229
3610.000 1.326
3615.000 1.447
3620.000 1.604
3625.000 1.810
3630.000 2.092
3635.000 2.483
3640.000 3.053
3645.000 3.443
3650.000 4.534
3655.000 6.256
3660.000 8.834
3665.000 12.358
3670.000 16.617
3675.000 21.284
3680.000 24.299
3685.000 20.260
3690.000 11.431
3695.000 7.531
3700.000 5.174
3705.000 3.798
3710.000 3.321
3715.000 2.628
3720.000 2.150
3725.000 1.794
3730.000 1.527
3735.000 1.322
3740.000 1.162
3745.000 1.036
3750.000 0.933
3755.000 0.851
3760.000 0.782
3765.000 0.722
3770.000 0.694
3775.000 0.648
3780.000 0.607
3785.000 0.570
3790.000 0.540
3795.000 0.512
3800.000 0.488
3805.000 0.466
3810.000 0.447
3815.000 0.430
3820.000 0.414
3825.000 0.405
3830.000 0.393
3835.000 0.380
3840.000 0.368
3845.000 0.358
3850.000 0.347
3855.000 0.339
3860.000 0.329
3865.000 0.320
3870.000 0.313
3875.000 0.304
3880.000 0.299
3885.000 0.291
3890.000 0.288
3895.000 0.283
3900.000 0.277
3905.000 0.271
3910.000 0.266
3915.000 0.262
3920.000 0.257
3925.000 0.252
3930.000 0.247
3935.000 0.245
3940.000 0.240
3945.000 0.237
3950.000 0.234
3955.000 0.232
3960.000 0.227
3965.000 0.224
3970.000 0.224
3975.000 0.220
3980.000 0.218
3985.000 0.213
3990.000 0.212
3995.000 0.210
4000.000 0.203
4005.000 0.206
4010.000 0.203
4015.000 0.200
4020.000 0.199
4025.000 0.193
4030.000 0.194
4035.000 0.191
4040.000 0.190
4045.000 0.187
4050.000 0.185
4055.000 0.183
4060.000 0.181
4065.000 0.181
4070.000 0.181
4075.000 0.180
4080.000 0.177
4085.000 0.176
4090.000 0.174
4095.000 0.173
4100.000 0.172
4105.000 0.171
4110.000 0.170
4115.000 0.168
4120.000 0.166
4125.000 0.165
4130.000 0.164
4135.000 0.164
4140.000 0.163
4145.000 0.161
4150.000 0.161
4155.000 0.164
4160.000 0.165
4165.000 0.163
4170.000 0.161
4175.000 0.160
4180.000 0.158
4185.000 0.154
4190.000 0.153
4195.000 0.151
4200.000 0.150
4205.000 0.147
4210.000 0.147
4215.000 0.145
4220.000 0.143
4225.000 0.142
4230.000 0.140
4235.000 0.140
4240.000 0.138
4245.000 0.136
4250.000 0.136
4255.000 0.135
4260.000 0.133
4265.000 0.132
4270.000 0.130
4275.000 0.129
4280.000 0.127
4285.000 0.127
4290.000 0.126
4295.000 0.126
4300.000 0.125
4305.000 0.125
4310.000 0.125
4315.000 0.125
4320.000 0.125
4325.000 0.125
4330.000 0.126
4335.000 0.127
4340.000 0.128
4345.000 0.127
4350.000 0.129
4355.000 0.129
4360.000 0.131
4365.000 0.131
4370.000 0.131
4375.000 0.131
4380.000 0.133
4385.000 0.132
4390.000 0.133
4395.000 0.133
4400.000 0.134
4405.000 0.135
4410.000 0.135
4415.000 0.135
4420.000 0.136
4425.000 0.136
4430.000 0.138
4435.000 0.138
4440.000 0.138
4445.000 0.138
4450.000 0.139
4455.000 0.139
4460.000 0.140
4465.000 0.140
4470.000 0.141
4475.000 0.141
4480.000 0.142
4485.000 0.142
4490.000 0.143
4495.000 0.143
4500.000 0.143
4505.000 0.144
4510.000 0.145
4515.000 0.145
4520.000 0.146
4525.000 0.147
4530.000 0.147
4535.000 0.149
4540.000 0.149
4545.000 0.149
4550.000 0.151
4555.000 0.151
4560.000 0.151
4565.000 0.153
4570.000 0.154
4575.000 0.154
4580.000 0.155
4585.000 0.156
4590.000 0.159
4595.000 0.158
4600.000 0.160
4605.000 0.161
4610.000 0.162
4615.000 0.164
4620.000 0.165
4625.000 0.166
4630.000 0.168
4635.000 0.170
4640.000 0.172
4645.000 0.173
4650.000 0.175
4655.000 0.177
4660.000 0.178
4665.000 0.181
4670.000 0.182
4675.000 0.186
4680.000 0.186
4685.000 0.188
4690.000 0.191
4695.000 0.194
4700.000 0.197
4705.000 0.200
4710.000 0.203
4715.000 0.208
4720.000 0.211
4725.000 0.215
4730.000 0.219
4735.000 0.224
4740.000 0.228
4745.000 0.231
4750.000 0.238
4755.000 0.242
4760.000 0.251
4765.000 0.256
4770.000 0.264
4775.000 0.273
4780.000 0.282
4785.000 0.293
4790.000 0.305
4795.000 0.318
4800.000 0.325
4805.000 0.340
4810.000 0.357
4815.000 0.376
4820.000 0.400
4825.000 0.418
4830.000 0.435
4835.000 0.451
4840.000 0.468
4845.000 0.487
4850.000 0.510
4855.000 0.536
4860.000 0.551
4865.000 0.580
4870.000 0.613
4875.000 0.650
4880.000 0.694
4885.000 0.746
4890.000 0.808
4895.000 0.881
4900.000 0.980
4905.000 1.105
4910.000 1.303
4915.000 1.520
4920.000 1.776
4925.000 1.914
4930.000 2.166
4935.000 2.557
4940.000 7.431
4945.000 13.148
4950.000 13.138
4955.000 14.903
4960.000 13.960
4965.000 8.727
4970.000 5.660
4975.000 3.846
4980.000 2.735
4985.000 2.366
4990.000 1.841
4995.000 1.490
5000.000 1.237
5005.000 1.058
5010.000 0.914
5015.000 0.810
5020.000 0.713
5025.000 0.639
5030.000 0.585
5035.000 0.538
5040.000 0.520
5045.000 0.482
5050.000 0.451
5055.000 0.425
5060.000 0.402
5065.000 0.383
5070.000 0.364
5075.000 0.349
5080.000 0.337
5085.000 0.324
5090.000 0.314
5095.000 0.304
5100.000 0.295
5105.000 0.291
5110.000 0.283
5115.000 0.276
5120.000 0.270
5125.000 0.264
5130.000 0.260
5135.000 0.255
5140.000 0.251
5145.000 0.247
5150.000 0.243
5155.000 0.240
5160.000 0.237
5165.000 0.236
5170.000 0.233
5175.000 0.230
5180.000 0.228
5185.000 0.226
5190.000 0.225
5195.000 0.222
5200.000 0.221
5205.000 0.220
5210.000 0.218
5215.000 0.217
5220.000 0.217
5225.000 0.216
5230.000 0.215
5235.000 0.215
5240.000 0.213
5245.000 0.213
5250.000 0.213
5255.000 0.213
5260.000 0.212
5265.000 0.211
5270.000 0.212
5275.000 0.212
5280.000 0.212
5285.000 0.211
5290.000 0.212
5295.000 0.212
5300.000 0.212
5305.000 0.211
5310.000 0.211
5315.000 0.212
5320.000 0.212
5325.000 0.213
5330.000 0.213
5335.000 0.213
5340.000 0.211
5345.000 0.213
5350.000 0.212
5355.000 0.213
5360.000 0.213
5365.000 0.213
5370.000 0.212
5375.000 0.212
5380.000 0.214
5385.000 0.212
5390.000 0.213
5395.000 0.213
5400.000 0.213
5405.000 0.213
5410.000 0.212
5415.000 0.212
5420.000 0.213
5425.000 0.213
5430.000 0.213
5435.000 0.213
5440.000 0.212
5445.000 0.213
5450.000 0.213
5455.000 0.214
5460.000 0.214
5465.000 0.215
5470.000 0.213
5475.000 0.214
5480.000 0.214
5485.000 0.214
5490.000 0.213
5495.000 0.214
5500.000 0.213
5505.000 0.213
5510.000 0.213
5515.000 0.214
5520.000 0.214
5525.000 0.215
5530.000 0.216
5535.000 0.215
5540.000 0.215
5545.000 0.215
5550.000 0.214
5555.000 0.214
5560.000 0.215
5565.000 0.215
5570.000 0.213
5575.000 0.215
5580.000 0.215
5585.000 0.215
5590.000 0.216
5595.000 0.216
5600.000 0.216
5605.000 0.216
5610.000 0.219
5615.000 0.219
5620.000 0.219
5625.000 0.219
5630.000 0.219
5635.000 0.219
5640.000 0.221
5645.000 0.221
5650.000 0.222
5655.000 0.223
5660.000 0.223
5665.000 0.225
5670.000 0.225
5675.000 0.226
5680.000 0.227
5685.000 0.228
5690.000 0.229
5695.000 0.230
5700.000 0.230
5705.000 0.233
5710.000 0.233
5715.000 0.235
5720.000 0.235
5725.000 0.238
5730.000 0.239
5735.000 0.241
5740.000 0.241
5745.000 0.244
5750.000 0.245
5755.000 0.247
5760.000 0.248
5765.000 0.252
5770.000 0.252
5775.000 0.255
5780.000 0.257
5785.000 0.259
5790.000 0.262
5795.000 0.265
5800.000 0.267
5805.000 0.271
5810.000 0.274
5815.000 0.276
5820.000 0.282
5825.000 0.284
5830.000 0.287
5835.000 0.289
5840.000 0.294
5845.000 0.300
5850.000 0.305
5855.000 0.309
5860.000 0.313
5865.000 0.319
5870.000 0.325
5875.000 0.332
5880.000 0.339
5885.000 0.345
5890.000 0.353
5895.000 0.357
5900.000 0.363
5905.000 0.373
5910.000 0.383
5915.000 0.393
5920.000 0.405
5925.000 0.411
5930.000 0.418
5935.000 0.426
5940.000 0.432
5945.000 0.439
5950.000 0.446
5955.000 0.454
5960.000 0.456
5965.000 0.462
5970.000 0.477
5975.000 0.479
5980.000 0.491
5985.000 0.503
5990.000 0.511
5995.000 0.524
6000.000 0.540
6005.000 0.546
6010.000 0.562
6015.000 0.574
6020.000 0.584
6025.000 0.604
6030.000 0.621
6035.000 0.637
6040.000 0.653
6045.000 0.677
6050.000 0.700
6055.000 0.724
6060.000 0.746
6065.000 0.769
6070.000 0.799
6075.000 0.818
6080.000 0.849
6085.000 0.885
6090.000 0.927
6095.000 0.970
6100.000 1.017
6105.000 1.076
6110.000 1.141
6115.000 1.213
6120.000 1.300
6125.000 1.402
6130.000 1.530
6135.000 1.695
6140.000 1.797
6145.000 2.056
6150.000 2.412
6155.000 2.934
6160.000 3.725
6165.000 4.930
6170.000 6.753
6175.000 9.313
6180.000 12.411
6185.000 15.326
6190.000 16.216
6195.000 12.756
6200.000 8.435
6205.000 6.793
6210.000 4.553
6215.000 3.393
6220.000 2.648
6225.000 2.171
6230.000 1.854
6235.000 1.644
6240.000 1.521
6245.000 1.445
6250.000 1.370
6255.000 1.268
6260.000 1.167
6265.000 1.112
6270.000 1.028
6275.000 0.950
6280.000 0.885
6285.000 0.822
6290.000 0.765
6295.000 0.718
6300.000 0.669
6305.000 0.634
6310.000 0.599
6315.000 0.570
6320.000 0.557
6325.000 0.535
6330.000 0.513
6335.000 0.495
6340.000 0.477
6345.000 0.463
6350.000 0.449
6355.000 0.437
6360.000 0.424
6365.000 0.415
6370.000 0.405
6375.000 0.397
6380.000 0.391
6385.000 0.387
6390.000 0.380
6395.000 0.376
6400.000 0.370
6405.000 0.368
6410.000 0.366
6415.000 0.362
6420.000 0.360
6425.000 0.360
6430.000 0.361
6435.000 0.362
6440.000 0.366
6445.000 0.367
6450.000 0.372
6455.000 0.380
6460.000 0.389
6465.000 0.402
6470.000 0.419
6475.000 0.440
6480.000 0.470
6485.000 0.513
6490.000 0.575
6495.000 0.666
6500.000 0.823
6505.000 1.163
6510.000 1.543
6515.000 3.074
6520.000 5.857
6525.000 8.548
6530.000 6.528
6535.000 2.492
6540.000 0.936
6545.000 0.516
6550.000 0.473
6555.000 0.316
6560.000 0.219
6565.000 0.201
6570.000 0.160
6575.000 0.135
6580.000 0.119
6585.000 0.108
6590.000 0.100
6595.000 0.095
6600.000 0.092
6605.000 0.089
6610.000 0.089
6615.000 0.088
6620.000 0.088
6625.000 0.089
6630.000 0.089
6635.000 0.090
6640.000 0.089
6645.000 0.090
6650.000 0.091
6655.000 0.093
6660.000 0.092
6665.000 0.092
6670.000 0.094
6675.000 0.094
6680.000 0.094
6685.000 0.095
6690.000 0.095
6695.000 0.095
6700.000 0.095
6705.000 0.096
6710.000 0.097
6715.000 0.096
6720.000 0.097
6725.000 0.098
6730.000 0.099
6735.000 0.098
6740.000 0.098
6745.000 0.099
6750.000 0.099
6755.000 0.100
6760.000 0.101
6765.000 0.100
6770.000 0.101
6775.000 0.101
6780.000 0.102
6785.000 0.102
6790.000 0.101
6795.000 0.103
6800.000 0.104
6805.000 0.103
6810.000 0.103
6815.000 0.103
6820.000 0.105
6825.000 0.105
6830.000 0.104
6835.000 0.106
6840.000 0.105
6845.000 0.106
6850.000 0.106
6855.000 0.107
6860.000 0.107
6865.000 0.107
6870.000 0.108
6875.000 0.109
6880.000 0.109
6885.000 0.110
6890.000 0.110
6895.000 0.111
6900.000 0.111
6905.000 0.112
6910.000 0.112
6915.000 0.113
6920.000 0.114
6925.000 0.114
6930.000 0.114
6935.000 0.115
6940.000 0.114
6945.000 0.115
6950.000 0.117
6955.000 0.117
6960.000 0.116
6965.000 0.118
6970.000 0.119
6975.000 0.122
6980.000 0.122
6985.000 0.119
6990.000 0.121
6995.000 0.122
7000.000 0.124
7005.000 0.121
7010.000 0.122
7015.000 0.126
7020.000 0.125
7025.000 0.128
7030.000 0.127
7035.000 0.131
7040.000 0.132
7045.000 0.134
7050.000 0.132
7055.000 0.135
7060.000 0.136
7065.000 0.136
7070.000 0.138
7075.000 0.141
7080.000 0.142
7085.000 0.144
7090.000 0.145
7095.000 0.148
7100.000 0.149
7105.000 0.151
7110.000 0.154
7115.000 0.155
7120.000 0.156
7125.000 0.159
7130.000 0.163
7135.000 0.166
7140.000 0.170
7145.000 0.172
7150.000 0.176
7155.000 0.180
7160.000 0.184
7165.000 0.187
7170.000 0.193
7175.000 0.195
7180.000 0.200
7185.000 0.206
7190.000 0.212
7195.000 0.218
7200.000 0.224
7205.000 0.232
7210.000 0.240
7215.000 0.248
7220.000 0.257
7225.000 0.270
7230.000 0.280
7235.000 0.292
7240.000 0.299
7245.000 0.314
7250.000 0.332
7255.000 0.354
7260.000 0.377
7265.000 0.403
7270.000 0.433
7275.000 0.466
7280.000 0.495
7285.000 0.522
7290.000 0.554
7295.000 0.569
7300.000 0.608
7305.000 0.647
7310.000 0.691
7315.000 0.745
7320.000 0.805
7325.000 0.880
7330.000 0.968
7335.000 1.079
7340.000 1.229
7345.000 1.422
7350.000 1.695
7355.000 1.867
7360.000 2.344
7365.000 2.925
7370.000 3.835
7375.000 5.117
7380.000 6.789
7385.000 8.762
7390.000 10.602
7395.000 11.468
7400.000 10.281
7405.000 7.484
7410.000 5.202
7415.000 3.617
7420.000 3.013
7425.000 2.221
7430.000 1.903
7435.000 1.642
7440.000 1.429
7445.000 1.272
7450.000 1.169
7455.000 1.094
7460.000 1.024
7465.000 0.966
7470.000 0.901
7475.000 0.835
7480.000 0.807
7485.000 0.756
7490.000 0.711
7495.000 0.669
7500.000 0.631
7505.000 0.598
7510.000 0.568
7515.000 0.541
7520.000 0.516
7525.000 0.497
7530.000 0.479
7535.000 0.471
7540.000 0.456
7545.000 0.442
7550.000 0.429
7555.000 0.418
7560.000 0.406
7565.000 0.397
7570.000 0.390
7575.000 0.383
7580.000 0.377
7585.000 0.370
7590.000 0.362
7595.000 0.355
7600.000 0.352
7605.000 0.346
7610.000 0.339
7615.000 0.335
7620.000 0.331
7625.000 0.325
7630.000 0.323
7635.000 0.318
7640.000 0.315
7645.000 0.310
7650.000 0.308
7655.000 0.306
7660.000 0.304
7665.000 0.302
7670.000 0.300
7675.000 0.298
7680.000 0.295
7685.000 0.295
7690.000 0.293
7695.000 0.291
7700.000 0.289
7705.000 0.289
7710.000 0.288
7715.000 0.288
7720.000 0.286
7725.000 0.285
7730.000 0.285
7735.000 0.285
7740.000 0.285
7745.000 0.285
7750.000 0.286
7755.000 0.284
7760.000 0.285
7765.000 0.284
7770.000 0.286
7775.000 0.287
7780.000 0.287
7785.000 0.288
7790.000 0.289
7795.000 0.291
7800.000 0.292
7805.000 0.293
7810.000 0.296
7815.000 0.299
7820.000 0.301
7825.000 0.303
7830.000 0.307
7835.000 0.309
7840.000 0.312
7845.000 0.316
7850.000 0.320
7855.000 0.324
7860.000 0.327
7865.000 0.331
7870.000 0.335
7875.000 0.341
7880.000 0.345
7885.000 0.353
7890.000 0.359
7895.000 0.367
7900.000 0.376
7905.000 0.382
7910.000 0.393
7915.000 0.405
7920.000 0.419
7925.000 0.438
7930.000 0.458
7935.000 0.485
7940.000 0.519
7945.000 0.553
7950.000 0.607
7955.000 0.656
7960.000 0.713
7965.000 0.800
7970.000 0.857
7975.000 1.032
7980.000 1.342
7985.000 1.934
7990.000 3.152
7995.000 5.386
8000.000 7.457
8005.000 5.985
8010.000 3.827
8015.000 1.307
8020.000 0.903
8025.000 0.674
8030.000 0.469
8035.000 0.326
8040.000 0.240
8045.000 0.178
8050.000 0.142
8055.000 0.114
8060.000 0.096
8065.000 0.082
8070.000 0.077
8075.000 0.074
8080.000 0.074
8085.000 0.077
8090.000 0.078
8095.000 0.081
8100.000 0.085
8105.000 0.087
8110.000 0.091
8115.000 0.095
8120.000 0.099
8125.000 0.102
8130.000 0.106
8135.000 0.109
8140.000 0.113
8145.000 0.115
8150.000 0.117
8155.000 0.120
8160.000 0.124
8165.000 0.127
8170.000 0.129
8175.000 0.132
8180.000 0.134
8185.000 0.138
8190.000 0.140
8195.000 0.144
8200.000 0.147
8205.000 0.149
8210.000 0.151
8215.000 0.154
8220.000 0.158
8225.000 0.160
8230.000 0.165
8235.000 0.168
8240.000 0.170
8245.000 0.173
8250.000 0.176
8255.000 0.181
8260.000 0.184
8265.000 0.186
8270.000 0.188
8275.000 0.193
8280.000 0.197
8285.000 0.200
8290.000 0.206
8295.000 0.210
8300.000 0.215
8305.000 0.220
8310.000 0.225
8315.000 0.231
8320.000 0.236
8325.000 0.243
8330.000 0.246
8335.000 0.253
8340.000 0.260
8345.000 0.269
8350.000 0.274
8355.000 0.283
8360.000 0.290
8365.000 0.296
8370.000 0.304
8375.000 0.315
8380.000 0.326
8385.000 0.336
8390.000 0.342
8395.000 0.352
8400.000 0.367
8405.000 0.382
8410.000 0.398
8415.000 0.418
8420.000 0.442
8425.000 0.465
8430.000 0.489
8435.000 0.514
8440.000 0.539
8445.000 0.575
8450.000 0.623
8455.000 0.650
8460.000 0.724
8465.000 0.856
8470.000 1.125
8475.000 1.733
8480.000 2.778
8485.000 2.549
8490.000 0.588
8495.000 0.323
8500.000 0.541
8505.000 0.593
8510.000 0.667
8515.000 0.799
8520.000 0.939
8525.000 1.096
8530.000 1.271
8535.000 1.483
8540.000 1.738
8545.000 2.058
8550.000 2.481
8555.000 3.014
8560.000 3.666
8565.000 4.443
8570.000 4.868
8575.000 5.689
8580.000 6.269
8585.000 6.183
8590.000 5.292
8595.000 4.008
8600.000 2.919
8605.000 2.101
8610.000 1.511
8615.000 1.032
8620.000 0.696
8625.000 0.611
8630.000 0.639
8635.000 0.632
8640.000 0.599
8645.000 0.564
8650.000 0.532
8655.000 0.495
8660.000 0.458
8665.000 0.428
8670.000 0.397
8675.000 0.368
8680.000 0.343
8685.000 0.318
8690.000 0.297
8695.000 0.287
8700.000 0.269
8705.000 0.254
8710.000 0.240
8715.000 0.227
8720.000 0.216
8725.000 0.206
8730.000 0.196
8735.000 0.185
8740.000 0.182
8745.000 0.175
8750.000 0.171
8755.000 0.166
8760.000 0.160
8765.000 0.155
8770.000 0.150
8775.000 0.146
8780.000 0.141
8785.000 0.137
8790.000 0.133
8795.000 0.131
8800.000 0.127
8805.000 0.124
8810.000 0.121
8815.000 0.121
8820.000 0.114
8825.000 0.116
8830.000 0.108
8835.000 0.109
8840.000 0.105
8845.000 0.105
8850.000 0.104
8855.000 0.102
8860.000 0.100
8865.000 0.098
8870.000 0.097
8875.000 0.094
8880.000 0.093
8885.000 0.092
8890.000 0.090
8895.000 0.089
8900.000 0.089
8905.000 0.087
8910.000 0.084
8915.000 0.084
8920.000 0.082
8925.000 0.081
8930.000 0.080
8935.000 0.080
8940.000 0.079
8945.000 0.079
8950.000 0.078
8955.000 0.075
8960.000 0.076
8965.000 0.073
8970.000 0.073
8975.000 0.071
8980.000 0.071
8985.000 0.072
8990.000 0.069
8995.000 0.069
9000.000 0.067
9005.000 0.070
9010.000 0.068
9015.000 0.068
9020.000 0.066
9025.000 0.066
9030.000 0.067
9035.000 0.065
9040.000 0.065
9045.000 0.064
9050.000 0.064
9055.000 0.063
9060.000 0.063
9065.000 0.062
9070.000 0.063
9075.000 0.063
9080.000 0.062
9085.000 0.062
9090.000 0.062
9095.000 0.062
9100.000 0.062
9105.000 0.062
9110.000 0.063
9115.000 0.062
9120.000 0.062
9125.000 0.062
9130.000 0.062
9135.000 0.063
9140.000 0.062
9145.000 0.063
9150.000 0.064
9155.000 0.064
9160.000 0.064
9165.000 0.065
9170.000 0.066
9175.000 0.067
9180.000 0.067
9185.000 0.068
9190.000 0.068
9195.000 0.070
9200.000 0.071
9205.000 0.073
9210.000 0.074
9215.000 0.076
9220.000 0.079
9225.000 0.079
9230.000 0.083
9235.000 0.084
9240.000 0.086
9245.000 0.089
9250.000 0.091
9255.000 0.097
9260.000 0.100
9265.000 0.104
9270.000 0.110
9275.000 0.114
9280.000 0.119
9285.000 0.124
9290.000 0.129
9295.000 0.135
9300.000 0.139
9305.000 0.148
9310.000 0.156
9315.000 0.165
9320.000 0.177
9325.000 0.190
9330.000 0.206
9335.000 0.224
9340.000 0.245
9345.000 0.273
9350.000 0.307
9355.000 0.342
9360.000 0.386
9365.000 0.413
9370.000 0.481
9375.000 0.579
9380.000 0.723
9385.000 0.954
9390.000 1.339
9395.000 1.969
9400.000 2.907
9405.000 4.316
9410.000 6.225
9415.000 7.142
9420.000 3.971
9425.000 3.114
9430.000 2.035
9435.000 1.525
9440.000 1.030
9445.000 0.787
9450.000 0.625
9455.000 0.512
9460.000 0.428
9465.000 0.366
9470.000 0.318
9475.000 0.281
9480.000 0.251
9485.000 0.237
9490.000 0.214
9495.000 0.196
9500.000 0.180
9505.000 0.167
9510.000 0.155
9515.000 0.144
9520.000 0.135
9525.000 0.126
9530.000 0.118
9535.000 0.111
9540.000 0.103
9545.000 0.099
9550.000 0.094
9555.000 0.086
9560.000 0.080
9565.000 0.074
9570.000 0.068
9575.000 0.063
9580.000 0.057
9585.000 0.052
9590.000 0.045
9595.000 0.039
9600.000 0.033
9605.000 0.030
9610.000 0.023
9615.000 0.016
9620.000 0.013
9625.000 0.009
9630.000 0.012
9635.000 0.019
9640.000 0.028
9645.000 0.037
9650.000 0.049
9655.000 0.060
9660.000 0.074
9665.000 0.089
9670.000 0.096
9675.000 0.114
9680.000 0.134
9685.000 0.158
9690.000 0.188
9695.000 0.226
9700.000 0.276
9705.000 0.349
9710.000 0.465
9715.000 0.654
9720.000 0.948
9725.000 1.356
9730.000 1.622
9735.000 2.126
9740.000 2.632
9745.000 3.094
9750.000 3.375
9755.000 3.354
9760.000 3.056
9765.000 2.674
9770.000 2.316
9775.000 1.994
9780.000 1.696
9785.000 1.442
9790.000 1.331
9795.000 1.127
9800.000 0.948
9805.000 0.785
9810.000 0.602
9815.000 0.414
9820.000 0.323
9825.000 0.306
9830.000 0.308
9835.000 0.314
9840.000 0.312
9845.000 0.309
9850.000 0.307
9855.000 0.302
9860.000 0.298
9865.000 0.295
9870.000 0.289
9875.000 0.284
9880.000 0.280
9885.000 0.275
9890.000 0.271
9895.000 0.267
9900.000 0.262
9905.000 0.257
9910.000 0.253
9915.000 0.249
9920.000 0.245
9925.000 0.242
9930.000 0.237
9935.000 0.234
9940.000 0.229
9945.000 0.226
9950.000 0.222
9955.000 0.217
9960.000 0.214
9965.000 0.210
9970.000 0.206
9975.000 0.203
9980.000 0.199
9985.000 0.198
9990.000 0.192
9995.000 0.189
10000.000 0.187
10005.000 0.179
10010.000 0.174
10015.000 0.172
10020.000 0.165
10025.000 0.159
10030.000 0.159
10035.000 0.150
10040.000 0.145
10045.000 0.137
10050.000 0.128
10055.000 0.118
10060.000 0.106
10065.000 0.094
10070.000 0.075
10075.000 0.052
10080.000 0.027
10085.000 0.048
10090.000 0.151
10095.000 0.283
10100.000 1.066
10105.000 2.054
10110.000 1.584
10115.000 1.685
10120.000 0.922
10125.000 0.800
10130.000 0.664
10135.000 0.587
10140.000 0.523
10145.000 0.475
10150.000 0.441
10155.000 0.426
10160.000 0.404
10165.000 0.377
10170.000 0.353
10175.000 0.331
10180.000 0.312
10185.000 0.293
10190.000 0.281
10195.000 0.274
10200.000 0.269
10205.000 0.266
10210.000 0.263
10215.000 0.262
10220.000 0.261
10225.000 0.259
10230.000 0.258
10235.000 0.256
10240.000 0.254
10245.000 0.252
10250.000 0.252
10255.000 0.253
10260.000 0.252
10265.000 0.251
10270.000 0.251
10275.000 0.251
10280.000 0.252
10285.000 0.250
10290.000 0.250
10295.000 0.250
10300.000 0.250
10305.000 0.249
10310.000 0.249
10315.000 0.249
10320.000 0.246
10325.000 0.249
10330.000 0.248
10335.000 0.247
10340.000 0.248
10345.000 0.245
10350.000 0.247
10355.000 0.247
10360.000 0.248
10365.000 0.248
10370.000 0.247
10375.000 0.247
10380.000 0.246
10385.000 0.251
10390.000 0.249
10395.000 0.248
10400.000 0.251
10405.000 0.248
10410.000 0.250
10415.000 0.250
10420.000 0.252
10425.000 0.251
10430.000 0.252
10435.000 0.249
10440.000 0.249
10445.000 0.249
10450.000 0.251
10455.000 0.251
10460.000 0.250
10465.000 0.253
10470.000 0.253
10475.000 0.253
10480.000 0.254
10485.000 0.255
10490.000 0.257
10495.000 0.256
10500.000 0.256
10505.000 0.258
10510.000 0.259
10515.000 0.259
10520.000 0.262
10525.000 0.261
10530.000 0.265
10535.000 0.265
10540.000 0.271
10545.000 0.271
10550.000 0.272
10555.000 0.275
10560.000 0.277
10565.000 0.278
10570.000 0.278
10575.000 0.281
10580.000 0.281
10585.000 0.285
10590.000 0.287
10595.000 0.289
10600.000 0.292
10605.000 0.297
10610.000 0.299
10615.000 0.301
10620.000 0.304
10625.000 0.307
10630.000 0.312
10635.000 0.318
10640.000 0.324
10645.000 0.327
10650.000 0.333
10655.000 0.340
10660.000 0.345
10665.000 0.355
10670.000 0.366
10675.000 0.373
10680.000 0.385
10685.000 0.396
10690.000 0.411
10695.000 0.427
10700.000 0.443
10705.000 0.455
10710.000 0.474
10715.000 0.500
10720.000 0.531
10725.000 0.569
10730.000 0.615
10735.000 0.677
10740.000 0.763
10745.000 0.890
10750.000 1.076
10755.000 1.376
10760.000 1.581
10765.000 2.149
10770.000 2.860
10775.000 3.383
10780.000 3.102
10785.000 2.055
10790.000 1.244
10795.000 0.811
10800.000 0.606
10805.000 0.378
10810.000 0.316
10815.000 0.260
10820.000 0.203
10825.000 0.180
10830.000 0.140
10835.000 0.109
10840.000 0.082
10845.000 0.061
10850.000 0.042
10855.000 0.026
10860.000 0.013
10865.000 0.013
10870.000 0.024
10875.000 0.038
10880.000 0.053
10885.000 0.061
10890.000 0.078
10895.000 0.098
10900.000 0.121
10905.000 0.146
10910.000 0.171
10915.000 0.187
10920.000 0.189
10925.000 0.180
10930.000 0.167
10935.000 0.158
10940.000 0.156
10945.000 0.161
10950.000 0.168
10955.000 0.188
10960.000 0.219
10965.000 0.269
10970.000 0.350
10975.000 0.442
10980.000 0.548
10985.000 0.645
10990.000 0.694
10995.000 0.657
11000.000 0.567
11005.000 0.522
11010.000 0.438
11015.000 0.376
11020.000 0.321
11025.000 0.285
11030.000 0.255
11035.000 0.236
11040.000 0.217
11045.000 0.200
11050.000 0.185
11055.000 0.175
11060.000 0.164
11065.000 0.161
11070.000 0.152
11075.000 0.147
11080.000 0.145
11085.000 0.139
11090.000 0.137
11095.000 0.133
11100.000 0.131
11105.000 0.130
11110.000 0.128
11115.000 0.127
11120.000 0.125
11125.000 0.124
11130.000 0.122
11135.000 0.122
11140.000 0.121
11145.000 0.121
11150.000 0.120
11155.000 0.119
11160.000 0.118
11165.000 0.118
11170.000 0.118
11175.000 0.117
11180.000 0.117
11185.000 0.117
11190.000 0.117
11195.000 0.116
11200.000 0.116
11205.000 0.115
11210.000 0.115
11215.000 0.116
11220.000 0.115
11225.000 0.115
11230.000 0.115
11235.000 0.115
11240.000 0.115
11245.000 0.116
11250.000 0.116
11255.000 0.118
11260.000 0.117
11265.000 0.118
11270.000 0.118
11275.000 0.118
11280.000 0.118
11285.000 0.120
11290.000 0.122
11295.000 0.124
11300.000 0.124
11305.000 0.121
11310.000 0.119
11315.000 0.116
11320.000 0.116
11325.000 0.114
11330.000 0.113
11335.000 0.115
11340.000 0.112
11345.000 0.112
11350.000 0.113
11355.000 0.113
11360.000 0.112
11365.000 0.112
11370.000 0.112
11375.000 0.112
11380.000 0.112
11385.000 0.111
11390.000 0.112
11395.000 0.114
11400.000 0.115
11405.000 0.114
11410.000 0.114
11415.000 0.113
11420.000 0.113
11425.000 0.114
11430.000 0.115
11435.000 0.115
11440.000 0.115
11445.000 0.116
11450.000 0.117
11455.000 0.117
11460.000 0.119
11465.000 0.120
11470.000 0.122
11475.000 0.124
11480.000 0.126
11485.000 0.126
11490.000 0.126
11495.000 0.128
11500.000 0.132
11505.000 0.135
11510.000 0.136
11515.000 0.137
11520.000 0.138
11525.000 0.139
11530.000 0.142
11535.000 0.146
11540.000 0.147
11545.000 0.150
11550.000 0.154
11555.000 0.157
11560.000 0.161
11565.000 0.166
11570.000 0.172
11575.000 0.179
11580.000 0.187
11585.000 0.198
11590.000 0.212
11595.000 0.226
11600.000 0.245
11605.000 0.273
11610.000 0.313
11615.000 0.340
11620.000 0.422
11625.000 0.570
11630.000 0.836
11635.000 1.264
11640.000 1.644
11645.000 1.293
11650.000 0.624
11655.000 0.599
11660.000 0.316
11665.000 0.206
11670.000 0.149
11675.000 0.108
11680.000 0.093
11685.000 0.071
11690.000 0.053
11695.000 0.041
11700.000 0.029
11705.000 0.022
11710.000 0.015
11715.000 0.010
11720.000 0.006
11725.000 0.002
11730.000 0.003
11735.000 0.003
11740.000 0.007
11745.000 0.010
11750.000 0.010
11755.000 0.012
11760.000 0.015
11765.000 0.016
11770.000 0.017
11775.000 0.019
11780.000 0.021
11785.000 0.021
11790.000 0.021
11795.000 0.022
11800.000 0.024
11805.000 0.024
11810.000 0.024
11815.000 0.025
11820.000 0.025
11825.000 0.025
11830.000 0.026
11835.000 0.027
11840.000 0.027
11845.000 0.027
11850.000 0.027
11855.000 0.028
11860.000 0.027
11865.000 0.029
11870.000 0.028
11875.000 0.029
11880.000 0.029
11885.000 0.029
11890.000 0.030
11895.000 0.032
11900.000 0.033
11905.000 0.035
11910.000 0.034
11915.000 0.034
11920.000 0.035
11925.000 0.037
11930.000 0.038
11935.000 0.042
11940.000 0.045
11945.000 0.055
11950.000 0.071
11955.000 0.125
11960.000 0.281
11965.000 0.519
11970.000 0.568
11975.000 0.448
11980.000 0.346
11985.000 0.308
11990.000 0.295
11995.000 0.303
12000.000 0.325
