105.000 0.019
110.000 0.741
115.000 0.966
120.000 1.082
125.000 1.207
130.000 1.251
135.000 1.327
140.000 1.370
145.000 1.357
150.000 1.351
155.000 1.313
160.000 1.312
165.000 1.266
170.000 1.278
175.000 1.238
180.000 1.229
185.000 1.235
190.000 1.241
195.000 1.214
200.000 1.251
205.000 1.274
210.000 1.270
215.000 1.286
220.000 1.309
225.000 1.349
230.000 1.325
235.000 1.393
240.000 1.397
245.000 1.400
250.000 1.447
255.000 1.459
260.000 1.481
265.000 1.501
270.000 1.507
275.000 1.518
280.000 1.526
285.000 1.526
290.000 1.524
295.000 1.507
300.000 1.501
305.000 1.506
310.000 1.517
315.000 1.528
320.000 1.528
325.000 1.590
330.000 1.627
335.000 1.687
340.000 1.734
345.000 1.797
350.000 1.882
355.000 1.952
360.000 2.066
365.000 2.166
370.000 2.272
375.000 2.349
380.000 2.467
385.000 2.610
390.000 2.750
395.000 2.886
400.000 3.002
405.000 3.120
410.000 3.153
415.000 3.170
420.000 3.118
425.000 2.979
430.000 2.753
435.000 2.636
440.000 2.305
445.000 2.005
450.000 1.731
455.000 1.480
460.000 1.289
465.000 1.132
470.000 1.021
475.000 0.922
480.000 0.857
485.000 0.801
490.000 0.751
495.000 0.711
500.000 0.683
505.000 0.647
510.000 0.613
515.000 0.578
520.000 0.550
525.000 0.518
530.000 0.496
535.000 0.471
540.000 0.448
545.000 0.430
550.000 0.411
555.000 0.401
560.000 0.384
565.000 0.364
570.000 0.345
575.000 0.323
580.000 0.309
585.000 0.293
590.000 0.283
595.000 0.274
600.000 0.263
605.000 0.253
610.000 0.244
615.000 0.239
620.000 0.230
625.000 0.228
630.000 0.221
635.000 0.208
640.000 0.207
645.000 0.206
650.000 0.198
655.000 0.193
660.000 0.188
665.000 0.184
670.000 0.183
675.000 0.174
680.000 0.176
685.000 0.173
690.000 0.168
695.000 0.165
700.000 0.161
705.000 0.158
710.000 0.154
715.000 0.154
720.000 0.150
725.000 0.150
730.000 0.149
735.000 0.145
740.000 0.146
745.000 0.140
750.000 0.141
755.000 0.138
760.000 0.141
765.000 0.137
770.000 0.135
775.000 0.134
780.000 0.127
785.000 0.129
790.000 0.131
795.000 0.128
800.000 0.132
805.000 0.130
810.000 0.128
815.000 0.122
820.000 0.126
825.000 0.125
830.000 0.125
835.000 0.123
840.000 0.120
845.000 0.121
850.000 0.121
855.000 0.121
860.000 0.118
865.000 0.119
870.000 0.117
875.000 0.118
880.000 0.116
885.000 0.121
890.000 0.116
895.000 0.114
900.000 0.112
905.000 0.116
910.000 0.114
915.000 0.114
920.000 0.112
925.000 0.113
930.000 0.113
935.000 0.110
940.000 0.114
945.000 0.113
950.000 0.115
955.000 0.109
960.000 0.110
965.000 0.110
970.000 0.115
975.000 0.111
980.000 0.116
985.000 0.114
990.000 0.115
995.000 0.110
1000.000 0.116
1005.000 0.108
1010.000 0.108
1015.000 0.110
1020.000 0.108
1025.000 0.115
1030.000 0.109
1035.000 0.114
1040.000 0.112
1045.000 0.112
1050.000 0.108
1055.000 0.112
1060.000 0.114
1065.000 0.110
1070.000 0.111
1075.000 0.110
1080.000 0.109
1085.000 0.112
1090.000 0.110
1095.000 0.110
1100.000 0.107
1105.000 0.110
1110.000 0.110
1115.000 0.109
1120.000 0.110
1125.000 0.111
1130.000 0.111
1135.000 0.110
1140.000 0.110
1145.000 0.109
1150.000 0.111
1155.000 0.110
1160.000 0.110
1165.000 0.113
1170.000 0.109
1175.000 0.110
1180.000 0.111
1185.000 0.111
1190.000 0.111
1195.000 0.113
1200.000 0.111
1205.000 0.113
1210.000 0.112
1215.000 0.112
1220.000 0.114
1225.000 0.116
1230.000 0.116
1235.000 0.118
1240.000 0.114
1245.000 0.114
1250.000 0.115
1255.000 0.117
1260.000 0.116
1265.000 0.118
1270.000 0.116
1275.000 0.117
1280.000 0.117
1285.000 0.117
1290.000 0.118
1295.000 0.119
1300.000 0.119
1305.000 0.118
1310.000 0.119
1315.000 0.119
1320.000 0.120
1325.000 0.119
1330.000 0.119
1335.000 0.123
1340.000 0.123
1345.000 0.122
1350.000 0.124
1355.000 0.123
1360.000 0.126
1365.000 0.127
1370.000 0.126
1375.000 0.126
1380.000 0.130
1385.000 0.127
1390.000 0.131
1395.000 0.130
1400.000 0.132
1405.000 0.132
1410.000 0.133
1415.000 0.134
1420.000 0.132
1425.000 0.133
1430.000 0.136
1435.000 0.135
1440.000 0.136
1445.000 0.133
1450.000 0.137
1455.000 0.136
1460.000 0.136
1465.000 0.134
1470.000 0.135
1475.000 0.134
1480.000 0.132
1485.000 0.132
1490.000 0.134
1495.000 0.134
1500.000 0.135
1505.000 0.137
1510.000 0.140
1515.000 0.146
1520.000 0.148
1525.000 0.150
1530.000 0.155
1535.000 0.156
1540.000 0.158
1545.000 0.164
1550.000 0.165
1555.000 0.169
1560.000 0.171
1565.000 0.175
1570.000 0.178
1575.000 0.184
1580.000 0.187
1585.000 0.192
1590.000 0.194
1595.000 0.196
1600.000 0.200
1605.000 0.204
1610.000 0.207
1615.000 0.211
1620.000 0.217
1625.000 0.221
1630.000 0.226
1635.000 0.232
1640.000 0.237
1645.000 0.241
1650.000 0.243
1655.000 0.250
1660.000 0.253
1665.000 0.259
1670.000 0.267
1675.000 0.274
1680.000 0.281
1685.000 0.288
1690.000 0.296
1695.000 0.302
1700.000 0.309
1705.000 0.318
1710.000 0.323
1715.000 0.327
1720.000 0.337
1725.000 0.345
1730.000 0.355
1735.000 0.362
1740.000 0.372
1745.000 0.384
1750.000 0.392
1755.000 0.403
1760.000 0.413
1765.000 0.424
1770.000 0.431
1775.000 0.437
1780.000 0.448
1785.000 0.459
1790.000 0.467
1795.000 0.478
1800.000 0.492
1805.000 0.502
1810.000 0.510
1815.000 0.518
1820.000 0.530
1825.000 0.537
1830.000 0.543
1835.000 0.548
1840.000 0.555
1845.000 0.564
1850.000 0.570
1855.000 0.573
1860.000 0.580
1865.000 0.582
1870.000 0.586
1875.000 0.587
1880.000 0.584
1885.000 0.589
1890.000 0.590
1895.000 0.588
1900.000 0.587
1905.000 0.588
1910.000 0.587
1915.000 0.586
1920.000 0.585
1925.000 0.584
1930.000 0.584
1935.000 0.576
1940.000 0.573
1945.000 0.571
1950.000 0.570
1955.000 0.560
1960.000 0.566
1965.000 0.564
1970.000 0.558
1975.000 0.564
1980.000 0.560
1985.000 0.548
1990.000 0.555
1995.000 0.549
2000.000 0.539
2005.000 0.550
2010.000 0.545
2015.000 0.534
2020.000 0.537
2025.000 0.533
2030.000 0.531
2035.000 0.539
2040.000 0.535
2045.000 0.539
2050.000 0.532
2055.000 0.532
2060.000 0.531
2065.000 0.534
2070.000 0.531
2075.000 0.531
2080.000 0.535
2085.000 0.536
2090.000 0.541
2095.000 0.539
2100.000 0.545
2105.000 0.548
2110.000 0.551
2115.000 0.556
2120.000 0.563
2125.000 0.569
2130.000 0.572
2135.000 0.580
2140.000 0.584
2145.000 0.592
2150.000 0.602
2155.000 0.612
2160.000 0.622
2165.000 0.631
2170.000 0.644
2175.000 0.659
2180.000 0.676
2185.000 0.695
2190.000 0.713
2195.000 0.736
2200.000 0.752
2205.000 0.776
2210.000 0.806
2215.000 0.838
2220.000 0.882
2225.000 0.921
2230.000 0.976
2235.000 1.039
2240.000 1.117
2245.000 1.217
2250.000 1.354
2255.000 1.559
2260.000 1.858
2265.000 2.069
2270.000 2.680
2275.000 3.750
2280.000 5.607
2285.000 8.493
2290.000 11.943
2295.000 13.671
2300.000 13.943
2305.000 8.736
2310.000 4.749
2315.000 3.017
2320.000 2.485
2325.000 1.778
2330.000 1.346
2335.000 1.055
2340.000 0.845
2345.000 0.695
2350.000 0.581
2355.000 0.494
2360.000 0.424
2365.000 0.371
2370.000 0.327
2375.000 0.292
2380.000 0.278
2385.000 0.250
2390.000 0.226
2395.000 0.206
2400.000 0.188
2405.000 0.173
2410.000 0.160
2415.000 0.149
2420.000 0.138
2425.000 0.129
2430.000 0.120
2435.000 0.113
2440.000 0.105
2445.000 0.102
2450.000 0.097
2455.000 0.092
2460.000 0.088
2465.000 0.082
2470.000 0.080
2475.000 0.076
2480.000 0.073
2485.000 0.070
2490.000 0.069
2495.000 0.067
2500.000 0.066
2505.000 0.065
2510.000 0.064
2515.000 0.064
2520.000 0.065
2525.000 0.064
2530.000 0.064
2535.000 0.064
2540.000 0.065
2545.000 0.066
2550.000 0.067
2555.000 0.067
2560.000 0.067
2565.000 0.069
2570.000 0.070
2575.000 0.071
2580.000 0.073
2585.000 0.074
2590.000 0.075
2595.000 0.077
2600.000 0.078
2605.000 0.079
2610.000 0.082
2615.000 0.083
2620.000 0.085
2625.000 0.085
2630.000 0.087
2635.000 0.088
2640.000 0.092
2645.000 0.093
2650.000 0.095
2655.000 0.097
2660.000 0.099
2665.000 0.101
2670.000 0.103
2675.000 0.105
2680.000 0.108
2685.000 0.109
2690.000 0.112
2695.000 0.116
2700.000 0.117
2705.000 0.120
2710.000 0.123
2715.000 0.125
2720.000 0.126
2725.000 0.130
2730.000 0.134
2735.000 0.137
2740.000 0.139
2745.000 0.142
2750.000 0.145
2755.000 0.147
2760.000 0.150
2765.000 0.153
2770.000 0.157
2775.000 0.159
2780.000 0.163
2785.000 0.166
2790.000 0.169
2795.000 0.174
2800.000 0.176
2805.000 0.178
2810.000 0.181
2815.000 0.184
2820.000 0.189
2825.000 0.190
2830.000 0.196
2835.000 0.196
2840.000 0.198
2845.000 0.201
2850.000 0.204
2855.000 0.206
2860.000 0.209
2865.000 0.211
2870.000 0.212
2875.000 0.213
2880.000 0.215
2885.000 0.218
2890.000 0.219
2895.000 0.220
2900.000 0.222
2905.000 0.223
2910.000 0.223
2915.000 0.224
2920.000 0.225
2925.000 0.229
2930.000 0.230
2935.000 0.231
2940.000 0.230
2945.000 0.232
2950.000 0.231
2955.000 0.234
2960.000 0.232
2965.000 0.233
2970.000 0.234
2975.000 0.237
2980.000 0.237
2985.000 0.231
2990.000 0.233
2995.000 0.235
3000.000 0.236
3005.000 0.230
3010.000 0.229
3015.000 0.231
3020.000 0.232
3025.000 0.236
3030.000 0.231
3035.000 0.234
3040.000 0.234
3045.000 0.236
3050.000 0.234
3055.000 0.235
3060.000 0.235
3065.000 0.234
3070.000 0.236
3075.000 0.235
3080.000 0.236
3085.000 0.238
3090.000 0.239
3095.000 0.241
3100.000 0.239
3105.000 0.242
3110.000 0.242
3115.000 0.244
3120.000 0.244
3125.000 0.243
3130.000 0.244
3135.000 0.245
3140.000 0.246
3145.000 0.247
3150.000 0.248
3155.000 0.249
3160.000 0.250
3165.000 0.251
3170.000 0.251
3175.000 0.252
3180.000 0.251
3185.000 0.254
3190.000 0.254
3195.000 0.254
3200.000 0.257
3205.000 0.258
3210.000 0.260
3215.000 0.258
3220.000 0.261
3225.000 0.263
3230.000 0.265
3235.000 0.264
3240.000 0.266
3245.000 0.267
3250.000 0.270
3255.000 0.270
3260.000 0.271
3265.000 0.273
3270.000 0.278
3275.000 0.279
3280.000 0.281
3285.000 0.282
3290.000 0.283
3295.000 0.287
3300.000 0.288
3305.000 0.291
3310.000 0.295
3315.000 0.295
3320.000 0.299
3325.000 0.303
3330.000 0.306
3335.000 0.310
3340.000 0.312
3345.000 0.316
3350.000 0.322
3355.000 0.323
3360.000 0.326
3365.000 0.330
3370.000 0.335
3375.000 0.340
3380.000 0.348
3385.000 0.351
3390.000 0.357
3395.000 0.364
3400.000 0.373
3405.000 0.380
3410.000 0.387
3415.000 0.390
3420.000 0.398
3425.000 0.407
3430.000 0.416
3435.000 0.428
3440.000 0.437
3445.000 0.448
3450.000 0.459
3455.000 0.470
3460.000 0.479
3465.000 0.490
3470.000 0.498
3475.000 0.510
3480.000 0.516
3485.000 0.527
3490.000 0.541
3495.000 0.554
3500.000 0.566
3505.000 0.581
3510.000 0.597
3515.000 0.617
3520.000 0.637
3525.000 0.654
3530.000 0.676
3535.000 0.698
3540.000 0.712
3545.000 0.740
3550.000 0.769
3555.000 0.800
3560.000 0.836
3565.000 0.873
3570.000 0.910
3575.000 0.955
3580.000 1.002
3585.000 1.055
3590.000 1.115
3595.000 1.150
3600.000 1.224
3605.000 1.307
3610.000 1.412
3615.000 1.540
3620.000 1.700
3625.000 1.907
3630.000 2.182
3635.000 2.576
3640.000 3.143
3645.000 4.001
3650.000 5.338
3655.000 7.430
3660.000 8.827
3665.000 12.371
3670.000 16.780
3675.000 21.725
3680.000 25.798
3685.000 23.534
3690.000 13.739
3695.000 8.841
3700.000 6.010
3705.000 4.356
3710.000 3.341
3715.000 2.670
3720.000 2.204
3725.000 2.014
3730.000 1.706
3735.000 1.467
3740.000 1.287
3745.000 1.144
3750.000 1.027
3755.000 0.937
3760.000 0.857
3765.000 0.789
3770.000 0.733
3775.000 0.684
3780.000 0.642
3785.000 0.622
3790.000 0.587
3795.000 0.558
3800.000 0.532
3805.000 0.507
3810.000 0.486
3815.000 0.467
3820.000 0.450
3825.000 0.434
3830.000 0.419
3835.000 0.406
3840.000 0.399
3845.000 0.389
3850.000 0.376
3855.000 0.365
3860.000 0.357
3865.000 0.348
3870.000 0.339
3875.000 0.331
3880.000 0.323
3885.000 0.316
3890.000 0.309
3895.000 0.303
3900.000 0.297
3905.000 0.294
3910.000 0.288
3915.000 0.282
3920.000 0.278
3925.000 0.273
3930.000 0.269
3935.000 0.263
3940.000 0.260
3945.000 0.257
3950.000 0.253
3955.000 0.247
3960.000 0.243
3965.000 0.243
3970.000 0.237
3975.000 0.237
3980.000 0.235
3985.000 0.228
3990.000 0.228
3995.000 0.226
4000.000 0.219
4005.000 0.222
4010.000 0.219
4015.000 0.213
4020.000 0.216
4025.000 0.214
4030.000 0.208
4035.000 0.209
4040.000 0.207
4045.000 0.206
4050.000 0.201
4055.000 0.201
4060.000 0.198
4065.000 0.194
4070.000 0.194
4075.000 0.192
4080.000 0.192
4085.000 0.192
4090.000 0.190
4095.000 0.188
4100.000 0.186
4105.000 0.184
4110.000 0.184
4115.000 0.182
4120.000 0.181
4125.000 0.179
4130.000 0.178
4135.000 0.177
4140.000 0.176
4145.000 0.176
4150.000 0.174
4155.000 0.172
4160.000 0.172
4165.000 0.170
4170.000 0.169
4175.000 0.168
4180.000 0.166
4185.000 0.165
4190.000 0.163
4195.000 0.161
4200.000 0.160
4205.000 0.158
4210.000 0.157
4215.000 0.156
4220.000 0.155
4225.000 0.154
4230.000 0.152
4235.000 0.151
4240.000 0.149
4245.000 0.147
4250.000 0.147
4255.000 0.145
4260.000 0.143
4265.000 0.142
4270.000 0.142
4275.000 0.139
4280.000 0.138
4285.000 0.135
4290.000 0.135
4295.000 0.134
4300.000 0.133
4305.000 0.134
4310.000 0.133
4315.000 0.133
4320.000 0.133
4325.000 0.135
4330.000 0.134
4335.000 0.135
4340.000 0.136
4345.000 0.136
4350.000 0.138
4355.000 0.139
4360.000 0.140
4365.000 0.140
4370.000 0.141
4375.000 0.141
4380.000 0.142
4385.000 0.142
4390.000 0.142
4395.000 0.144
4400.000 0.144
4405.000 0.145
4410.000 0.145
4415.000 0.147
4420.000 0.147
4425.000 0.148
4430.000 0.148
4435.000 0.148
4440.000 0.149
4445.000 0.149
4450.000 0.150
4455.000 0.150
4460.000 0.150
4465.000 0.152
4470.000 0.152
4475.000 0.153
4480.000 0.153
4485.000 0.154
4490.000 0.154
4495.000 0.156
4500.000 0.156
4505.000 0.157
4510.000 0.157
4515.000 0.157
4520.000 0.158
4525.000 0.160
4530.000 0.160
4535.000 0.162
4540.000 0.162
4545.000 0.163
4550.000 0.164
4555.000 0.165
4560.000 0.166
4565.000 0.167
4570.000 0.168
4575.000 0.169
4580.000 0.171
4585.000 0.172
4590.000 0.172
4595.000 0.174
4600.000 0.176
4605.000 0.178
4610.000 0.179
4615.000 0.180
4620.000 0.181
4625.000 0.184
4630.000 0.186
4635.000 0.187
4640.000 0.189
4645.000 0.191
4650.000 0.192
4655.000 0.196
4660.000 0.198
4665.000 0.200
4670.000 0.202
4675.000 0.206
4680.000 0.209
4685.000 0.211
4690.000 0.214
4695.000 0.217
4700.000 0.220
4705.000 0.224
4710.000 0.228
4715.000 0.232
4720.000 0.237
4725.000 0.242
4730.000 0.247
4735.000 0.252
4740.000 0.258
4745.000 0.265
4750.000 0.271
4755.000 0.279
4760.000 0.283
4765.000 0.292
4770.000 0.300
4775.000 0.312
4780.000 0.324
4785.000 0.336
4790.000 0.350
4795.000 0.366
4800.000 0.384
4805.000 0.403
4810.000 0.429
4815.000 0.441
4820.000 0.462
4825.000 0.476
4830.000 0.496
4835.000 0.513
4840.000 0.535
4845.000 0.559
4850.000 0.586
4855.000 0.614
4860.000 0.645
4865.000 0.684
4870.000 0.727
4875.000 0.750
4880.000 0.798
4885.000 0.862
4890.000 0.935
4895.000 1.024
4900.000 1.147
4905.000 1.300
4910.000 1.500
4915.000 1.765
4920.000 2.084
4925.000 2.460
4930.000 2.810
4935.000 3.845
4940.000 6.599
4945.000 14.264
4950.000 13.563
4955.000 16.613
4960.000 16.690
4965.000 11.218
4970.000 7.157
4975.000 4.795
4980.000 3.421
4985.000 2.587
4990.000 2.031
4995.000 1.665
5000.000 1.523
5005.000 1.301
5010.000 1.124
5015.000 0.991
5020.000 0.879
5025.000 0.787
5030.000 0.717
5035.000 0.664
5040.000 0.615
5045.000 0.574
5050.000 0.536
5055.000 0.525
5060.000 0.497
5065.000 0.469
5070.000 0.448
5075.000 0.429
5080.000 0.411
5085.000 0.396
5090.000 0.382
5095.000 0.371
5100.000 0.359
5105.000 0.350
5110.000 0.341
5115.000 0.332
5120.000 0.328
5125.000 0.322
5130.000 0.316
5135.000 0.311
5140.000 0.306
5145.000 0.300
5150.000 0.298
5155.000 0.293
5160.000 0.289
5165.000 0.286
5170.000 0.283
5175.000 0.281
5180.000 0.279
5185.000 0.278
5190.000 0.276
5195.000 0.273
5200.000 0.273
5205.000 0.271
5210.000 0.268
5215.000 0.267
5220.000 0.266
5225.000 0.267
5230.000 0.265
5235.000 0.265
5240.000 0.265
5245.000 0.265
5250.000 0.263
5255.000 0.263
5260.000 0.263
5265.000 0.263
5270.000 0.264
5275.000 0.262
5280.000 0.262
5285.000 0.262
5290.000 0.263
5295.000 0.262
5300.000 0.261
5305.000 0.262
5310.000 0.261
5315.000 0.261
5320.000 0.261
5325.000 0.261
5330.000 0.261
5335.000 0.262
5340.000 0.262
5345.000 0.263
5350.000 0.263
5355.000 0.262
5360.000 0.262
5365.000 0.262
5370.000 0.262
5375.000 0.263
5380.000 0.262
5385.000 0.262
5390.000 0.262
5395.000 0.262
5400.000 0.262
5405.000 0.263
5410.000 0.262
5415.000 0.262
5420.000 0.262
5425.000 0.261
5430.000 0.260
5435.000 0.260
5440.000 0.261
5445.000 0.261
5450.000 0.261
5455.000 0.260
5460.000 0.260
5465.000 0.259
5470.000 0.261
5475.000 0.260
5480.000 0.260
5485.000 0.260
5490.000 0.260
5495.000 0.261
5500.000 0.260
5505.000 0.261
5510.000 0.259
5515.000 0.260
5520.000 0.263
5525.000 0.262
5530.000 0.261
5535.000 0.261
5540.000 0.260
5545.000 0.261
5550.000 0.262
5555.000 0.261
5560.000 0.262
5565.000 0.262
5570.000 0.261
5575.000 0.261
5580.000 0.261
5585.000 0.262
5590.000 0.262
5595.000 0.264
5600.000 0.264
5605.000 0.265
5610.000 0.264
5615.000 0.265
5620.000 0.267
5625.000 0.266
5630.000 0.268
5635.000 0.268
5640.000 0.270
5645.000 0.270
5650.000 0.269
5655.000 0.271
5660.000 0.272
5665.000 0.274
5670.000 0.274
5675.000 0.275
5680.000 0.277
5685.000 0.278
5690.000 0.280
5695.000 0.281
5700.000 0.282
5705.000 0.284
5710.000 0.286
5715.000 0.287
5720.000 0.289
5725.000 0.291
5730.000 0.292
5735.000 0.294
5740.000 0.295
5745.000 0.297
5750.000 0.301
5755.000 0.303
5760.000 0.306
5765.000 0.307
5770.000 0.311
5775.000 0.314
5780.000 0.318
5785.000 0.321
5790.000 0.323
5795.000 0.326
5800.000 0.329
5805.000 0.333
5810.000 0.337
5815.000 0.343
5820.000 0.349
5825.000 0.351
5830.000 0.357
5835.000 0.363
5840.000 0.367
5845.000 0.374
5850.000 0.378
5855.000 0.385
5860.000 0.392
5865.000 0.399
5870.000 0.408
5875.000 0.416
5880.000 0.426
5885.000 0.436
5890.000 0.447
5895.000 0.457
5900.000 0.470
5905.000 0.484
5910.000 0.491
5915.000 0.497
5920.000 0.505
5925.000 0.514
5930.000 0.522
5935.000 0.531
5940.000 0.540
5945.000 0.547
5950.000 0.561
5955.000 0.569
5960.000 0.578
5965.000 0.589
5970.000 0.603
5975.000 0.612
5980.000 0.623
5985.000 0.632
5990.000 0.652
5995.000 0.668
6000.000 0.682
6005.000 0.699
6010.000 0.714
6015.000 0.739
6020.000 0.755
6025.000 0.776
6030.000 0.794
6035.000 0.813
6040.000 0.838
6045.000 0.863
6050.000 0.894
6055.000 0.919
6060.000 0.950
6065.000 0.994
6070.000 1.024
6075.000 1.070
6080.000 1.117
6085.000 1.165
6090.000 1.193
6095.000 1.245
6100.000 1.316
6105.000 1.391
6110.000 1.475
6115.000 1.567
6120.000 1.680
6125.000 1.815
6130.000 1.974
6135.000 2.184
6140.000 2.463
6145.000 2.851
6150.000 3.401
6155.000 3.757
6160.000 4.723
6165.000 6.187
6170.000 8.350
6175.000 11.361
6180.000 15.106
6185.000 18.895
6190.000 21.178
6195.000 19.255
6200.000 13.369
6205.000 8.726
6210.000 6.036
6215.000 5.181
6220.000 3.967
6225.000 3.184
6230.000 2.659
6235.000 2.301
6240.000 2.064
6245.000 1.925
6250.000 1.801
6255.000 1.649
6260.000 1.502
6265.000 1.379
6270.000 1.320
6275.000 1.212
6280.000 1.115
6285.000 1.035
6290.000 0.965
6295.000 0.903
6300.000 0.851
6305.000 0.802
6310.000 0.765
6315.000 0.729
6320.000 0.697
6325.000 0.668
6330.000 0.641
6335.000 0.630
6340.000 0.608
6345.000 0.587
6350.000 0.570
6355.000 0.554
6360.000 0.540
6365.000 0.525
6370.000 0.515
6375.000 0.504
6380.000 0.494
6385.000 0.485
6390.000 0.476
6395.000 0.470
6400.000 0.466
6405.000 0.461
6410.000 0.456
6415.000 0.452
6420.000 0.448
6425.000 0.446
6430.000 0.444
6435.000 0.444
6440.000 0.445
6445.000 0.447
6450.000 0.451
6455.000 0.459
6460.000 0.463
6465.000 0.472
6470.000 0.486
6475.000 0.503
6480.000 0.527
6485.000 0.561
6490.000 0.610
6495.000 0.682
6500.000 0.802
6505.000 1.031
6510.000 1.589
6515.000 2.164
6520.000 4.695
6525.000 8.207
6530.000 8.613
6535.000 2.414
6540.000 0.749
6545.000 0.493
6550.000 0.402
6555.000 0.242
6560.000 0.179
6565.000 0.128
6570.000 0.110
6575.000 0.102
6580.000 0.099
6585.000 0.098
6590.000 0.098
6595.000 0.099
6600.000 0.102
6605.000 0.104
6610.000 0.106
6615.000 0.107
6620.000 0.109
6625.000 0.111
6630.000 0.113
6635.000 0.115
6640.000 0.116
6645.000 0.117
6650.000 0.119
6655.000 0.119
6660.000 0.121
6665.000 0.122
6670.000 0.123
6675.000 0.123
6680.000 0.124
6685.000 0.125
6690.000 0.126
6695.000 0.127
6700.000 0.128
6705.000 0.128
6710.000 0.129
6715.000 0.129
6720.000 0.130
6725.000 0.129
6730.000 0.131
6735.000 0.131
6740.000 0.132
6745.000 0.132
6750.000 0.133
6755.000 0.132
6760.000 0.133
6765.000 0.133
6770.000 0.134
6775.000 0.135
6780.000 0.135
6785.000 0.135
6790.000 0.136
6795.000 0.136
6800.000 0.136
6805.000 0.137
6810.000 0.138
6815.000 0.138
6820.000 0.138
6825.000 0.139
6830.000 0.139
6835.000 0.140
6840.000 0.141
6845.000 0.141
6850.000 0.143
6855.000 0.143
6860.000 0.143
6865.000 0.143
6870.000 0.145
6875.000 0.145
6880.000 0.147
6885.000 0.147
6890.000 0.148
6895.000 0.148
6900.000 0.149
6905.000 0.149
6910.000 0.152
6915.000 0.153
6920.000 0.153
6925.000 0.155
6930.000 0.157
6935.000 0.158
6940.000 0.158
6945.000 0.159
6950.000 0.160
6955.000 0.161
6960.000 0.164
6965.000 0.165
6970.000 0.165
6975.000 0.168
6980.000 0.169
6985.000 0.172
6990.000 0.172
6995.000 0.174
7000.000 0.179
7005.000 0.179
7010.000 0.179
7015.000 0.183
7020.000 0.187
7025.000 0.191
7030.000 0.191
7035.000 0.193
7040.000 0.197
7045.000 0.200
7050.000 0.204
7055.000 0.208
7060.000 0.209
7065.000 0.211
7070.000 0.211
7075.000 0.215
7080.000 0.220
7085.000 0.225
7090.000 0.228
7095.000 0.231
7100.000 0.234
7105.000 0.239
7110.000 0.244
7115.000 0.248
7120.000 0.253
7125.000 0.256
7130.000 0.261
7135.000 0.266
7140.000 0.273
7145.000 0.278
7150.000 0.284
7155.000 0.290
7160.000 0.298
7165.000 0.305
7170.000 0.314
7175.000 0.322
7180.000 0.331
7185.000 0.341
7190.000 0.347
7195.000 0.357
7200.000 0.371
7205.000 0.384
7210.000 0.398
7215.000 0.415
7220.000 0.432
7225.000 0.452
7230.000 0.473
7235.000 0.497
7240.000 0.527
7245.000 0.558
7250.000 0.575
7255.000 0.616
7260.000 0.655
7265.000 0.688
7270.000 0.721
7275.000 0.755
7280.000 0.796
7285.000 0.839
7290.000 0.886
7295.000 0.940
7300.000 0.996
7305.000 1.058
7310.000 1.092
7315.000 1.174
7320.000 1.264
7325.000 1.371
7330.000 1.501
7335.000 1.666
7340.000 1.876
7345.000 2.150
7350.000 2.529
7355.000 3.028
7360.000 3.438
7365.000 4.797
7370.000 5.406
7375.000 7.113
7380.000 9.337
7385.000 11.923
7390.000 14.442
7395.000 16.029
7400.000 15.396
7405.000 12.090
7410.000 8.681
7415.000 6.246
7420.000 4.545
7425.000 3.504
7430.000 2.928
7435.000 2.688
7440.000 2.300
7445.000 2.013
7450.000 1.834
7455.000 1.701
7460.000 1.590
7465.000 1.494
7470.000 1.406
7475.000 1.307
7480.000 1.214
7485.000 1.129
7490.000 1.055
7495.000 1.017
7500.000 0.946
7505.000 0.888
7510.000 0.838
7515.000 0.795
7520.000 0.755
7525.000 0.720
7530.000 0.691
7535.000 0.665
7540.000 0.644
7545.000 0.625
7550.000 0.615
7555.000 0.596
7560.000 0.581
7565.000 0.564
7570.000 0.551
7575.000 0.539
7580.000 0.528
7585.000 0.518
7590.000 0.507
7595.000 0.494
7600.000 0.484
7605.000 0.476
7610.000 0.469
7615.000 0.464
7620.000 0.455
7625.000 0.450
7630.000 0.443
7635.000 0.436
7640.000 0.430
7645.000 0.425
7650.000 0.419
7655.000 0.417
7660.000 0.412
7665.000 0.408
7670.000 0.405
7675.000 0.403
7680.000 0.398
7685.000 0.396
7690.000 0.392
7695.000 0.389
7700.000 0.385
7705.000 0.382
7710.000 0.381
7715.000 0.378
7720.000 0.378
7725.000 0.376
7730.000 0.373
7735.000 0.372
7740.000 0.370
7745.000 0.371
7750.000 0.369
7755.000 0.369
7760.000 0.368
7765.000 0.368
7770.000 0.368
7775.000 0.368
7780.000 0.367
7785.000 0.367
7790.000 0.367
7795.000 0.368
7800.000 0.371
7805.000 0.370
7810.000 0.372
7815.000 0.373
7820.000 0.374
7825.000 0.377
7830.000 0.380
7835.000 0.381
7840.000 0.385
7845.000 0.388
7850.000 0.392
7855.000 0.394
7860.000 0.399
7865.000 0.405
7870.000 0.409
7875.000 0.415
7880.000 0.423
7885.000 0.432
7890.000 0.439
7895.000 0.451
7900.000 0.461
7905.000 0.475
7910.000 0.488
7915.000 0.500
7920.000 0.507
7925.000 0.525
7930.000 0.543
7935.000 0.566
7940.000 0.593
7945.000 0.627
7950.000 0.670
7955.000 0.728
7960.000 0.807
7965.000 0.917
7970.000 1.048
7975.000 1.248
7980.000 1.404
7985.000 1.916
7990.000 2.961
7995.000 5.167
8000.000 7.812
8005.000 8.362
8010.000 4.008
8015.000 1.408
8020.000 0.819
8025.000 0.613
8030.000 0.370
8035.000 0.301
8040.000 0.206
8045.000 0.144
8050.000 0.110
8055.000 0.091
8060.000 0.086
8065.000 0.090
8070.000 0.096
8075.000 0.103
8080.000 0.112
8085.000 0.119
8090.000 0.126
8095.000 0.133
8100.000 0.137
8105.000 0.142
8110.000 0.149
8115.000 0.154
8120.000 0.160
8125.000 0.166
8130.000 0.170
8135.000 0.176
8140.000 0.181
8145.000 0.186
8150.000 0.192
8155.000 0.196
8160.000 0.202
8165.000 0.203
8170.000 0.208
8175.000 0.213
8180.000 0.217
8185.000 0.222
8190.000 0.226
8195.000 0.233
8200.000 0.237
8205.000 0.242
8210.000 0.246
8215.000 0.253
8220.000 0.259
8225.000 0.261
8230.000 0.266
8235.000 0.272
8240.000 0.279
8245.000 0.285
8250.000 0.292
8255.000 0.298
8260.000 0.307
8265.000 0.313
8270.000 0.321
8275.000 0.328
8280.000 0.334
8285.000 0.344
8290.000 0.353
8295.000 0.363
8300.000 0.369
8305.000 0.376
8310.000 0.385
8315.000 0.393
8320.000 0.402
8325.000 0.413
8330.000 0.423
8335.000 0.433
8340.000 0.445
8345.000 0.451
8350.000 0.465
8355.000 0.480
8360.000 0.495
8365.000 0.511
8370.000 0.527
8375.000 0.549
8380.000 0.570
8385.000 0.594
8390.000 0.614
8395.000 0.633
8400.000 0.648
8405.000 0.659
8410.000 0.680
8415.000 0.706
8420.000 0.727
8425.000 0.758
8430.000 0.789
8435.000 0.824
8440.000 0.864
8445.000 0.909
8450.000 0.965
8455.000 1.036
8460.000 1.144
8465.000 1.327
8470.000 1.472
8475.000 1.987
8480.000 2.857
8485.000 2.515
8490.000 0.650
8495.000 0.659
8500.000 1.054
8505.000 1.361
8510.000 1.571
8515.000 1.802
8520.000 2.008
8525.000 2.134
8530.000 2.440
8535.000 2.807
8540.000 3.264
8545.000 3.848
8550.000 4.575
8555.000 5.477
8560.000 6.571
8565.000 7.836
8570.000 9.210
8575.000 10.483
8580.000 11.207
8585.000 11.201
8590.000 10.253
8595.000 8.309
8600.000 6.335
8605.000 4.774
8610.000 3.592
8615.000 2.710
8620.000 2.043
8625.000 1.659
8630.000 1.510
8635.000 1.394
8640.000 1.306
8645.000 1.224
8650.000 1.186
8655.000 1.113
8660.000 1.048
8665.000 0.989
8670.000 0.923
8675.000 0.865
8680.000 0.807
8685.000 0.753
8690.000 0.700
8695.000 0.651
8700.000 0.611
8705.000 0.575
8710.000 0.559
8715.000 0.531
8720.000 0.504
8725.000 0.482
8730.000 0.462
8735.000 0.440
8740.000 0.423
8745.000 0.407
8750.000 0.392
8755.000 0.380
8760.000 0.367
8765.000 0.361
8770.000 0.349
8775.000 0.340
8780.000 0.330
8785.000 0.321
8790.000 0.313
8795.000 0.306
8800.000 0.299
8805.000 0.292
8810.000 0.285
8815.000 0.281
8820.000 0.274
8825.000 0.271
8830.000 0.271
8835.000 0.262
8840.000 0.254
8845.000 0.252
8850.000 0.248
8855.000 0.243
8860.000 0.241
8865.000 0.235
8870.000 0.233
8875.000 0.227
8880.000 0.224
8885.000 0.220
8890.000 0.219
8895.000 0.216
8900.000 0.213
8905.000 0.210
8910.000 0.208
8915.000 0.205
8920.000 0.202
8925.000 0.199
8930.000 0.197
8935.000 0.195
8940.000 0.193
8945.000 0.190
8950.000 0.187
8955.000 0.188
8960.000 0.185
8965.000 0.184
8970.000 0.182
8975.000 0.182
8980.000 0.180
8985.000 0.178
8990.000 0.178
8995.000 0.176
9000.000 0.174
9005.000 0.174
9010.000 0.174
9015.000 0.172
9020.000 0.169
9025.000 0.168
9030.000 0.168
9035.000 0.170
9040.000 0.167
9045.000 0.168
9050.000 0.165
9055.000 0.166
9060.000 0.166
9065.000 0.165
9070.000 0.164
9075.000 0.164
9080.000 0.165
9085.000 0.165
9090.000 0.165
9095.000 0.164
9100.000 0.165
9105.000 0.165
9110.000 0.165
9115.000 0.166
9120.000 0.167
9125.000 0.166
9130.000 0.167
9135.000 0.168
9140.000 0.168
9145.000 0.169
9150.000 0.171
9155.000 0.172
9160.000 0.173
9165.000 0.176
9170.000 0.175
9175.000 0.176
9180.000 0.179
9185.000 0.181
9190.000 0.183
9195.000 0.185
9200.000 0.187
9205.000 0.188
9210.000 0.191
9215.000 0.194
9220.000 0.197
9225.000 0.202
9230.000 0.206
9235.000 0.211
9240.000 0.215
9245.000 0.220
9250.000 0.228
9255.000 0.230
9260.000 0.236
9265.000 0.243
9270.000 0.250
9275.000 0.259
9280.000 0.268
9285.000 0.278
9290.000 0.288
9295.000 0.297
9300.000 0.307
9305.000 0.318
9310.000 0.331
9315.000 0.338
9320.000 0.353
9325.000 0.371
9330.000 0.391
9335.000 0.415
9340.000 0.442
9345.000 0.477
9350.000 0.518
9355.000 0.568
9360.000 0.616
9365.000 0.676
9370.000 0.757
9375.000 0.870
9380.000 0.948
9385.000 1.163
9390.000 1.520
9395.000 2.148
9400.000 3.220
9405.000 4.852
9410.000 7.022
9415.000 8.782
9420.000 6.696
9425.000 3.149
9430.000 1.768
9435.000 1.223
9440.000 1.030
9445.000 0.742
9450.000 0.558
9455.000 0.430
9460.000 0.337
9465.000 0.270
9470.000 0.217
9475.000 0.177
9480.000 0.140
9485.000 0.112
9490.000 0.089
9495.000 0.076
9500.000 0.058
9505.000 0.041
9510.000 0.026
9515.000 0.017
9520.000 0.015
9525.000 0.023
9530.000 0.034
9535.000 0.044
9540.000 0.056
9545.000 0.066
9550.000 0.079
9555.000 0.090
9560.000 0.096
9565.000 0.107
9570.000 0.119
9575.000 0.132
9580.000 0.146
9585.000 0.158
9590.000 0.172
9595.000 0.186
9600.000 0.202
9605.000 0.218
9610.000 0.236
9615.000 0.255
9620.000 0.267
9625.000 0.289
9630.000 0.315
9635.000 0.344
9640.000 0.380
9645.000 0.422
9650.000 0.473
9655.000 0.536
9660.000 0.614
9665.000 0.700
9670.000 0.792
9675.000 0.905
9680.000 1.046
9685.000 1.125
9690.000 1.321
9695.000 1.550
9700.000 1.823
9705.000 2.149
9710.000 2.523
9715.000 2.978
9720.000 3.546
9725.000 4.231
9730.000 5.099
9735.000 6.024
9740.000 6.500
9745.000 7.404
9750.000 8.016
9755.000 8.041
9760.000 7.376
9765.000 6.270
9770.000 5.131
9775.000 4.124
9780.000 3.320
9785.000 2.712
9790.000 2.249
9795.000 1.887
9800.000 1.731
9805.000 1.458
9810.000 1.230
9815.000 1.086
9820.000 1.040
9825.000 1.018
9830.000 0.988
9835.000 0.958
9840.000 0.920
9845.000 0.892
9850.000 0.857
9855.000 0.829
9860.000 0.804
9865.000 0.791
9870.000 0.765
9875.000 0.745
9880.000 0.722
9885.000 0.701
9890.000 0.683
9895.000 0.665
9900.000 0.645
9905.000 0.626
9910.000 0.608
9915.000 0.591
9920.000 0.573
9925.000 0.569
9930.000 0.551
9935.000 0.534
9940.000 0.518
9945.000 0.505
9950.000 0.491
9955.000 0.479
9960.000 0.466
9965.000 0.456
9970.000 0.444
9975.000 0.433
9980.000 0.426
9985.000 0.420
9990.000 0.412
9995.000 0.403
10000.000 0.394
10005.000 0.384
10010.000 0.375
10015.000 0.370
10020.000 0.365
10025.000 0.358
10030.000 0.349
10035.000 0.343
10040.000 0.333
10045.000 0.327
10050.000 0.313
10055.000 0.300
10060.000 0.286
10065.000 0.268
10070.000 0.253
10075.000 0.229
10080.000 0.199
10085.000 0.162
10090.000 0.115
10095.000 0.154
10100.000 0.527
10105.000 1.784
10110.000 1.964
10115.000 1.643
10120.000 1.071
10125.000 0.957
10130.000 0.786
10135.000 0.692
10140.000 0.615
10145.000 0.561
10150.000 0.526
10155.000 0.500
10160.000 0.482
10165.000 0.464
10170.000 0.452
10175.000 0.435
10180.000 0.426
10185.000 0.422
10190.000 0.415
10195.000 0.413
10200.000 0.409
10205.000 0.405
10210.000 0.401
10215.000 0.400
10220.000 0.398
10225.000 0.399
10230.000 0.396
10235.000 0.395
10240.000 0.393
10245.000 0.393
10250.000 0.393
10255.000 0.392
10260.000 0.393
10265.000 0.390
10270.000 0.391
10275.000 0.389
10280.000 0.389
10285.000 0.389
10290.000 0.391
10295.000 0.390
10300.000 0.388
10305.000 0.389
10310.000 0.386
10315.000 0.386
10320.000 0.386
10325.000 0.387
10330.000 0.388
10335.000 0.387
10340.000 0.387
10345.000 0.388
10350.000 0.388
10355.000 0.387
10360.000 0.389
10365.000 0.388
10370.000 0.389
10375.000 0.390
10380.000 0.389
10385.000 0.389
10390.000 0.389
10395.000 0.393
10400.000 0.393
10405.000 0.396
10410.000 0.399
10415.000 0.402
10420.000 0.405
10425.000 0.408
10430.000 0.406
10435.000 0.405
10440.000 0.405
10445.000 0.406
10450.000 0.408
10455.000 0.409
10460.000 0.410
10465.000 0.413
10470.000 0.417
10475.000 0.417
10480.000 0.421
10485.000 0.421
10490.000 0.424
10495.000 0.427
10500.000 0.430
10505.000 0.432
10510.000 0.435
10515.000 0.440
10520.000 0.440
10525.000 0.442
10530.000 0.444
10535.000 0.451
10540.000 0.453
10545.000 0.459
10550.000 0.464
10555.000 0.465
10560.000 0.471
10565.000 0.472
10570.000 0.479
10575.000 0.484
10580.000 0.487
10585.000 0.495
10590.000 0.500
10595.000 0.503
10600.000 0.510
10605.000 0.518
10610.000 0.525
10615.000 0.530
10620.000 0.539
10625.000 0.550
10630.000 0.560
10635.000 0.571
10640.000 0.583
10645.000 0.593
10650.000 0.603
10655.000 0.611
10660.000 0.628
10665.000 0.644
10670.000 0.659
10675.000 0.676
10680.000 0.695
10685.000 0.716
10690.000 0.747
10695.000 0.775
10700.000 0.804
10705.000 0.839
10710.000 0.879
10715.000 0.929
10720.000 0.958
10725.000 1.019
10730.000 1.092
10735.000 1.188
10740.000 1.315
10745.000 1.494
10750.000 1.749
10755.000 2.135
10760.000 2.727
10765.000 3.572
10770.000 4.549
10775.000 4.941
10780.000 4.960
10785.000 3.696
10790.000 2.274
10795.000 1.437
10800.000 0.960
10805.000 0.609
10810.000 0.398
10815.000 0.279
10820.000 0.167
10825.000 0.085
10830.000 0.056
10835.000 0.093
10840.000 0.120
10845.000 0.173
10850.000 0.226
10855.000 0.284
10860.000 0.366
10865.000 0.485
10870.000 0.658
10875.000 0.915
10880.000 1.255
10885.000 1.653
10890.000 2.073
10895.000 2.487
10900.000 2.706
10905.000 3.124
10910.000 3.498
10915.000 3.739
10920.000 3.749
10925.000 3.526
10930.000 3.166
10935.000 2.784
10940.000 2.429
10945.000 2.107
10950.000 1.811
10955.000 1.547
10960.000 1.302
10965.000 1.185
10970.000 0.957
10975.000 0.752
10980.000 0.549
10985.000 0.353
10990.000 0.185
10995.000 0.094
11000.000 0.112
11005.000 0.139
11010.000 0.156
11015.000 0.164
11020.000 0.166
11025.000 0.164
11030.000 0.162
11035.000 0.155
11040.000 0.151
11045.000 0.144
11050.000 0.141
11055.000 0.133
11060.000 0.129
11065.000 0.124
11070.000 0.120
11075.000 0.115
11080.000 0.112
11085.000 0.108
11090.000 0.104
11095.000 0.100
11100.000 0.096
11105.000 0.092
11110.000 0.089
11115.000 0.085
11120.000 0.083
11125.000 0.079
11130.000 0.076
11135.000 0.073
11140.000 0.071
11145.000 0.069
11150.000 0.069
11155.000 0.065
11160.000 0.064
11165.000 0.061
11170.000 0.060
11175.000 0.058
11180.000 0.055
11185.000 0.054
11190.000 0.053
11195.000 0.051
11200.000 0.049
11205.000 0.049
11210.000 0.048
11215.000 0.047
11220.000 0.045
11225.000 0.043
11230.000 0.044
11235.000 0.042
11240.000 0.041
11245.000 0.041
11250.000 0.040
11255.000 0.039
11260.000 0.039
11265.000 0.039
11270.000 0.038
11275.000 0.038
11280.000 0.037
11285.000 0.037
11290.000 0.039
11295.000 0.039
11300.000 0.037
11305.000 0.039
11310.000 0.037
11315.000 0.036
11320.000 0.034
11325.000 0.035
11330.000 0.033
11335.000 0.033
11340.000 0.031
11345.000 0.032
11350.000 0.031
11355.000 0.031
11360.000 0.030
11365.000 0.028
11370.000 0.029
11375.000 0.029
11380.000 0.028
11385.000 0.028
11390.000 0.027
11395.000 0.028
11400.000 0.026
11405.000 0.026
11410.000 0.026
11415.000 0.025
11420.000 0.024
11425.000 0.025
11430.000 0.023
11435.000 0.023
11440.000 0.022
11445.000 0.022
11450.000 0.021
11455.000 0.021
11460.000 0.020
11465.000 0.019
11470.000 0.018
11475.000 0.018
11480.000 0.017
11485.000 0.017
11490.000 0.016
11495.000 0.015
11500.000 0.014
11505.000 0.013
11510.000 0.013
11515.000 0.012
11520.000 0.011
11525.000 0.010
11530.000 0.009
11535.000 0.008
11540.000 0.008
11545.000 0.007
11550.000 0.007
11555.000 0.008
11560.000 0.010
11565.000 0.011
11570.000 0.015
11575.000 0.016
11580.000 0.020
11585.000 0.025
11590.000 0.032
11595.000 0.041
11600.000 0.051
11605.000 0.063
11610.000 0.081
11615.000 0.111
11620.000 0.164
11625.000 0.283
11630.000 0.397
11635.000 0.778
11640.000 1.277
11645.000 1.559
11650.000 1.061
11655.000 0.859
11660.000 0.577
11665.000 0.446
11670.000 0.362
11675.000 0.301
11680.000 0.258
11685.000 0.228
11690.000 0.216
11695.000 0.197
11700.000 0.183
11705.000 0.174
11710.000 0.168
11715.000 0.162
11720.000 0.160
11725.000 0.158
11730.000 0.159
11735.000 0.158
11740.000 0.158
11745.000 0.159
11750.000 0.159
11755.000 0.160
11760.000 0.163
11765.000 0.163
11770.000 0.167
11775.000 0.167
11780.000 0.171
11785.000 0.173
11790.000 0.177
11795.000 0.182
11800.000 0.185
11805.000 0.189
11810.000 0.190
11815.000 0.194
11820.000 0.199
11825.000 0.204
11830.000 0.209
11835.000 0.215
11840.000 0.222
11845.000 0.229
11850.000 0.235
11855.000 0.244
11860.000 0.253
11865.000 0.262
11870.000 0.271
11875.000 0.277
11880.000 0.287
11885.000 0.300
11890.000 0.311
11895.000 0.327
11900.000 0.347
11905.000 0.367
11910.000 0.377
11915.000 0.389
11920.000 0.408
11925.000 0.429
11930.000 0.452
11935.000 0.466
11940.000 0.493
11945.000 0.526
11950.000 0.553
11955.000 0.575
11960.000 0.544
11965.000 0.389
11970.000 0.415
11975.000 0.943
11980.000 1.150
11985.000 1.330
11990.000 1.422
11995.000 1.608
12000.000 1.807
