105.000 0.009
110.000 0.646
115.000 0.950
120.000 1.108
125.000 1.238
130.000 1.291
135.000 1.339
140.000 1.390
145.000 1.369
150.000 1.353
155.000 1.346
160.000 1.337
165.000 1.294
170.000 1.284
175.000 1.247
180.000 1.235
185.000 1.190
190.000 1.240
195.000 1.250
200.000 1.205
205.000 1.286
210.000 1.297
215.000 1.302
220.000 1.282
225.000 1.331
230.000 1.357
235.000 1.400
240.000 1.410
245.000 1.431
250.000 1.427
255.000 1.488
260.000 1.480
265.000 1.482
270.000 1.519
275.000 1.511
280.000 1.551
285.000 1.554
290.000 1.547
295.000 1.590
300.000 1.603
305.000 1.617
310.000 1.629
315.000 1.627
320.000 1.636
325.000 1.653
330.000 1.678
335.000 1.716
340.000 1.746
345.000 1.796
350.000 1.879
355.000 1.976
360.000 2.043
365.000 2.155
370.000 2.265
375.000 2.383
380.000 2.458
385.000 2.587
390.000 2.739
395.000 2.884
400.000 3.006
405.000 3.116
410.000 3.188
415.000 3.188
420.000 3.155
425.000 3.041
430.000 2.856
435.000 2.582
440.000 2.428
445.000 2.110
450.000 1.813
455.000 1.553
460.000 1.346
465.000 1.171
470.000 1.041
475.000 0.943
480.000 0.865
485.000 0.802
490.000 0.753
495.000 0.713
500.000 0.667
505.000 0.654
510.000 0.614
515.000 0.578
520.000 0.552
525.000 0.518
530.000 0.494
535.000 0.471
540.000 0.449
545.000 0.428
550.000 0.412
555.000 0.395
560.000 0.383
565.000 0.360
570.000 0.342
575.000 0.326
580.000 0.307
585.000 0.293
590.000 0.286
595.000 0.272
600.000 0.262
605.000 0.255
610.000 0.246
615.000 0.242
620.000 0.229
625.000 0.226
630.000 0.220
635.000 0.213
640.000 0.207
645.000 0.201
650.000 0.198
655.000 0.191
660.000 0.190
665.000 0.182
670.000 0.181
675.000 0.173
680.000 0.174
685.000 0.174
690.000 0.169
695.000 0.169
700.000 0.163
705.000 0.160
710.000 0.158
715.000 0.155
720.000 0.157
725.000 0.146
730.000 0.148
735.000 0.147
740.000 0.142
745.000 0.144
750.000 0.141
755.000 0.137
760.000 0.139
765.000 0.137
770.000 0.134
775.000 0.129
780.000 0.130
785.000 0.130
790.000 0.130
795.000 0.128
800.000 0.127
805.000 0.125
810.000 0.127
815.000 0.125
820.000 0.122
825.000 0.125
830.000 0.123
835.000 0.121
840.000 0.118
845.000 0.122
850.000 0.118
855.000 0.117
860.000 0.119
865.000 0.118
870.000 0.115
875.000 0.115
880.000 0.116
885.000 0.118
890.000 0.113
895.000 0.115
900.000 0.114
905.000 0.113
910.000 0.115
915.000 0.112
920.000 0.113
925.000 0.110
930.000 0.112
935.000 0.114
940.000 0.113
945.000 0.112
950.000 0.110
955.000 0.114
960.000 0.111
965.000 0.117
970.000 0.110
975.000 0.113
980.000 0.112
985.000 0.109
990.000 0.115
995.000 0.114
1000.000 0.116
1005.000 0.105
1010.000 0.106
1015.000 0.108
1020.000 0.112
1025.000 0.115
1030.000 0.112
1035.000 0.113
1040.000 0.108
1045.000 0.111
1050.000 0.111
1055.000 0.108
1060.000 0.109
1065.000 0.109
1070.000 0.106
1075.000 0.106
1080.000 0.108
1085.000 0.109
1090.000 0.109
1095.000 0.110
1100.000 0.110
1105.000 0.108
1110.000 0.108
1115.000 0.111
1120.000 0.108
1125.000 0.109
1130.000 0.108
1135.000 0.108
1140.000 0.107
1145.000 0.111
1150.000 0.109
1155.000 0.109
1160.000 0.107
1165.000 0.108
1170.000 0.109
1175.000 0.109
1180.000 0.112
1185.000 0.109
1190.000 0.109
1195.000 0.110
1200.000 0.110
1205.000 0.112
1210.000 0.111
1215.000 0.112
1220.000 0.111
1225.000 0.110
1230.000 0.112
1235.000 0.112
1240.000 0.115
1245.000 0.112
1250.000 0.113
1255.000 0.114
1260.000 0.115
1265.000 0.115
1270.000 0.116
1275.000 0.116
1280.000 0.115
1285.000 0.116
1290.000 0.116
1295.000 0.118
1300.000 0.118
1305.000 0.117
1310.000 0.120
1315.000 0.118
1320.000 0.120
1325.000 0.121
1330.000 0.121
1335.000 0.123
1340.000 0.122
1345.000 0.122
1350.000 0.123
1355.000 0.123
1360.000 0.124
1365.000 0.123
1370.000 0.127
1375.000 0.127
1380.000 0.126
1385.000 0.131
1390.000 0.130
1395.000 0.130
1400.000 0.130
1405.000 0.130
1410.000 0.133
1415.000 0.131
1420.000 0.132
1425.000 0.134
1430.000 0.136
1435.000 0.134
1440.000 0.137
1445.000 0.136
1450.000 0.135
1455.000 0.136
1460.000 0.135
1465.000 0.135
1470.000 0.134
1475.000 0.133
1480.000 0.133
1485.000 0.133
1490.000 0.133
1495.000 0.132
1500.000 0.135
1505.000 0.137
1510.000 0.139
1515.000 0.145
1520.000 0.146
1525.000 0.151
1530.000 0.154
1535.000 0.156
1540.000 0.160
1545.000 0.162
1550.000 0.165
1555.000 0.166
1560.000 0.172
1565.000 0.175
1570.000 0.177
1575.000 0.182
1580.000 0.184
1585.000 0.189
1590.000 0.194
1595.000 0.194
1600.000 0.199
1605.000 0.205
1610.000 0.205
1615.000 0.209
1620.000 0.215
1625.000 0.221
1630.000 0.224
1635.000 0.229
1640.000 0.235
1645.000 0.239
1650.000 0.243
1655.000 0.248
1660.000 0.252
1665.000 0.260
1670.000 0.264
1675.000 0.271
1680.000 0.282
1685.000 0.286
1690.000 0.293
1695.000 0.301
1700.000 0.311
1705.000 0.315
1710.000 0.322
1715.000 0.330
1720.000 0.333
1725.000 0.344
1730.000 0.352
1735.000 0.361
1740.000 0.369
1745.000 0.378
1750.000 0.389
1755.000 0.401
1760.000 0.410
1765.000 0.420
1770.000 0.432
1775.000 0.440
1780.000 0.445
1785.000 0.459
1790.000 0.466
1795.000 0.480
1800.000 0.486
1805.000 0.500
1810.000 0.509
1815.000 0.517
1820.000 0.526
1825.000 0.538
1830.000 0.544
1835.000 0.550
1840.000 0.554
1845.000 0.561
1850.000 0.566
1855.000 0.572
1860.000 0.578
1865.000 0.579
1870.000 0.586
1875.000 0.588
1880.000 0.591
1885.000 0.590
1890.000 0.592
1895.000 0.591
1900.000 0.590
1905.000 0.594
1910.000 0.590
1915.000 0.588
1920.000 0.590
1925.000 0.586
1930.000 0.583
1935.000 0.579
1940.000 0.576
1945.000 0.576
1950.000 0.571
1955.000 0.568
1960.000 0.565
1965.000 0.564
1970.000 0.560
1975.000 0.559
1980.000 0.556
1985.000 0.551
1990.000 0.552
1995.000 0.554
2000.000 0.545
2005.000 0.552
2010.000 0.549
2015.000 0.541
2020.000 0.547
2025.000 0.537
2030.000 0.535
2035.000 0.541
2040.000 0.535
2045.000 0.537
2050.000 0.536
2055.000 0.537
2060.000 0.537
2065.000 0.533
2070.000 0.538
2075.000 0.539
2080.000 0.539
2085.000 0.543
2090.000 0.543
2095.000 0.546
2100.000 0.548
2105.000 0.551
2110.000 0.556
2115.000 0.560
2120.000 0.564
2125.000 0.571
2130.000 0.576
2135.000 0.585
2140.000 0.591
2145.000 0.596
2150.000 0.607
2155.000 0.614
2160.000 0.627
2165.000 0.635
2170.000 0.650
2175.000 0.663
2180.000 0.681
2185.000 0.699
2190.000 0.721
2195.000 0.749
2200.000 0.770
2205.000 0.783
2210.000 0.815
2215.000 0.848
2220.000 0.890
2225.000 0.929
2230.000 0.982
2235.000 1.045
2240.000 1.126
2245.000 1.225
2250.000 1.361
2255.000 1.555
2260.000 1.855
2265.000 2.319
2270.000 2.649
2275.000 3.769
2280.000 5.622
2285.000 8.489
2290.000 12.082
2295.000 14.240
2300.000 12.590
2305.000 9.804
2310.000 5.023
2315.000 3.053
2320.000 2.139
2325.000 1.824
2330.000 1.372
2335.000 1.075
2340.000 0.864
2345.000 0.706
2350.000 0.589
2355.000 0.502
2360.000 0.431
2365.000 0.378
2370.000 0.334
2375.000 0.297
2380.000 0.268
2385.000 0.239
2390.000 0.228
2395.000 0.208
2400.000 0.191
2405.000 0.177
2410.000 0.162
2415.000 0.152
2420.000 0.139
2425.000 0.131
2430.000 0.122
2435.000 0.114
2440.000 0.107
2445.000 0.101
2450.000 0.099
2455.000 0.093
2460.000 0.088
2465.000 0.084
2470.000 0.079
2475.000 0.077
2480.000 0.074
2485.000 0.071
2490.000 0.069
2495.000 0.068
2500.000 0.068
2505.000 0.066
2510.000 0.064
2515.000 0.064
2520.000 0.064
2525.000 0.065
2530.000 0.064
2535.000 0.064
2540.000 0.065
2545.000 0.065
2550.000 0.067
2555.000 0.067
2560.000 0.067
2565.000 0.069
2570.000 0.070
2575.000 0.072
2580.000 0.073
2585.000 0.074
2590.000 0.076
2595.000 0.077
2600.000 0.078
2605.000 0.080
2610.000 0.082
2615.000 0.083
2620.000 0.085
2625.000 0.087
2630.000 0.088
2635.000 0.091
2640.000 0.091
2645.000 0.093
2650.000 0.096
2655.000 0.097
2660.000 0.100
2665.000 0.101
2670.000 0.105
2675.000 0.107
2680.000 0.109
2685.000 0.112
2690.000 0.115
2695.000 0.117
2700.000 0.119
2705.000 0.121
2710.000 0.124
2715.000 0.127
2720.000 0.129
2725.000 0.132
2730.000 0.136
2735.000 0.139
2740.000 0.143
2745.000 0.145
2750.000 0.149
2755.000 0.151
2760.000 0.154
2765.000 0.157
2770.000 0.160
2775.000 0.164
2780.000 0.168
2785.000 0.171
2790.000 0.175
2795.000 0.178
2800.000 0.183
2805.000 0.185
2810.000 0.187
2815.000 0.191
2820.000 0.193
2825.000 0.197
2830.000 0.200
2835.000 0.202
2840.000 0.205
2845.000 0.207
2850.000 0.212
2855.000 0.214
2860.000 0.215
2865.000 0.218
2870.000 0.221
2875.000 0.220
2880.000 0.223
2885.000 0.224
2890.000 0.227
2895.000 0.228
2900.000 0.229
2905.000 0.232
2910.000 0.232
2915.000 0.234
2920.000 0.236
2925.000 0.235
2930.000 0.237
2935.000 0.237
2940.000 0.239
2945.000 0.240
2950.000 0.240
2955.000 0.242
2960.000 0.244
2965.000 0.243
2970.000 0.240
2975.000 0.243
2980.000 0.242
2985.000 0.242
2990.000 0.239
2995.000 0.239
3000.000 0.245
3005.000 0.240
3010.000 0.239
3015.000 0.239
3020.000 0.242
3025.000 0.245
3030.000 0.242
3035.000 0.240
3040.000 0.238
3045.000 0.241
3050.000 0.243
3055.000 0.238
3060.000 0.239
3065.000 0.242
3070.000 0.241
3075.000 0.242
3080.000 0.244
3085.000 0.246
3090.000 0.246
3095.000 0.246
3100.000 0.247
3105.000 0.248
3110.000 0.249
3115.000 0.250
3120.000 0.251
3125.000 0.251
3130.000 0.252
3135.000 0.252
3140.000 0.252
3145.000 0.253
3150.000 0.254
3155.000 0.254
3160.000 0.256
3165.000 0.259
3170.000 0.258
3175.000 0.259
3180.000 0.260
3185.000 0.261
3190.000 0.261
3195.000 0.262
3200.000 0.265
3205.000 0.265
3210.000 0.264
3215.000 0.266
3220.000 0.268
3225.000 0.270
3230.000 0.273
3235.000 0.273
3240.000 0.273
3245.000 0.274
3250.000 0.274
3255.000 0.283
3260.000 0.282
3265.000 0.282
3270.000 0.283
3275.000 0.287
3280.000 0.290
3285.000 0.291
3290.000 0.293
3295.000 0.295
3300.000 0.297
3305.000 0.297
3310.000 0.302
3315.000 0.304
3320.000 0.306
3325.000 0.311
3330.000 0.313
3335.000 0.318
3340.000 0.322
3345.000 0.325
3350.000 0.328
3355.000 0.334
3360.000 0.336
3365.000 0.340
3370.000 0.344
3375.000 0.350
3380.000 0.356
3385.000 0.361
3390.000 0.370
3395.000 0.376
3400.000 0.385
3405.000 0.392
3410.000 0.400
3415.000 0.410
3420.000 0.418
3425.000 0.420
3430.000 0.431
3435.000 0.441
3440.000 0.454
3445.000 0.465
3450.000 0.470
3455.000 0.481
3460.000 0.490
3465.000 0.500
3470.000 0.511
3475.000 0.522
3480.000 0.534
3485.000 0.542
3490.000 0.553
3495.000 0.567
3500.000 0.580
3505.000 0.596
3510.000 0.615
3515.000 0.633
3520.000 0.655
3525.000 0.674
3530.000 0.694
3535.000 0.718
3540.000 0.732
3545.000 0.758
3550.000 0.788
3555.000 0.819
3560.000 0.855
3565.000 0.891
3570.000 0.931
3575.000 0.976
3580.000 1.028
3585.000 1.081
3590.000 1.141
3595.000 1.212
3600.000 1.293
3605.000 1.335
3610.000 1.439
3615.000 1.568
3620.000 1.730
3625.000 1.950
3630.000 2.229
3635.000 2.625
3640.000 3.200
3645.000 4.072
3650.000 5.430
3655.000 7.539
3660.000 10.656
3665.000 12.581
3670.000 17.011
3675.000 21.645
3680.000 25.916
3685.000 24.732
3690.000 14.551
3695.000 9.288
3700.000 6.285
3705.000 4.538
3710.000 3.475
3715.000 2.771
3720.000 2.283
3725.000 1.915
3730.000 1.768
3735.000 1.524
3740.000 1.335
3745.000 1.185
3750.000 1.067
3755.000 0.966
3760.000 0.878
3765.000 0.810
3770.000 0.753
3775.000 0.702
3780.000 0.661
3785.000 0.641
3790.000 0.606
3795.000 0.574
3800.000 0.548
3805.000 0.523
3810.000 0.499
3815.000 0.478
3820.000 0.461
3825.000 0.445
3830.000 0.429
3835.000 0.417
3840.000 0.402
3845.000 0.397
3850.000 0.387
3855.000 0.375
3860.000 0.365
3865.000 0.355
3870.000 0.347
3875.000 0.339
3880.000 0.331
3885.000 0.323
3890.000 0.317
3895.000 0.310
3900.000 0.303
3905.000 0.298
3910.000 0.294
3915.000 0.289
3920.000 0.284
3925.000 0.279
3930.000 0.274
3935.000 0.269
3940.000 0.263
3945.000 0.260
3950.000 0.256
3955.000 0.254
3960.000 0.250
3965.000 0.247
3970.000 0.243
3975.000 0.239
3980.000 0.236
3985.000 0.233
3990.000 0.231
3995.000 0.229
4000.000 0.223
4005.000 0.225
4010.000 0.224
4015.000 0.218
4020.000 0.219
4025.000 0.214
4030.000 0.211
4035.000 0.212
4040.000 0.206
4045.000 0.205
4050.000 0.207
4055.000 0.203
4060.000 0.201
4065.000 0.201
4070.000 0.198
4075.000 0.197
4080.000 0.195
4085.000 0.193
4090.000 0.193
4095.000 0.190
4100.000 0.189
4105.000 0.188
4110.000 0.187
4115.000 0.185
4120.000 0.184
4125.000 0.182
4130.000 0.182
4135.000 0.180
4140.000 0.180
4145.000 0.177
4150.000 0.176
4155.000 0.177
4160.000 0.174
4165.000 0.173
4170.000 0.172
4175.000 0.171
4180.000 0.169
4185.000 0.169
4190.000 0.167
4195.000 0.164
4200.000 0.163
4205.000 0.161
4210.000 0.160
4215.000 0.159
4220.000 0.158
4225.000 0.156
4230.000 0.155
4235.000 0.153
4240.000 0.153
4245.000 0.151
4250.000 0.150
4255.000 0.148
4260.000 0.146
4265.000 0.145
4270.000 0.144
4275.000 0.142
4280.000 0.140
4285.000 0.139
4290.000 0.139
4295.000 0.137
4300.000 0.137
4305.000 0.136
4310.000 0.135
4315.000 0.136
4320.000 0.136
4325.000 0.137
4330.000 0.137
4335.000 0.138
4340.000 0.139
4345.000 0.139
4350.000 0.139
4355.000 0.141
4360.000 0.142
4365.000 0.142
4370.000 0.143
4375.000 0.143
4380.000 0.145
4385.000 0.145
4390.000 0.146
4395.000 0.146
4400.000 0.148
4405.000 0.148
4410.000 0.150
4415.000 0.151
4420.000 0.152
4425.000 0.153
4430.000 0.155
4435.000 0.155
4440.000 0.154
4445.000 0.154
4450.000 0.154
4455.000 0.155
4460.000 0.155
4465.000 0.155
4470.000 0.157
4475.000 0.158
4480.000 0.158
4485.000 0.158
4490.000 0.159
4495.000 0.159
4500.000 0.160
4505.000 0.161
4510.000 0.161
4515.000 0.162
4520.000 0.164
4525.000 0.164
4530.000 0.165
4535.000 0.165
4540.000 0.167
4545.000 0.168
4550.000 0.168
4555.000 0.170
4560.000 0.171
4565.000 0.172
4570.000 0.173
4575.000 0.174
4580.000 0.175
4585.000 0.176
4590.000 0.178
4595.000 0.180
4600.000 0.181
4605.000 0.182
4610.000 0.185
4615.000 0.186
4620.000 0.188
4625.000 0.190
4630.000 0.192
4635.000 0.194
4640.000 0.194
4645.000 0.197
4650.000 0.199
4655.000 0.203
4660.000 0.204
4665.000 0.206
4670.000 0.210
4675.000 0.212
4680.000 0.216
4685.000 0.218
4690.000 0.223
4695.000 0.225
4700.000 0.227
4705.000 0.231
4710.000 0.236
4715.000 0.239
4720.000 0.245
4725.000 0.250
4730.000 0.255
4735.000 0.260
4740.000 0.267
4745.000 0.274
4750.000 0.282
4755.000 0.286
4760.000 0.295
4765.000 0.304
4770.000 0.314
4775.000 0.325
4780.000 0.336
4785.000 0.350
4790.000 0.364
4795.000 0.381
4800.000 0.402
4805.000 0.424
4810.000 0.447
4815.000 0.470
4820.000 0.479
4825.000 0.494
4830.000 0.516
4835.000 0.535
4840.000 0.559
4845.000 0.583
4850.000 0.609
4855.000 0.641
4860.000 0.675
4865.000 0.713
4870.000 0.758
4875.000 0.807
4880.000 0.836
4885.000 0.899
4890.000 0.977
4895.000 1.072
4900.000 1.193
4905.000 1.356
4910.000 1.589
4915.000 1.854
4920.000 2.197
4925.000 2.624
4930.000 3.057
4935.000 3.832
4940.000 10.114
4945.000 14.111
4950.000 13.615
4955.000 17.142
4960.000 17.044
4965.000 13.191
4970.000 8.167
4975.000 5.416
4980.000 3.815
4985.000 2.850
4990.000 2.234
4995.000 1.813
5000.000 1.641
5005.000 1.401
5010.000 1.208
5015.000 1.069
5020.000 0.947
5025.000 0.857
5030.000 0.776
5035.000 0.714
5040.000 0.660
5045.000 0.617
5050.000 0.578
5055.000 0.548
5060.000 0.514
5065.000 0.504
5070.000 0.478
5075.000 0.457
5080.000 0.440
5085.000 0.424
5090.000 0.410
5095.000 0.397
5100.000 0.387
5105.000 0.375
5110.000 0.366
5115.000 0.358
5120.000 0.350
5125.000 0.346
5130.000 0.341
5135.000 0.334
5140.000 0.328
5145.000 0.324
5150.000 0.318
5155.000 0.316
5160.000 0.311
5165.000 0.308
5170.000 0.304
5175.000 0.302
5180.000 0.300
5185.000 0.298
5190.000 0.296
5195.000 0.294
5200.000 0.293
5205.000 0.292
5210.000 0.289
5215.000 0.288
5220.000 0.287
5225.000 0.285
5230.000 0.284
5235.000 0.284
5240.000 0.283
5245.000 0.282
5250.000 0.282
5255.000 0.281
5260.000 0.281
5265.000 0.280
5270.000 0.279
5275.000 0.280
5280.000 0.279
5285.000 0.280
5290.000 0.280
5295.000 0.279
5300.000 0.279
5305.000 0.280
5310.000 0.279
5315.000 0.279
5320.000 0.279
5325.000 0.279
5330.000 0.279
5335.000 0.279
5340.000 0.279
5345.000 0.280
5350.000 0.280
5355.000 0.279
5360.000 0.280
5365.000 0.280
5370.000 0.280
5375.000 0.280
5380.000 0.281
5385.000 0.279
5390.000 0.279
5395.000 0.281
5400.000 0.280
5405.000 0.279
5410.000 0.279
5415.000 0.279
5420.000 0.280
5425.000 0.279
5430.000 0.278
5435.000 0.279
5440.000 0.279
5445.000 0.278
5450.000 0.279
5455.000 0.279
5460.000 0.279
5465.000 0.281
5470.000 0.279
5475.000 0.278
5480.000 0.278
5485.000 0.278
5490.000 0.280
5495.000 0.279
5500.000 0.279
5505.000 0.279
5510.000 0.278
5515.000 0.279
5520.000 0.279
5525.000 0.281
5530.000 0.281
5535.000 0.281
5540.000 0.279
5545.000 0.279
5550.000 0.279
5555.000 0.279
5560.000 0.280
5565.000 0.280
5570.000 0.281
5575.000 0.281
5580.000 0.281
5585.000 0.280
5590.000 0.282
5595.000 0.282
5600.000 0.283
5605.000 0.284
5610.000 0.284
5615.000 0.284
5620.000 0.284
5625.000 0.286
5630.000 0.286
5635.000 0.287
5640.000 0.288
5645.000 0.289
5650.000 0.291
5655.000 0.291
5660.000 0.292
5665.000 0.294
5670.000 0.295
5675.000 0.295
5680.000 0.297
5685.000 0.297
5690.000 0.300
5695.000 0.300
5700.000 0.302
5705.000 0.305
5710.000 0.308
5715.000 0.309
5720.000 0.311
5725.000 0.312
5730.000 0.315
5735.000 0.316
5740.000 0.320
5745.000 0.322
5750.000 0.325
5755.000 0.327
5760.000 0.331
5765.000 0.333
5770.000 0.336
5775.000 0.340
5780.000 0.343
5785.000 0.346
5790.000 0.348
5795.000 0.353
5800.000 0.358
5805.000 0.360
5810.000 0.366
5815.000 0.372
5820.000 0.378
5825.000 0.385
5830.000 0.390
5835.000 0.396
5840.000 0.402
5845.000 0.409
5850.000 0.420
5855.000 0.421
5860.000 0.433
5865.000 0.439
5870.000 0.449
5875.000 0.458
5880.000 0.470
5885.000 0.481
5890.000 0.493
5895.000 0.507
5900.000 0.517
5905.000 0.525
5910.000 0.531
5915.000 0.535
5920.000 0.545
5925.000 0.554
5930.000 0.563
5935.000 0.571
5940.000 0.579
5945.000 0.591
5950.000 0.601
5955.000 0.614
5960.000 0.625
5965.000 0.640
5970.000 0.649
5975.000 0.666
5980.000 0.673
5985.000 0.684
5990.000 0.711
5995.000 0.723
6000.000 0.739
6005.000 0.759
6010.000 0.777
6015.000 0.806
6020.000 0.820
6025.000 0.842
6030.000 0.869
6035.000 0.880
6040.000 0.909
6045.000 0.935
6050.000 0.962
6055.000 0.998
6060.000 1.032
6065.000 1.068
6070.000 1.110
6075.000 1.156
6080.000 1.205
6085.000 1.260
6090.000 1.315
6095.000 1.386
6100.000 1.423
6105.000 1.505
6110.000 1.591
6115.000 1.691
6120.000 1.813
6125.000 1.956
6130.000 2.134
6135.000 2.366
6140.000 2.671
6145.000 3.082
6150.000 3.659
6155.000 4.488
6160.000 5.045
6165.000 6.564
6170.000 8.816
6175.000 11.956
6180.000 15.845
6185.000 19.853
6190.000 22.485
6195.000 21.060
6200.000 15.104
6205.000 10.216
6210.000 7.050
6215.000 5.186
6220.000 4.027
6225.000 3.611
6230.000 2.997
6235.000 2.572
6240.000 2.267
6245.000 2.105
6250.000 1.981
6255.000 1.812
6260.000 1.658
6265.000 1.515
6270.000 1.385
6275.000 1.271
6280.000 1.223
6285.000 1.132
6290.000 1.054
6295.000 0.986
6300.000 0.930
6305.000 0.880
6310.000 0.831
6315.000 0.795
6320.000 0.759
6325.000 0.727
6330.000 0.700
6335.000 0.673
6340.000 0.661
6345.000 0.640
6350.000 0.621
6355.000 0.603
6360.000 0.585
6365.000 0.570
6370.000 0.557
6375.000 0.546
6380.000 0.535
6385.000 0.525
6390.000 0.516
6395.000 0.509
6400.000 0.501
6405.000 0.498
6410.000 0.494
6415.000 0.486
6420.000 0.483
6425.000 0.480
6430.000 0.477
6435.000 0.477
6440.000 0.477
6445.000 0.479
6450.000 0.483
6455.000 0.487
6460.000 0.497
6465.000 0.501
6470.000 0.515
6475.000 0.532
6480.000 0.557
6485.000 0.591
6490.000 0.638
6495.000 0.709
6500.000 0.827
6505.000 1.051
6510.000 1.561
6515.000 3.038
6520.000 4.545
6525.000 8.273
6530.000 8.758
6535.000 1.566
6540.000 1.023
6545.000 0.591
6550.000 0.309
6555.000 0.199
6560.000 0.140
6565.000 0.121
6570.000 0.105
6575.000 0.102
6580.000 0.100
6585.000 0.104
6590.000 0.108
6595.000 0.112
6600.000 0.115
6605.000 0.117
6610.000 0.120
6615.000 0.123
6620.000 0.124
6625.000 0.127
6630.000 0.129
6635.000 0.130
6640.000 0.132
6645.000 0.133
6650.000 0.134
6655.000 0.136
6660.000 0.138
6665.000 0.138
6670.000 0.139
6675.000 0.140
6680.000 0.142
6685.000 0.141
6690.000 0.142
6695.000 0.143
6700.000 0.144
6705.000 0.145
6710.000 0.145
6715.000 0.146
6720.000 0.145
6725.000 0.147
6730.000 0.147
6735.000 0.148
6740.000 0.148
6745.000 0.148
6750.000 0.149
6755.000 0.149
6760.000 0.150
6765.000 0.150
6770.000 0.150
6775.000 0.151
6780.000 0.152
6785.000 0.153
6790.000 0.152
6795.000 0.153
6800.000 0.153
6805.000 0.154
6810.000 0.155
6815.000 0.155
6820.000 0.155
6825.000 0.157
6830.000 0.156
6835.000 0.157
6840.000 0.159
6845.000 0.159
6850.000 0.160
6855.000 0.162
6860.000 0.162
6865.000 0.162
6870.000 0.163
6875.000 0.164
6880.000 0.166
6885.000 0.167
6890.000 0.167
6895.000 0.169
6900.000 0.168
6905.000 0.169
6910.000 0.171
6915.000 0.171
6920.000 0.174
6925.000 0.174
6930.000 0.175
6935.000 0.178
6940.000 0.179
6945.000 0.181
6950.000 0.181
6955.000 0.183
6960.000 0.183
6965.000 0.185
6970.000 0.190
6975.000 0.189
6980.000 0.191
6985.000 0.196
6990.000 0.195
6995.000 0.197
7000.000 0.204
7005.000 0.204
7010.000 0.203
7015.000 0.207
7020.000 0.211
7025.000 0.217
7030.000 0.219
7035.000 0.220
7040.000 0.222
7045.000 0.226
7050.000 0.233
7055.000 0.234
7060.000 0.239
7065.000 0.245
7070.000 0.247
7075.000 0.251
7080.000 0.255
7085.000 0.258
7090.000 0.261
7095.000 0.268
7100.000 0.272
7105.000 0.277
7110.000 0.282
7115.000 0.287
7120.000 0.293
7125.000 0.297
7130.000 0.305
7135.000 0.307
7140.000 0.315
7145.000 0.323
7150.000 0.329
7155.000 0.338
7160.000 0.346
7165.000 0.354
7170.000 0.365
7175.000 0.375
7180.000 0.387
7185.000 0.400
7190.000 0.411
7195.000 0.418
7200.000 0.433
7205.000 0.450
7210.000 0.468
7215.000 0.486
7220.000 0.509
7225.000 0.534
7230.000 0.563
7235.000 0.594
7240.000 0.629
7245.000 0.670
7250.000 0.691
7255.000 0.727
7260.000 0.763
7265.000 0.795
7270.000 0.831
7275.000 0.870
7280.000 0.918
7285.000 0.969
7290.000 1.022
7295.000 1.080
7300.000 1.143
7305.000 1.216
7310.000 1.300
7315.000 1.342
7320.000 1.442
7325.000 1.561
7330.000 1.708
7335.000 1.890
7340.000 2.124
7345.000 2.428
7350.000 2.840
7355.000 3.332
7360.000 4.259
7365.000 5.295
7370.000 6.856
7375.000 7.867
7380.000 10.256
7385.000 13.017
7390.000 15.688
7395.000 17.337
7400.000 16.689
7405.000 13.185
7410.000 9.570
7415.000 7.028
7420.000 5.319
7425.000 4.198
7430.000 3.430
7435.000 2.882
7440.000 2.663
7445.000 2.323
7450.000 2.108
7455.000 1.957
7460.000 1.829
7465.000 1.713
7470.000 1.615
7475.000 1.510
7480.000 1.401
7485.000 1.301
7490.000 1.215
7495.000 1.174
7500.000 1.094
7505.000 1.025
7510.000 0.964
7515.000 0.911
7520.000 0.866
7525.000 0.827
7530.000 0.792
7535.000 0.761
7540.000 0.734
7545.000 0.709
7550.000 0.685
7555.000 0.674
7560.000 0.655
7565.000 0.637
7570.000 0.621
7575.000 0.607
7580.000 0.594
7585.000 0.582
7590.000 0.568
7595.000 0.555
7600.000 0.544
7605.000 0.532
7610.000 0.523
7615.000 0.514
7620.000 0.510
7625.000 0.501
7630.000 0.494
7635.000 0.487
7640.000 0.479
7645.000 0.476
7650.000 0.468
7655.000 0.462
7660.000 0.458
7665.000 0.454
7670.000 0.449
7675.000 0.444
7680.000 0.442
7685.000 0.438
7690.000 0.434
7695.000 0.431
7700.000 0.428
7705.000 0.424
7710.000 0.420
7715.000 0.420
7720.000 0.417
7725.000 0.414
7730.000 0.413
7735.000 0.411
7740.000 0.410
7745.000 0.408
7750.000 0.407
7755.000 0.406
7760.000 0.405
7765.000 0.404
7770.000 0.404
7775.000 0.405
7780.000 0.403
7785.000 0.404
7790.000 0.404
7795.000 0.404
7800.000 0.404
7805.000 0.406
7810.000 0.408
7815.000 0.408
7820.000 0.411
7825.000 0.411
7830.000 0.414
7835.000 0.417
7840.000 0.419
7845.000 0.422
7850.000 0.426
7855.000 0.429
7860.000 0.434
7865.000 0.438
7870.000 0.443
7875.000 0.449
7880.000 0.457
7885.000 0.466
7890.000 0.474
7895.000 0.482
7900.000 0.494
7905.000 0.510
7910.000 0.526
7915.000 0.541
7920.000 0.556
7925.000 0.563
7930.000 0.582
7935.000 0.605
7940.000 0.633
7945.000 0.667
7950.000 0.711
7955.000 0.767
7960.000 0.839
7965.000 0.948
7970.000 1.137
7975.000 1.340
7980.000 1.492
7985.000 2.016
7990.000 3.155
7995.000 5.234
8000.000 7.894
8005.000 8.096
8010.000 3.408
8015.000 1.968
8020.000 0.969
8025.000 0.561
8030.000 0.359
8035.000 0.232
8040.000 0.157
8045.000 0.131
8050.000 0.099
8055.000 0.092
8060.000 0.096
8065.000 0.104
8070.000 0.114
8075.000 0.125
8080.000 0.134
8085.000 0.142
8090.000 0.150
8095.000 0.157
8100.000 0.166
8105.000 0.169
8110.000 0.176
8115.000 0.184
8120.000 0.190
8125.000 0.196
8130.000 0.204
8135.000 0.210
8140.000 0.215
8145.000 0.222
8150.000 0.227
8155.000 0.233
8160.000 0.239
8165.000 0.244
8170.000 0.247
8175.000 0.253
8180.000 0.258
8185.000 0.264
8190.000 0.270
8195.000 0.276
8200.000 0.282
8205.000 0.288
8210.000 0.293
8215.000 0.301
8220.000 0.309
8225.000 0.312
8230.000 0.320
8235.000 0.325
8240.000 0.333
8245.000 0.344
8250.000 0.351
8255.000 0.360
8260.000 0.369
8265.000 0.377
8270.000 0.384
8275.000 0.392
8280.000 0.399
8285.000 0.403
8290.000 0.411
8295.000 0.419
8300.000 0.430
8305.000 0.439
8310.000 0.448
8315.000 0.461
8320.000 0.471
8325.000 0.482
8330.000 0.496
8335.000 0.509
8340.000 0.522
8345.000 0.538
8350.000 0.548
8355.000 0.563
8360.000 0.584
8365.000 0.605
8370.000 0.628
8375.000 0.653
8380.000 0.674
8385.000 0.694
8390.000 0.710
8395.000 0.733
8400.000 0.753
8405.000 0.774
8410.000 0.789
8415.000 0.814
8420.000 0.843
8425.000 0.874
8430.000 0.909
8435.000 0.948
8440.000 0.992
8445.000 1.043
8450.000 1.098
8455.000 1.174
8460.000 1.276
8465.000 1.442
8470.000 1.587
8475.000 2.037
8480.000 2.803
8485.000 2.585
8490.000 0.303
8495.000 1.019
8500.000 1.256
8505.000 1.518
8510.000 1.766
8515.000 2.027
8520.000 2.305
8525.000 2.613
8530.000 2.793
8535.000 3.205
8540.000 3.720
8545.000 4.376
8550.000 5.198
8555.000 6.215
8560.000 7.446
8565.000 8.871
8570.000 10.375
8575.000 11.735
8580.000 12.497
8585.000 12.143
8590.000 11.428
8595.000 9.278
8600.000 7.146
8605.000 5.460
8610.000 4.231
8615.000 3.388
8620.000 2.800
8625.000 2.380
8630.000 2.074
8635.000 1.863
8640.000 1.716
8645.000 1.592
8650.000 1.481
8655.000 1.430
8660.000 1.342
8665.000 1.265
8670.000 1.193
8675.000 1.128
8680.000 1.060
8685.000 0.991
8690.000 0.928
8695.000 0.871
8700.000 0.813
8705.000 0.761
8710.000 0.717
8715.000 0.694
8720.000 0.657
8725.000 0.625
8730.000 0.595
8735.000 0.568
8740.000 0.545
8745.000 0.524
8750.000 0.504
8755.000 0.487
8760.000 0.471
8765.000 0.455
8770.000 0.441
8775.000 0.436
8780.000 0.422
8785.000 0.410
8790.000 0.400
8795.000 0.390
8800.000 0.381
8805.000 0.372
8810.000 0.364
8815.000 0.357
8820.000 0.346
8825.000 0.345
8830.000 0.332
8835.000 0.332
8840.000 0.323
8845.000 0.320
8850.000 0.317
8855.000 0.311
8860.000 0.307
8865.000 0.301
8870.000 0.296
8875.000 0.291
8880.000 0.287
8885.000 0.282
8890.000 0.277
8895.000 0.274
8900.000 0.271
8905.000 0.269
8910.000 0.265
8915.000 0.261
8920.000 0.259
8925.000 0.254
8930.000 0.252
8935.000 0.249
8940.000 0.248
8945.000 0.246
8950.000 0.243
8955.000 0.241
8960.000 0.240
8965.000 0.240
8970.000 0.235
8975.000 0.234
8980.000 0.234
8985.000 0.228
8990.000 0.232
8995.000 0.228
9000.000 0.224
9005.000 0.225
9010.000 0.225
9015.000 0.225
9020.000 0.219
9025.000 0.219
9030.000 0.218
9035.000 0.220
9040.000 0.217
9045.000 0.216
9050.000 0.217
9055.000 0.215
9060.000 0.215
9065.000 0.214
9070.000 0.215
9075.000 0.214
9080.000 0.214
9085.000 0.214
9090.000 0.214
9095.000 0.214
9100.000 0.214
9105.000 0.214
9110.000 0.214
9115.000 0.215
9120.000 0.215
9125.000 0.217
9130.000 0.217
9135.000 0.218
9140.000 0.219
9145.000 0.220
9150.000 0.222
9155.000 0.222
9160.000 0.224
9165.000 0.227
9170.000 0.228
9175.000 0.230
9180.000 0.233
9185.000 0.236
9190.000 0.236
9195.000 0.240
9200.000 0.242
9205.000 0.244
9210.000 0.249
9215.000 0.251
9220.000 0.256
9225.000 0.260
9230.000 0.264
9235.000 0.271
9240.000 0.276
9245.000 0.282
9250.000 0.287
9255.000 0.296
9260.000 0.300
9265.000 0.310
9270.000 0.319
9275.000 0.329
9280.000 0.339
9285.000 0.346
9290.000 0.356
9295.000 0.367
9300.000 0.377
9305.000 0.390
9310.000 0.407
9315.000 0.421
9320.000 0.430
9325.000 0.451
9330.000 0.473
9335.000 0.498
9340.000 0.531
9345.000 0.570
9350.000 0.617
9355.000 0.667
9360.000 0.716
9365.000 0.776
9370.000 0.855
9375.000 0.970
9380.000 1.135
9385.000 1.252
9390.000 1.596
9395.000 2.198
9400.000 3.261
9405.000 4.957
9410.000 7.208
9415.000 9.062
9420.000 7.072
9425.000 3.296
9430.000 1.913
9435.000 1.292
9440.000 0.867
9445.000 0.738
9450.000 0.534
9455.000 0.398
9460.000 0.294
9465.000 0.225
9470.000 0.169
9475.000 0.127
9480.000 0.092
9485.000 0.062
9490.000 0.037
9495.000 0.017
9500.000 0.013
9505.000 0.022
9510.000 0.037
9515.000 0.052
9520.000 0.067
9525.000 0.082
9530.000 0.097
9535.000 0.111
9540.000 0.125
9545.000 0.138
9550.000 0.153
9555.000 0.167
9560.000 0.182
9565.000 0.189
9570.000 0.205
9575.000 0.221
9580.000 0.238
9585.000 0.255
9590.000 0.273
9595.000 0.294
9600.000 0.317
9605.000 0.341
9610.000 0.369
9615.000 0.401
9620.000 0.437
9625.000 0.481
9630.000 0.507
9635.000 0.561
9640.000 0.630
9645.000 0.714
9650.000 0.801
9655.000 0.881
9660.000 0.979
9665.000 1.094
9670.000 1.235
9675.000 1.391
9680.000 1.580
9685.000 1.792
9690.000 1.909
9695.000 2.161
9700.000 2.445
9705.000 2.812
9710.000 3.239
9715.000 3.768
9720.000 4.415
9725.000 5.190
9730.000 6.105
9735.000 7.127
9740.000 8.178
9745.000 8.658
9750.000 9.373
9755.000 9.498
9760.000 8.863
9765.000 7.648
9770.000 6.319
9775.000 5.104
9780.000 4.118
9785.000 3.370
9790.000 2.809
9795.000 2.391
9800.000 2.078
9805.000 1.870
9810.000 1.784
9815.000 1.654
9820.000 1.563
9825.000 1.480
9830.000 1.395
9835.000 1.323
9840.000 1.260
9845.000 1.202
9850.000 1.151
9855.000 1.106
9860.000 1.063
9865.000 1.024
9870.000 1.004
9875.000 0.970
9880.000 0.940
9885.000 0.908
9890.000 0.881
9895.000 0.859
9900.000 0.835
9905.000 0.814
9910.000 0.789
9915.000 0.766
9920.000 0.742
9925.000 0.723
9930.000 0.704
9935.000 0.693
9940.000 0.676
9945.000 0.656
9950.000 0.637
9955.000 0.617
9960.000 0.602
9965.000 0.585
9970.000 0.568
9975.000 0.555
9980.000 0.541
9985.000 0.531
9990.000 0.526
9995.000 0.514
10000.000 0.500
10005.000 0.489
10010.000 0.478
10015.000 0.469
10020.000 0.455
10025.000 0.448
10030.000 0.434
10035.000 0.428
10040.000 0.414
10045.000 0.405
10050.000 0.398
10055.000 0.384
10060.000 0.373
10065.000 0.358
10070.000 0.335
10075.000 0.311
10080.000 0.282
10085.000 0.241
10090.000 0.187
10095.000 0.174
10100.000 0.477
10105.000 1.825
10110.000 1.658
10115.000 1.265
10120.000 1.233
10125.000 0.986
10130.000 0.840
10135.000 0.728
10140.000 0.660
10145.000 0.610
10150.000 0.574
10155.000 0.551
10160.000 0.528
10165.000 0.511
10170.000 0.503
10175.000 0.499
10180.000 0.492
10185.000 0.487
10190.000 0.485
10195.000 0.480
10200.000 0.475
10205.000 0.470
10210.000 0.470
10215.000 0.467
10220.000 0.465
10225.000 0.461
10230.000 0.461
10235.000 0.460
10240.000 0.459
10245.000 0.458
10250.000 0.456
10255.000 0.454
10260.000 0.454
10265.000 0.456
10270.000 0.454
10275.000 0.451
10280.000 0.451
10285.000 0.452
10290.000 0.453
10295.000 0.451
10300.000 0.454
10305.000 0.454
10310.000 0.452
10315.000 0.451
10320.000 0.452
10325.000 0.450
10330.000 0.450
10335.000 0.450
10340.000 0.450
10345.000 0.450
10350.000 0.450
10355.000 0.450
10360.000 0.449
10365.000 0.452
10370.000 0.453
10375.000 0.453
10380.000 0.455
10385.000 0.458
10390.000 0.462
10395.000 0.463
10400.000 0.463
10405.000 0.462
10410.000 0.466
10415.000 0.469
10420.000 0.473
10425.000 0.481
10430.000 0.480
10435.000 0.479
10440.000 0.478
10445.000 0.478
10450.000 0.478
10455.000 0.483
10460.000 0.485
10465.000 0.488
10470.000 0.490
10475.000 0.492
10480.000 0.496
10485.000 0.499
10490.000 0.505
10495.000 0.507
10500.000 0.508
10505.000 0.515
10510.000 0.516
10515.000 0.520
10520.000 0.524
10525.000 0.530
10530.000 0.537
10535.000 0.539
10540.000 0.544
10545.000 0.552
10550.000 0.557
10555.000 0.561
10560.000 0.565
10565.000 0.567
10570.000 0.574
10575.000 0.579
10580.000 0.588
10585.000 0.593
10590.000 0.601
10595.000 0.608
10600.000 0.614
10605.000 0.624
10610.000 0.632
10615.000 0.639
10620.000 0.648
10625.000 0.660
10630.000 0.673
10635.000 0.685
10640.000 0.700
10645.000 0.715
10650.000 0.730
10655.000 0.745
10660.000 0.764
10665.000 0.778
10670.000 0.794
10675.000 0.819
10680.000 0.838
10685.000 0.869
10690.000 0.899
10695.000 0.935
10700.000 0.972
10705.000 1.011
10710.000 1.057
10715.000 1.113
10720.000 1.145
10725.000 1.217
10730.000 1.300
10735.000 1.402
10740.000 1.538
10745.000 1.726
10750.000 1.997
10755.000 2.398
10760.000 2.989
10765.000 3.847
10770.000 4.870
10775.000 5.526
10780.000 5.410
10785.000 4.163
10790.000 2.595
10795.000 1.607
10800.000 1.062
10805.000 0.722
10810.000 0.459
10815.000 0.275
10820.000 0.147
10825.000 0.090
10830.000 0.128
10835.000 0.197
10840.000 0.269
10845.000 0.305
10850.000 0.387
10855.000 0.513
10860.000 0.695
10865.000 0.952
10870.000 1.297
10875.000 1.698
10880.000 2.127
10885.000 2.562
10890.000 3.008
10895.000 3.573
10900.000 4.079
10905.000 4.334
10910.000 4.790
10915.000 5.080
10920.000 5.111
10925.000 4.876
10930.000 4.439
10935.000 3.951
10940.000 3.489
10945.000 3.044
10950.000 2.668
10955.000 2.304
10960.000 2.129
10965.000 1.800
10970.000 1.514
10975.000 1.272
10980.000 1.077
10985.000 0.928
10990.000 0.814
10995.000 0.735
11000.000 0.670
11005.000 0.616
11010.000 0.582
11015.000 0.557
11020.000 0.525
11025.000 0.516
11030.000 0.487
11035.000 0.451
11040.000 0.417
11045.000 0.391
11050.000 0.364
11055.000 0.342
11060.000 0.322
11065.000 0.302
11070.000 0.287
11075.000 0.271
11080.000 0.259
11085.000 0.254
11090.000 0.242
11095.000 0.231
11100.000 0.222
11105.000 0.214
11110.000 0.205
11115.000 0.198
11120.000 0.190
11125.000 0.183
11130.000 0.177
11135.000 0.171
11140.000 0.166
11145.000 0.159
11150.000 0.158
11155.000 0.152
11160.000 0.148
11165.000 0.143
11170.000 0.138
11175.000 0.135
11180.000 0.131
11185.000 0.128
11190.000 0.124
11195.000 0.120
11200.000 0.118
11205.000 0.117
11210.000 0.113
11215.000 0.111
11220.000 0.108
11225.000 0.106
11230.000 0.103
11235.000 0.101
11240.000 0.099
11245.000 0.097
11250.000 0.095
11255.000 0.093
11260.000 0.092
11265.000 0.091
11270.000 0.089
11275.000 0.087
11280.000 0.088
11285.000 0.088
11290.000 0.090
11295.000 0.091
11300.000 0.091
11305.000 0.087
11310.000 0.084
11315.000 0.082
11320.000 0.078
11325.000 0.078
11330.000 0.076
11335.000 0.074
11340.000 0.074
11345.000 0.072
11350.000 0.070
11355.000 0.070
11360.000 0.069
11365.000 0.068
11370.000 0.068
11375.000 0.067
11380.000 0.065
11385.000 0.066
11390.000 0.064
11395.000 0.065
11400.000 0.063
11405.000 0.063
11410.000 0.061
11415.000 0.062
11420.000 0.061
11425.000 0.061
11430.000 0.061
11435.000 0.061
11440.000 0.060
11445.000 0.059
11450.000 0.060
11455.000 0.058
11460.000 0.059
11465.000 0.059
11470.000 0.059
11475.000 0.058
11480.000 0.058
11485.000 0.059
11490.000 0.058
11495.000 0.057
11500.000 0.056
11505.000 0.055
11510.000 0.056
11515.000 0.055
11520.000 0.054
11525.000 0.052
11530.000 0.051
11535.000 0.050
11540.000 0.050
11545.000 0.049
11550.000 0.047
11555.000 0.046
11560.000 0.044
11565.000 0.042
11570.000 0.040
11575.000 0.038
11580.000 0.035
11585.000 0.031
11590.000 0.025
11595.000 0.020
11600.000 0.013
11605.000 0.008
11610.000 0.018
11615.000 0.037
11620.000 0.069
11625.000 0.122
11630.000 0.262
11635.000 0.425
11640.000 0.980
11645.000 1.385
11650.000 0.960
11655.000 0.760
11660.000 0.627
11665.000 0.495
11670.000 0.412
11675.000 0.355
11680.000 0.318
11685.000 0.293
11690.000 0.283
11695.000 0.271
11700.000 0.262
11705.000 0.258
11710.000 0.254
11715.000 0.252
11720.000 0.252
11725.000 0.254
11730.000 0.257
11735.000 0.262
11740.000 0.266
11745.000 0.262
11750.000 0.254
11755.000 0.251
11760.000 0.246
11765.000 0.244
11770.000 0.248
11775.000 0.252
11780.000 0.255
11785.000 0.257
11790.000 0.262
11795.000 0.269
11800.000 0.274
11805.000 0.281
11810.000 0.287
11815.000 0.292
11820.000 0.297
11825.000 0.306
11830.000 0.313
11835.000 0.323
11840.000 0.331
11845.000 0.340
11850.000 0.349
11855.000 0.359
11860.000 0.373
11865.000 0.383
11870.000 0.400
11875.000 0.416
11880.000 0.423
11885.000 0.440
11890.000 0.457
11895.000 0.480
11900.000 0.505
11905.000 0.528
11910.000 0.545
11915.000 0.569
11920.000 0.600
11925.000 0.635
11930.000 0.670
11935.000 0.695
11940.000 0.742
11945.000 0.777
11950.000 0.837
11955.000 0.891
11960.000 0.902
11965.000 0.747
11970.000 0.417
11975.000 1.009
11980.000 1.408
11985.000 1.702
11990.000 1.952
11995.000 2.083
12000.000 2.343
