105.000 0.013
110.000 0.024
115.000 0.891
120.000 1.049
125.000 1.161
130.000 1.267
135.000 1.313
140.000 1.334
145.000 1.330
150.000 1.316
155.000 1.289
160.000 1.277
165.000 1.270
170.000 1.258
175.000 1.194
180.000 1.201
185.000 1.238
190.000 1.216
195.000 1.223
200.000 1.244
205.000 1.233
210.000 1.274
215.000 1.245
220.000 1.335
225.000 1.316
230.000 1.356
235.000 1.327
240.000 1.366
245.000 1.376
250.000 1.423
255.000 1.438
260.000 1.436
265.000 1.455
270.000 1.451
275.000 1.493
280.000 1.487
285.000 1.508
290.000 1.528
295.000 1.513
300.000 1.494
305.000 1.487
310.000 1.487
315.000 1.479
320.000 1.483
325.000 1.516
330.000 1.551
335.000 1.599
340.000 1.657
345.000 1.730
350.000 1.751
355.000 1.838
360.000 1.932
365.000 2.011
370.000 2.111
375.000 2.219
380.000 2.338
385.000 2.460
390.000 2.590
395.000 2.724
400.000 2.850
405.000 2.902
410.000 2.953
415.000 2.990
420.000 2.934
425.000 2.837
430.000 2.640
435.000 2.375
440.000 2.084
445.000 1.803
450.000 1.556
455.000 1.345
460.000 1.169
465.000 1.051
470.000 0.990
475.000 0.890
480.000 0.829
485.000 0.773
490.000 0.724
495.000 0.675
500.000 0.636
505.000 0.604
510.000 0.568
515.000 0.539
520.000 0.510
525.000 0.482
530.000 0.477
535.000 0.449
540.000 0.427
545.000 0.408
550.000 0.389
555.000 0.372
560.000 0.351
565.000 0.330
570.000 0.315
575.000 0.299
580.000 0.281
585.000 0.270
590.000 0.257
595.000 0.249
600.000 0.243
605.000 0.237
610.000 0.224
615.000 0.219
620.000 0.212
625.000 0.205
630.000 0.200
635.000 0.193
640.000 0.192
645.000 0.188
650.000 0.185
655.000 0.182
660.000 0.173
665.000 0.170
670.000 0.167
675.000 0.163
680.000 0.164
685.000 0.158
690.000 0.156
695.000 0.151
700.000 0.152
705.000 0.146
710.000 0.141
715.000 0.144
720.000 0.141
725.000 0.141
730.000 0.135
735.000 0.140
740.000 0.135
745.000 0.134
750.000 0.128
755.000 0.129
760.000 0.133
765.000 0.127
770.000 0.126
775.000 0.125
780.000 0.120
785.000 0.122
790.000 0.124
795.000 0.121
800.000 0.120
805.000 0.121
810.000 0.124
815.000 0.121
820.000 0.118
825.000 0.118
830.000 0.120
835.000 0.118
840.000 0.118
845.000 0.117
850.000 0.115
855.000 0.114
860.000 0.112
865.000 0.114
870.000 0.114
875.000 0.111
880.000 0.110
885.000 0.110
890.000 0.110
895.000 0.109
900.000 0.108
905.000 0.110
910.000 0.111
915.000 0.108
920.000 0.107
925.000 0.109
930.000 0.107
935.000 0.108
940.000 0.107
945.000 0.109
950.000 0.105
955.000 0.108
960.000 0.102
965.000 0.109
970.000 0.110
975.000 0.107
980.000 0.104
985.000 0.110
990.000 0.105
995.000 0.105
1000.000 0.110
1005.000 0.101
1010.000 0.103
1015.000 0.107
1020.000 0.110
1025.000 0.109
1030.000 0.110
1035.000 0.102
1040.000 0.108
1045.000 0.106
1050.000 0.104
1055.000 0.105
1060.000 0.104
1065.000 0.106
1070.000 0.104
1075.000 0.104
1080.000 0.105
1085.000 0.106
1090.000 0.107
1095.000 0.103
1100.000 0.105
1105.000 0.105
1110.000 0.105
1115.000 0.105
1120.000 0.104
1125.000 0.105
1130.000 0.105
1135.000 0.105
1140.000 0.105
1145.000 0.105
1150.000 0.105
1155.000 0.106
1160.000 0.107
1165.000 0.106
1170.000 0.106
1175.000 0.105
1180.000 0.108
1185.000 0.108
1190.000 0.106
1195.000 0.108
1200.000 0.106
1205.000 0.106
1210.000 0.106
1215.000 0.108
1220.000 0.107
1225.000 0.106
1230.000 0.109
1235.000 0.108
1240.000 0.107
1245.000 0.107
1250.000 0.107
1255.000 0.109
1260.000 0.108
1265.000 0.108
1270.000 0.110
1275.000 0.111
1280.000 0.109
1285.000 0.110
1290.000 0.109
1295.000 0.110
1300.000 0.110
1305.000 0.109
1310.000 0.111
1315.000 0.110
1320.000 0.110
1325.000 0.108
1330.000 0.110
1335.000 0.113
1340.000 0.115
1345.000 0.113
1350.000 0.112
1355.000 0.113
1360.000 0.114
1365.000 0.113
1370.000 0.112
1375.000 0.112
1380.000 0.112
1385.000 0.114
1390.000 0.113
1395.000 0.113
1400.000 0.114
1405.000 0.113
1410.000 0.115
1415.000 0.116
1420.000 0.117
1425.000 0.116
1430.000 0.116
1435.000 0.115
1440.000 0.116
1445.000 0.116
1450.000 0.116
1455.000 0.116
1460.000 0.116
1465.000 0.115
1470.000 0.114
1475.000 0.112
1480.000 0.111
1485.000 0.111
1490.000 0.110
1495.000 0.112
1500.000 0.113
1505.000 0.112
1510.000 0.110
1515.000 0.113
1520.000 0.115
1525.000 0.115
1530.000 0.119
1535.000 0.116
1540.000 0.118
1545.000 0.120
1550.000 0.122
1555.000 0.126
1560.000 0.123
1565.000 0.123
1570.000 0.125
1575.000 0.124
1580.000 0.128
1585.000 0.128
1590.000 0.130
1595.000 0.132
1600.000 0.133
1605.000 0.133
1610.000 0.136
1615.000 0.137
1620.000 0.139
1625.000 0.140
1630.000 0.139
1635.000 0.142
1640.000 0.144
1645.000 0.145
1650.000 0.146
1655.000 0.150
1660.000 0.151
1665.000 0.153
1670.000 0.154
1675.000 0.154
1680.000 0.157
1685.000 0.161
1690.000 0.160
1695.000 0.165
1700.000 0.168
1705.000 0.170
1710.000 0.172
1715.000 0.173
1720.000 0.174
1725.000 0.179
1730.000 0.184
1735.000 0.186
1740.000 0.188
1745.000 0.192
1750.000 0.195
1755.000 0.197
1760.000 0.200
1765.000 0.203
1770.000 0.206
1775.000 0.207
1780.000 0.210
1785.000 0.215
1790.000 0.216
1795.000 0.218
1800.000 0.220
1805.000 0.224
1810.000 0.227
1815.000 0.228
1820.000 0.229
1825.000 0.230
1830.000 0.234
1835.000 0.236
1840.000 0.235
1845.000 0.237
1850.000 0.235
1855.000 0.234
1860.000 0.237
1865.000 0.235
1870.000 0.234
1875.000 0.233
1880.000 0.232
1885.000 0.229
1890.000 0.229
1895.000 0.229
1900.000 0.228
1905.000 0.226
1910.000 0.224
1915.000 0.220
1920.000 0.216
1925.000 0.214
1930.000 0.214
1935.000 0.213
1940.000 0.211
1945.000 0.208
1950.000 0.205
1955.000 0.202
1960.000 0.199
1965.000 0.195
1970.000 0.199
1975.000 0.193
1980.000 0.193
1985.000 0.189
1990.000 0.187
1995.000 0.182
2000.000 0.183
2005.000 0.181
2010.000 0.181
2015.000 0.175
2020.000 0.176
2025.000 0.169
2030.000 0.174
2035.000 0.169
2040.000 0.168
2045.000 0.165
2050.000 0.164
2055.000 0.166
2060.000 0.162
2065.000 0.156
2070.000 0.161
2075.000 0.158
2080.000 0.154
2085.000 0.153
2090.000 0.153
2095.000 0.150
2100.000 0.149
2105.000 0.149
2110.000 0.147
2115.000 0.145
2120.000 0.145
2125.000 0.143
2130.000 0.141
2135.000 0.140
2140.000 0.138
2145.000 0.140
2150.000 0.140
2155.000 0.136
2160.000 0.135
2165.000 0.135
2170.000 0.133
2175.000 0.134
2180.000 0.134
2185.000 0.130
2190.000 0.128
2195.000 0.128
2200.000 0.125
2205.000 0.125
2210.000 0.125
2215.000 0.119
2220.000 0.115
2225.000 0.111
2230.000 0.110
2235.000 0.103
2240.000 0.099
2245.000 0.090
2250.000 0.083
2255.000 0.070
2260.000 0.064
2265.000 0.076
2270.000 0.178
2275.000 0.550
2280.000 1.372
2285.000 3.304
2290.000 7.168
2295.000 9.734
2300.000 11.090
2305.000 1.238
2310.000 0.325
2315.000 0.239
2320.000 0.061
2325.000 0.034
2330.000 0.042
2335.000 0.055
2340.000 0.062
2345.000 0.067
2350.000 0.070
2355.000 0.072
2360.000 0.073
2365.000 0.074
2370.000 0.075
2375.000 0.075
2380.000 0.076
2385.000 0.076
2390.000 0.076
2395.000 0.077
2400.000 0.077
2405.000 0.078
2410.000 0.078
2415.000 0.079
2420.000 0.079
2425.000 0.080
2430.000 0.079
2435.000 0.081
2440.000 0.081
2445.000 0.081
2450.000 0.080
2455.000 0.081
2460.000 0.081
2465.000 0.082
2470.000 0.083
2475.000 0.083
2480.000 0.084
2485.000 0.084
2490.000 0.083
2495.000 0.085
2500.000 0.084
2505.000 0.085
2510.000 0.085
2515.000 0.087
2520.000 0.088
2525.000 0.090
2530.000 0.090
2535.000 0.089
2540.000 0.089
2545.000 0.088
2550.000 0.089
2555.000 0.089
2560.000 0.090
2565.000 0.090
2570.000 0.090
2575.000 0.091
2580.000 0.092
2585.000 0.093
2590.000 0.094
2595.000 0.094
2600.000 0.096
2605.000 0.095
2610.000 0.095
2615.000 0.095
2620.000 0.096
2625.000 0.098
2630.000 0.099
2635.000 0.099
2640.000 0.101
2645.000 0.101
2650.000 0.103
2655.000 0.103
2660.000 0.103
2665.000 0.106
2670.000 0.107
2675.000 0.108
2680.000 0.109
2685.000 0.111
2690.000 0.111
2695.000 0.112
2700.000 0.114
2705.000 0.116
2710.000 0.117
2715.000 0.119
2720.000 0.119
2725.000 0.121
2730.000 0.122
2735.000 0.125
2740.000 0.127
2745.000 0.128
2750.000 0.130
2755.000 0.132
2760.000 0.134
2765.000 0.137
2770.000 0.139
2775.000 0.140
2780.000 0.141
2785.000 0.142
2790.000 0.143
2795.000 0.145
2800.000 0.148
2805.000 0.148
2810.000 0.151
2815.000 0.152
2820.000 0.154
2825.000 0.155
2830.000 0.158
2835.000 0.160
2840.000 0.161
2845.000 0.162
2850.000 0.163
2855.000 0.163
2860.000 0.165
2865.000 0.166
2870.000 0.168
2875.000 0.168
2880.000 0.169
2885.000 0.171
2890.000 0.171
2895.000 0.172
2900.000 0.174
2905.000 0.174
2910.000 0.175
2915.000 0.176
2920.000 0.176
2925.000 0.176
2930.000 0.177
2935.000 0.178
2940.000 0.179
2945.000 0.179
2950.000 0.179
2955.000 0.181
2960.000 0.180
2965.000 0.180
2970.000 0.179
2975.000 0.180
2980.000 0.180
2985.000 0.177
2990.000 0.181
2995.000 0.182
3000.000 0.177
3005.000 0.182
3010.000 0.184
3015.000 0.179
3020.000 0.185
3025.000 0.180
3030.000 0.178
3035.000 0.183
3040.000 0.178
3045.000 0.180
3050.000 0.184
3055.000 0.182
3060.000 0.182
3065.000 0.184
3070.000 0.183
3075.000 0.184
3080.000 0.184
3085.000 0.182
3090.000 0.183
3095.000 0.183
3100.000 0.182
3105.000 0.183
3110.000 0.183
3115.000 0.182
3120.000 0.183
3125.000 0.181
3130.000 0.183
3135.000 0.182
3140.000 0.183
3145.000 0.183
3150.000 0.182
3155.000 0.183
3160.000 0.184
3165.000 0.183
3170.000 0.184
3175.000 0.183
3180.000 0.183
3185.000 0.183
3190.000 0.183
3195.000 0.182
3200.000 0.182
3205.000 0.183
3210.000 0.185
3215.000 0.185
3220.000 0.183
3225.000 0.184
3230.000 0.184
3235.000 0.186
3240.000 0.187
3245.000 0.188
3250.000 0.186
3255.000 0.187
3260.000 0.188
3265.000 0.189
3270.000 0.189
3275.000 0.189
3280.000 0.189
3285.000 0.192
3290.000 0.192
3295.000 0.192
3300.000 0.194
3305.000 0.193
3310.000 0.195
3315.000 0.196
3320.000 0.197
3325.000 0.199
3330.000 0.201
3335.000 0.202
3340.000 0.202
3345.000 0.204
3350.000 0.205
3355.000 0.208
3360.000 0.209
3365.000 0.212
3370.000 0.213
3375.000 0.216
3380.000 0.215
3385.000 0.218
3390.000 0.221
3395.000 0.224
3400.000 0.226
3405.000 0.229
3410.000 0.231
3415.000 0.232
3420.000 0.236
3425.000 0.242
3430.000 0.246
3435.000 0.248
3440.000 0.252
3445.000 0.256
3450.000 0.259
3455.000 0.263
3460.000 0.269
3465.000 0.273
3470.000 0.278
3475.000 0.287
3480.000 0.291
3485.000 0.300
3490.000 0.306
3495.000 0.314
3500.000 0.324
3505.000 0.331
3510.000 0.342
3515.000 0.347
3520.000 0.355
3525.000 0.363
3530.000 0.372
3535.000 0.380
3540.000 0.388
3545.000 0.400
3550.000 0.412
3555.000 0.425
3560.000 0.440
3565.000 0.454
3570.000 0.472
3575.000 0.481
3580.000 0.503
3585.000 0.526
3590.000 0.551
3595.000 0.576
3600.000 0.609
3605.000 0.647
3610.000 0.688
3615.000 0.736
3620.000 0.797
3625.000 0.871
3630.000 0.917
3635.000 1.027
3640.000 1.172
3645.000 1.370
3650.000 1.631
3655.000 1.963
3660.000 2.468
3665.000 4.334
3670.000 11.146
3675.000 19.411
3680.000 18.141
3685.000 11.618
3690.000 6.518
3695.000 5.229
3700.000 3.433
3705.000 2.398
3710.000 1.773
3715.000 1.365
3720.000 1.088
3725.000 0.893
3730.000 0.753
3735.000 0.647
3740.000 0.567
3745.000 0.505
3750.000 0.453
3755.000 0.433
3760.000 0.395
3765.000 0.364
3770.000 0.338
3775.000 0.315
3780.000 0.297
3785.000 0.281
3790.000 0.266
3795.000 0.253
3800.000 0.241
3805.000 0.231
3810.000 0.222
3815.000 0.213
3820.000 0.209
3825.000 0.201
3830.000 0.195
3835.000 0.188
3840.000 0.183
3845.000 0.178
3850.000 0.173
3855.000 0.168
3860.000 0.163
3865.000 0.159
3870.000 0.156
3875.000 0.154
3880.000 0.151
3885.000 0.147
3890.000 0.144
3895.000 0.141
3900.000 0.139
3905.000 0.137
3910.000 0.134
3915.000 0.132
3920.000 0.128
3925.000 0.128
3930.000 0.125
3935.000 0.125
3940.000 0.124
3945.000 0.121
3950.000 0.120
3955.000 0.118
3960.000 0.118
3965.000 0.117
3970.000 0.112
3975.000 0.114
3980.000 0.111
3985.000 0.109
3990.000 0.108
3995.000 0.107
4000.000 0.110
4005.000 0.104
4010.000 0.105
4015.000 0.103
4020.000 0.107
4025.000 0.105
4030.000 0.104
4035.000 0.100
4040.000 0.100
4045.000 0.099
4050.000 0.102
4055.000 0.099
4060.000 0.100
4065.000 0.098
4070.000 0.100
4075.000 0.099
4080.000 0.098
4085.000 0.096
4090.000 0.096
4095.000 0.096
4100.000 0.096
4105.000 0.095
4110.000 0.095
4115.000 0.095
4120.000 0.094
4125.000 0.095
4130.000 0.094
4135.000 0.094
4140.000 0.093
4145.000 0.094
4150.000 0.093
4155.000 0.093
4160.000 0.094
4165.000 0.093
4170.000 0.093
4175.000 0.093
4180.000 0.093
4185.000 0.092
4190.000 0.092
4195.000 0.092
4200.000 0.092
4205.000 0.092
4210.000 0.092
4215.000 0.092
4220.000 0.091
4225.000 0.092
4230.000 0.091
4235.000 0.090
4240.000 0.090
4245.000 0.091
4250.000 0.089
4255.000 0.090
4260.000 0.090
4265.000 0.090
4270.000 0.089
4275.000 0.089
4280.000 0.088
4285.000 0.088
4290.000 0.087
4295.000 0.087
4300.000 0.086
4305.000 0.086
4310.000 0.085
4315.000 0.085
4320.000 0.084
4325.000 0.084
4330.000 0.082
4335.000 0.082
4340.000 0.083
4345.000 0.081
4350.000 0.081
4355.000 0.081
4360.000 0.080
4365.000 0.080
4370.000 0.081
4375.000 0.081
4380.000 0.081
4385.000 0.080
4390.000 0.080
4395.000 0.080
4400.000 0.080
4405.000 0.080
4410.000 0.079
4415.000 0.079
4420.000 0.080
4425.000 0.080
4430.000 0.080
4435.000 0.079
4440.000 0.080
4445.000 0.079
4450.000 0.080
4455.000 0.079
4460.000 0.079
4465.000 0.080
4470.000 0.079
4475.000 0.080
4480.000 0.079
4485.000 0.079
4490.000 0.079
4495.000 0.079
4500.000 0.079
4505.000 0.080
4510.000 0.079
4515.000 0.079
4520.000 0.079
4525.000 0.080
4530.000 0.079
4535.000 0.079
4540.000 0.079
4545.000 0.079
4550.000 0.080
4555.000 0.080
4560.000 0.080
4565.000 0.079
4570.000 0.079
4575.000 0.079
4580.000 0.080
4585.000 0.080
4590.000 0.080
4595.000 0.080
4600.000 0.080
4605.000 0.080
4610.000 0.079
4615.000 0.080
4620.000 0.079
4625.000 0.080
4630.000 0.080
4635.000 0.079
4640.000 0.080
4645.000 0.079
4650.000 0.080
4655.000 0.080
4660.000 0.080
4665.000 0.079
4670.000 0.079
4675.000 0.080
4680.000 0.079
4685.000 0.080
4690.000 0.080
4695.000 0.080
4700.000 0.080
4705.000 0.080
4710.000 0.079
4715.000 0.080
4720.000 0.080
4725.000 0.081
4730.000 0.080
4735.000 0.081
4740.000 0.080
4745.000 0.081
4750.000 0.081
4755.000 0.081
4760.000 0.081
4765.000 0.082
4770.000 0.082
4775.000 0.082
4780.000 0.083
4785.000 0.083
4790.000 0.083
4795.000 0.083
4800.000 0.083
4805.000 0.084
4810.000 0.084
4815.000 0.085
4820.000 0.085
4825.000 0.085
4830.000 0.085
4835.000 0.087
4840.000 0.088
4845.000 0.089
4850.000 0.090
4855.000 0.092
4860.000 0.092
4865.000 0.096
4870.000 0.098
4875.000 0.101
4880.000 0.106
4885.000 0.112
4890.000 0.120
4895.000 0.131
4900.000 0.148
4905.000 0.171
4910.000 0.185
4915.000 0.241
4920.000 0.357
4925.000 0.646
4930.000 1.298
4935.000 2.699
4940.000 3.509
4945.000 1.029
4950.000 1.390
4955.000 1.908
4960.000 0.997
4965.000 0.548
4970.000 0.403
4975.000 0.250
4980.000 0.217
4985.000 0.184
4990.000 0.153
4995.000 0.138
5000.000 0.131
5005.000 0.118
5010.000 0.111
5015.000 0.104
5020.000 0.104
5025.000 0.101
5030.000 0.095
5035.000 0.096
5040.000 0.092
5045.000 0.089
5050.000 0.089
5055.000 0.088
5060.000 0.086
5065.000 0.084
5070.000 0.084
5075.000 0.083
5080.000 0.082
5085.000 0.081
5090.000 0.080
5095.000 0.080
5100.000 0.080
5105.000 0.079
5110.000 0.078
5115.000 0.078
5120.000 0.078
5125.000 0.077
5130.000 0.077
5135.000 0.077
5140.000 0.075
5145.000 0.076
5150.000 0.076
5155.000 0.076
5160.000 0.075
5165.000 0.075
5170.000 0.074
5175.000 0.074
5180.000 0.074
5185.000 0.074
5190.000 0.073
5195.000 0.073
5200.000 0.074
5205.000 0.074
5210.000 0.073
5215.000 0.073
5220.000 0.073
5225.000 0.074
5230.000 0.072
5235.000 0.074
5240.000 0.073
5245.000 0.074
5250.000 0.074
5255.000 0.073
5260.000 0.074
5265.000 0.074
5270.000 0.074
5275.000 0.074
5280.000 0.075
5285.000 0.076
5290.000 0.077
5295.000 0.077
5300.000 0.078
5305.000 0.079
5310.000 0.078
5315.000 0.078
5320.000 0.081
5325.000 0.082
5330.000 0.082
5335.000 0.083
5340.000 0.082
5345.000 0.083
5350.000 0.085
5355.000 0.086
5360.000 0.086
5365.000 0.088
5370.000 0.089
5375.000 0.091
5380.000 0.092
5385.000 0.093
5390.000 0.095
5395.000 0.094
5400.000 0.096
5405.000 0.097
5410.000 0.100
5415.000 0.101
5420.000 0.102
5425.000 0.105
5430.000 0.105
5435.000 0.107
5440.000 0.109
5445.000 0.111
5450.000 0.112
5455.000 0.113
5460.000 0.115
5465.000 0.116
5470.000 0.119
5475.000 0.119
5480.000 0.122
5485.000 0.124
5490.000 0.125
5495.000 0.128
5500.000 0.129
5505.000 0.130
5510.000 0.132
5515.000 0.133
5520.000 0.134
5525.000 0.135
5530.000 0.138
5535.000 0.136
5540.000 0.135
5545.000 0.135
5550.000 0.137
5555.000 0.138
5560.000 0.139
5565.000 0.140
5570.000 0.141
5575.000 0.141
5580.000 0.142
5585.000 0.142
5590.000 0.144
5595.000 0.145
5600.000 0.145
5605.000 0.148
5610.000 0.148
5615.000 0.149
5620.000 0.149
5625.000 0.150
5630.000 0.151
5635.000 0.153
5640.000 0.153
5645.000 0.154
5650.000 0.155
5655.000 0.157
5660.000 0.156
5665.000 0.159
5670.000 0.158
5675.000 0.161
5680.000 0.161
5685.000 0.162
5690.000 0.164
5695.000 0.164
5700.000 0.166
5705.000 0.165
5710.000 0.166
5715.000 0.169
5720.000 0.170
5725.000 0.170
5730.000 0.172
5735.000 0.176
5740.000 0.175
5745.000 0.178
5750.000 0.178
5755.000 0.180
5760.000 0.180
5765.000 0.180
5770.000 0.183
5775.000 0.188
5780.000 0.187
5785.000 0.189
5790.000 0.189
5795.000 0.191
5800.000 0.193
5805.000 0.194
5810.000 0.198
5815.000 0.198
5820.000 0.201
5825.000 0.201
5830.000 0.203
5835.000 0.204
5840.000 0.207
5845.000 0.211
5850.000 0.213
5855.000 0.216
5860.000 0.217
5865.000 0.221
5870.000 0.226
5875.000 0.227
5880.000 0.228
5885.000 0.231
5890.000 0.234
5895.000 0.235
5900.000 0.239
5905.000 0.244
5910.000 0.244
5915.000 0.249
5920.000 0.253
5925.000 0.256
5930.000 0.259
5935.000 0.263
5940.000 0.268
5945.000 0.272
5950.000 0.276
5955.000 0.277
5960.000 0.282
5965.000 0.288
5970.000 0.294
5975.000 0.298
5980.000 0.302
5985.000 0.311
5990.000 0.313
5995.000 0.319
6000.000 0.333
6005.000 0.331
6010.000 0.336
6015.000 0.345
6020.000 0.353
6025.000 0.366
6030.000 0.371
6035.000 0.375
6040.000 0.384
6045.000 0.395
6050.000 0.409
6055.000 0.417
6060.000 0.430
6065.000 0.440
6070.000 0.448
6075.000 0.462
6080.000 0.476
6085.000 0.489
6090.000 0.507
6095.000 0.525
6100.000 0.548
6105.000 0.570
6110.000 0.595
6115.000 0.628
6120.000 0.663
6125.000 0.680
6130.000 0.724
6135.000 0.773
6140.000 0.833
6145.000 0.906
6150.000 1.010
6155.000 1.153
6160.000 1.396
6165.000 1.742
6170.000 2.309
6175.000 3.253
6180.000 4.586
6185.000 5.790
6190.000 6.088
6195.000 4.459
6200.000 1.519
6205.000 1.394
6210.000 1.052
6215.000 0.924
6220.000 0.884
6225.000 0.878
6230.000 0.889
6235.000 0.901
6240.000 0.898
6245.000 0.878
6250.000 0.863
6255.000 0.827
6260.000 0.787
6265.000 0.741
6270.000 0.699
6275.000 0.658
6280.000 0.622
6285.000 0.588
6290.000 0.555
6295.000 0.527
6300.000 0.504
6305.000 0.471
6310.000 0.443
6315.000 0.424
6320.000 0.400
6325.000 0.368
6330.000 0.345
6335.000 0.326
6340.000 0.308
6345.000 0.291
6350.000 0.278
6355.000 0.266
6360.000 0.255
6365.000 0.245
6370.000 0.239
6375.000 0.232
6380.000 0.224
6385.000 0.217
6390.000 0.212
6395.000 0.204
6400.000 0.198
6405.000 0.194
6410.000 0.191
6415.000 0.185
6420.000 0.181
6425.000 0.175
6430.000 0.173
6435.000 0.170
6440.000 0.166
6445.000 0.164
6450.000 0.160
6455.000 0.158
6460.000 0.154
6465.000 0.152
6470.000 0.151
6475.000 0.146
6480.000 0.145
6485.000 0.143
6490.000 0.140
6495.000 0.139
6500.000 0.136
6505.000 0.139
6510.000 0.164
6515.000 0.326
6520.000 1.647
6525.000 4.131
6530.000 4.918
6535.000 1.528
6540.000 0.488
6545.000 0.215
6550.000 0.136
6555.000 0.140
6560.000 0.135
6565.000 0.134
6570.000 0.127
6575.000 0.122
6580.000 0.119
6585.000 0.115
6590.000 0.113
6595.000 0.110
6600.000 0.109
6605.000 0.107
6610.000 0.107
6615.000 0.105
6620.000 0.105
6625.000 0.104
6630.000 0.104
6635.000 0.102
6640.000 0.101
6645.000 0.101
6650.000 0.101
6655.000 0.099
6660.000 0.101
6665.000 0.099
6670.000 0.100
6675.000 0.099
6680.000 0.099
6685.000 0.099
6690.000 0.098
6695.000 0.099
6700.000 0.098
6705.000 0.098
6710.000 0.097
6715.000 0.097
6720.000 0.097
6725.000 0.096
6730.000 0.096
6735.000 0.096
6740.000 0.096
6745.000 0.097
6750.000 0.096
6755.000 0.096
6760.000 0.095
6765.000 0.096
6770.000 0.094
6775.000 0.095
6780.000 0.094
6785.000 0.095
6790.000 0.094
6795.000 0.096
6800.000 0.095
6805.000 0.094
6810.000 0.095
6815.000 0.094
6820.000 0.094
6825.000 0.094
6830.000 0.094
6835.000 0.095
6840.000 0.093
6845.000 0.094
6850.000 0.094
6855.000 0.094
6860.000 0.093
6865.000 0.093
6870.000 0.094
6875.000 0.093
6880.000 0.093
6885.000 0.094
6890.000 0.093
6895.000 0.093
6900.000 0.093
6905.000 0.093
6910.000 0.094
6915.000 0.093
6920.000 0.092
6925.000 0.094
6930.000 0.093
6935.000 0.093
6940.000 0.092
6945.000 0.092
6950.000 0.091
6955.000 0.093
6960.000 0.093
6965.000 0.094
6970.000 0.091
6975.000 0.094
6980.000 0.093
6985.000 0.091
6990.000 0.094
6995.000 0.094
7000.000 0.092
7005.000 0.093
7010.000 0.091
7015.000 0.095
7020.000 0.091
7025.000 0.091
7030.000 0.091
7035.000 0.093
7040.000 0.093
7045.000 0.094
7050.000 0.091
7055.000 0.092
7060.000 0.093
7065.000 0.092
7070.000 0.094
7075.000 0.092
7080.000 0.092
7085.000 0.092
7090.000 0.093
7095.000 0.091
7100.000 0.093
7105.000 0.091
7110.000 0.092
7115.000 0.092
7120.000 0.092
7125.000 0.092
7130.000 0.092
7135.000 0.091
7140.000 0.092
7145.000 0.091
7150.000 0.092
7155.000 0.091
7160.000 0.091
7165.000 0.092
7170.000 0.091
7175.000 0.091
7180.000 0.091
7185.000 0.091
7190.000 0.090
7195.000 0.091
7200.000 0.091
7205.000 0.092
7210.000 0.092
7215.000 0.092
7220.000 0.092
7225.000 0.092
7230.000 0.093
7235.000 0.092
7240.000 0.091
7245.000 0.091
7250.000 0.092
7255.000 0.092
7260.000 0.091
7265.000 0.092
7270.000 0.092
7275.000 0.092
7280.000 0.092
7285.000 0.093
7290.000 0.092
7295.000 0.092
7300.000 0.093
7305.000 0.093
7310.000 0.093
7315.000 0.093
7320.000 0.095
7325.000 0.094
7330.000 0.095
7335.000 0.096
7340.000 0.096
7345.000 0.098
7350.000 0.100
7355.000 0.101
7360.000 0.104
7365.000 0.108
7370.000 0.110
7375.000 0.113
7380.000 0.117
7385.000 0.128
7390.000 0.167
7395.000 0.333
7400.000 0.676
7405.000 0.846
7410.000 1.079
7415.000 1.059
7420.000 1.017
7425.000 0.941
7430.000 0.582
7435.000 0.293
7440.000 0.198
7445.000 0.162
7450.000 0.144
7455.000 0.132
7460.000 0.123
7465.000 0.121
7470.000 0.115
7475.000 0.111
7480.000 0.106
7485.000 0.105
7490.000 0.104
7495.000 0.102
7500.000 0.102
7505.000 0.101
7510.000 0.101
7515.000 0.099
7520.000 0.099
7525.000 0.099
7530.000 0.098
7535.000 0.097
7540.000 0.097
7545.000 0.097
7550.000 0.096
7555.000 0.096
7560.000 0.096
7565.000 0.096
7570.000 0.098
7575.000 0.100
7580.000 0.103
7585.000 0.101
7590.000 0.100
7595.000 0.097
7600.000 0.096
7605.000 0.094
7610.000 0.094
7615.000 0.094
7620.000 0.092
7625.000 0.092
7630.000 0.093
7635.000 0.092
7640.000 0.092
7645.000 0.092
7650.000 0.092
7655.000 0.092
7660.000 0.091
7665.000 0.090
7670.000 0.091
7675.000 0.091
7680.000 0.091
7685.000 0.092
7690.000 0.091
7695.000 0.090
7700.000 0.091
7705.000 0.089
7710.000 0.089
7715.000 0.089
7720.000 0.090
7725.000 0.089
7730.000 0.090
7735.000 0.089
7740.000 0.090
7745.000 0.087
7750.000 0.089
7755.000 0.088
7760.000 0.087
7765.000 0.087
7770.000 0.088
7775.000 0.087
7780.000 0.088
7785.000 0.088
7790.000 0.086
7795.000 0.087
7800.000 0.088
7805.000 0.087
7810.000 0.086
7815.000 0.086
7820.000 0.087
7825.000 0.086
7830.000 0.086
7835.000 0.087
7840.000 0.087
7845.000 0.087
7850.000 0.087
7855.000 0.088
7860.000 0.088
7865.000 0.088
7870.000 0.089
7875.000 0.090
7880.000 0.089
7885.000 0.091
7890.000 0.091
7895.000 0.093
7900.000 0.094
7905.000 0.096
7910.000 0.098
7915.000 0.102
7920.000 0.108
7925.000 0.111
7930.000 0.116
7935.000 0.125
7940.000 0.133
7945.000 0.142
7950.000 0.158
7955.000 0.170
7960.000 0.193
7965.000 0.226
7970.000 0.283
7975.000 0.372
7980.000 0.524
7985.000 0.782
7990.000 1.198
7995.000 1.971
8000.000 3.767
8005.000 5.696
8010.000 2.335
8015.000 1.262
8020.000 0.910
8025.000 0.685
8030.000 0.496
8035.000 0.394
8040.000 0.321
8045.000 0.271
8050.000 0.232
8055.000 0.207
8060.000 0.186
8065.000 0.167
8070.000 0.156
8075.000 0.146
8080.000 0.140
8085.000 0.134
8090.000 0.128
8095.000 0.122
8100.000 0.118
8105.000 0.112
8110.000 0.111
8115.000 0.107
8120.000 0.105
8125.000 0.101
8130.000 0.099
8135.000 0.098
8140.000 0.097
8145.000 0.095
8150.000 0.093
8155.000 0.091
8160.000 0.091
8165.000 0.089
8170.000 0.087
8175.000 0.086
8180.000 0.086
8185.000 0.083
8190.000 0.083
8195.000 0.083
8200.000 0.081
8205.000 0.080
8210.000 0.079
8215.000 0.078
8220.000 0.077
8225.000 0.077
8230.000 0.075
8235.000 0.074
8240.000 0.075
8245.000 0.073
8250.000 0.073
8255.000 0.072
8260.000 0.071
8265.000 0.071
8270.000 0.069
8275.000 0.069
8280.000 0.067
8285.000 0.067
8290.000 0.066
8295.000 0.065
8300.000 0.064
8305.000 0.063
8310.000 0.063
8315.000 0.062
8320.000 0.062
8325.000 0.061
8330.000 0.060
8335.000 0.059
8340.000 0.059
8345.000 0.058
8350.000 0.057
8355.000 0.058
8360.000 0.056
8365.000 0.055
8370.000 0.055
8375.000 0.054
8380.000 0.054
8385.000 0.053
8390.000 0.053
8395.000 0.052
8400.000 0.053
8405.000 0.052
8410.000 0.051
8415.000 0.051
8420.000 0.052
8425.000 0.050
8430.000 0.050
8435.000 0.050
8440.000 0.050
8445.000 0.051
8450.000 0.055
8455.000 0.066
8460.000 0.094
8465.000 0.171
8470.000 0.448
8475.000 1.513
8480.000 2.857
8485.000 2.241
8490.000 1.195
8495.000 0.906
8500.000 0.697
8505.000 0.677
8510.000 0.638
8515.000 0.648
8520.000 0.696
8525.000 0.754
8530.000 0.846
8535.000 0.958
8540.000 1.102
8545.000 1.287
8550.000 1.526
8555.000 1.865
8560.000 2.318
8565.000 2.584
8570.000 3.138
8575.000 3.609
8580.000 3.645
8585.000 3.093
8590.000 2.286
8595.000 1.567
8600.000 1.096
8605.000 0.893
8610.000 0.880
8615.000 0.928
8620.000 0.941
8625.000 0.927
8630.000 0.896
8635.000 0.817
8640.000 0.739
8645.000 0.685
8650.000 0.637
8655.000 0.601
8660.000 0.567
8665.000 0.539
8670.000 0.515
8675.000 0.492
8680.000 0.483
8685.000 0.464
8690.000 0.448
8695.000 0.433
8700.000 0.421
8705.000 0.410
8710.000 0.398
8715.000 0.389
8720.000 0.380
8725.000 0.371
8730.000 0.364
8735.000 0.356
8740.000 0.347
8745.000 0.345
8750.000 0.338
8755.000 0.333
8760.000 0.328
8765.000 0.322
8770.000 0.318
8775.000 0.314
8780.000 0.311
8785.000 0.305
8790.000 0.303
8795.000 0.298
8800.000 0.297
8805.000 0.294
8810.000 0.291
8815.000 0.291
8820.000 0.287
8825.000 0.295
8830.000 0.285
8835.000 0.284
8840.000 0.286
8845.000 0.274
8850.000 0.272
8855.000 0.267
8860.000 0.266
8865.000 0.266
8870.000 0.261
8875.000 0.260
8880.000 0.257
8885.000 0.256
8890.000 0.254
8895.000 0.254
8900.000 0.253
8905.000 0.250
8910.000 0.251
8915.000 0.246
8920.000 0.246
8925.000 0.245
8930.000 0.243
8935.000 0.243
8940.000 0.243
8945.000 0.239
8950.000 0.239
8955.000 0.238
8960.000 0.236
8965.000 0.236
8970.000 0.237
8975.000 0.238
8980.000 0.237
8985.000 0.231
8990.000 0.232
8995.000 0.228
9000.000 0.230
9005.000 0.225
9010.000 0.228
9015.000 0.227
9020.000 0.232
9025.000 0.229
9030.000 0.229
9035.000 0.226
9040.000 0.224
9045.000 0.223
9050.000 0.225
9055.000 0.220
9060.000 0.220
9065.000 0.220
9070.000 0.220
9075.000 0.221
9080.000 0.220
9085.000 0.219
9090.000 0.219
9095.000 0.218
9100.000 0.219
9105.000 0.217
9110.000 0.215
9115.000 0.216
9120.000 0.215
9125.000 0.215
9130.000 0.215
9135.000 0.214
9140.000 0.218
9145.000 0.214
9150.000 0.215
9155.000 0.214
9160.000 0.212
9165.000 0.213
9170.000 0.214
9175.000 0.212
9180.000 0.211
9185.000 0.210
9190.000 0.211
9195.000 0.210
9200.000 0.210
9205.000 0.209
9210.000 0.211
9215.000 0.211
9220.000 0.211
9225.000 0.211
9230.000 0.211
9235.000 0.212
9240.000 0.212
9245.000 0.211
9250.000 0.212
9255.000 0.212
9260.000 0.214
9265.000 0.214
9270.000 0.210
9275.000 0.210
9280.000 0.213
9285.000 0.214
9290.000 0.215
9295.000 0.215
9300.000 0.215
9305.000 0.214
9310.000 0.213
9315.000 0.216
9320.000 0.217
9325.000 0.217
9330.000 0.219
9335.000 0.221
9340.000 0.223
9345.000 0.223
9350.000 0.225
9355.000 0.228
9360.000 0.233
9365.000 0.237
9370.000 0.245
9375.000 0.252
9380.000 0.268
9385.000 0.287
9390.000 0.321
9395.000 0.387
9400.000 0.551
9405.000 0.913
9410.000 1.124
9415.000 1.270
9420.000 0.818
9425.000 0.381
9430.000 0.522
9435.000 0.260
9440.000 0.231
9445.000 0.216
9450.000 0.204
9455.000 0.198
9460.000 0.195
9465.000 0.195
9470.000 0.195
9475.000 0.195
9480.000 0.195
9485.000 0.197
9490.000 0.198
9495.000 0.198
9500.000 0.198
9505.000 0.199
9510.000 0.198
9515.000 0.200
9520.000 0.200
9525.000 0.202
9530.000 0.201
9535.000 0.203
9540.000 0.204
9545.000 0.204
9550.000 0.206
9555.000 0.205
9560.000 0.206
9565.000 0.210
9570.000 0.210
9575.000 0.209
9580.000 0.211
9585.000 0.212
9590.000 0.212
9595.000 0.214
9600.000 0.215
9605.000 0.220
9610.000 0.218
9615.000 0.224
9620.000 0.225
9625.000 0.226
9630.000 0.231
9635.000 0.233
9640.000 0.235
9645.000 0.238
9650.000 0.239
9655.000 0.244
9660.000 0.252
9665.000 0.256
9670.000 0.263
9675.000 0.264
9680.000 0.271
9685.000 0.282
9690.000 0.293
9695.000 0.305
9700.000 0.322
9705.000 0.342
9710.000 0.363
9715.000 0.395
9720.000 0.434
9725.000 0.486
9730.000 0.551
9735.000 0.612
9740.000 0.633
9745.000 0.623
9750.000 0.545
9755.000 0.439
9760.000 0.343
9765.000 0.273
9770.000 0.221
9775.000 0.187
9780.000 0.165
9785.000 0.157
9790.000 0.160
9795.000 0.170
9800.000 0.180
9805.000 0.220
9810.000 0.294
9815.000 0.353
9820.000 0.342
9825.000 0.293
9830.000 0.256
9835.000 0.231
9840.000 0.215
9845.000 0.205
9850.000 0.198
9855.000 0.196
9860.000 0.192
9865.000 0.189
9870.000 0.185
9875.000 0.184
9880.000 0.181
9885.000 0.182
9890.000 0.178
9895.000 0.178
9900.000 0.177
9905.000 0.175
9910.000 0.177
9915.000 0.175
9920.000 0.175
9925.000 0.178
9930.000 0.177
9935.000 0.176
9940.000 0.175
9945.000 0.174
9950.000 0.175
9955.000 0.176
9960.000 0.177
9965.000 0.173
9970.000 0.176
9975.000 0.176
9980.000 0.175
9985.000 0.177
9990.000 0.176
9995.000 0.176
10000.000 0.180
10005.000 0.177
10010.000 0.176
10015.000 0.178
10020.000 0.177
10025.000 0.178
10030.000 0.178
10035.000 0.182
10040.000 0.185
10045.000 0.185
10050.000 0.184
10055.000 0.187
10060.000 0.188
10065.000 0.196
10070.000 0.201
10075.000 0.214
10080.000 0.231
10085.000 0.269
10090.000 0.360
10095.000 0.543
10100.000 0.627
10105.000 0.869
10110.000 0.896
10115.000 0.451
10120.000 0.334
10125.000 0.242
10130.000 0.221
10135.000 0.202
10140.000 0.193
10145.000 0.188
10150.000 0.186
10155.000 0.184
10160.000 0.185
10165.000 0.183
10170.000 0.184
10175.000 0.183
10180.000 0.185
10185.000 0.183
10190.000 0.183
10195.000 0.185
10200.000 0.184
10205.000 0.184
10210.000 0.186
10215.000 0.184
10220.000 0.186
10225.000 0.185
10230.000 0.184
10235.000 0.187
10240.000 0.187
10245.000 0.189
10250.000 0.188
10255.000 0.188
10260.000 0.186
10265.000 0.188
10270.000 0.189
10275.000 0.190
10280.000 0.189
10285.000 0.190
10290.000 0.190
10295.000 0.189
10300.000 0.190
10305.000 0.190
10310.000 0.190
10315.000 0.192
10320.000 0.190
10325.000 0.192
10330.000 0.193
10335.000 0.192
10340.000 0.193
10345.000 0.193
10350.000 0.195
10355.000 0.194
10360.000 0.195
10365.000 0.196
10370.000 0.198
10375.000 0.200
10380.000 0.202
10385.000 0.199
10390.000 0.199
10395.000 0.202
10400.000 0.202
10405.000 0.202
10410.000 0.202
10415.000 0.204
10420.000 0.205
10425.000 0.208
10430.000 0.208
10435.000 0.208
10440.000 0.207
10445.000 0.208
10450.000 0.209
10455.000 0.212
10460.000 0.212
10465.000 0.211
10470.000 0.213
10475.000 0.212
10480.000 0.217
10485.000 0.214
10490.000 0.217
10495.000 0.218
10500.000 0.222
10505.000 0.222
10510.000 0.224
10515.000 0.225
10520.000 0.226
10525.000 0.226
10530.000 0.228
10535.000 0.231
10540.000 0.231
10545.000 0.233
10550.000 0.236
10555.000 0.237
10560.000 0.242
10565.000 0.241
10570.000 0.245
10575.000 0.245
10580.000 0.247
10585.000 0.249
10590.000 0.252
10595.000 0.254
10600.000 0.256
10605.000 0.260
10610.000 0.266
10615.000 0.268
10620.000 0.271
10625.000 0.275
10630.000 0.280
10635.000 0.283
10640.000 0.290
10645.000 0.292
10650.000 0.295
10655.000 0.302
10660.000 0.306
10665.000 0.315
10670.000 0.320
10675.000 0.332
10680.000 0.339
10685.000 0.347
10690.000 0.357
10695.000 0.371
10700.000 0.384
10705.000 0.401
10710.000 0.411
10715.000 0.430
10720.000 0.454
10725.000 0.481
10730.000 0.519
10735.000 0.564
10740.000 0.630
10745.000 0.723
10750.000 0.869
10755.000 1.094
10760.000 1.429
10765.000 1.787
10770.000 1.850
10775.000 1.658
10780.000 1.035
10785.000 0.562
10790.000 0.297
10795.000 0.130
10800.000 0.125
10805.000 0.104
10810.000 0.042
10815.000 0.041
10820.000 0.060
10825.000 0.081
10830.000 0.092
10835.000 0.114
10840.000 0.141
10845.000 0.176
10850.000 0.223
10855.000 0.283
10860.000 0.363
10865.000 0.463
10870.000 0.575
10875.000 0.689
10880.000 0.814
10885.000 0.945
10890.000 1.019
10895.000 1.171
10900.000 1.312
10905.000 1.413
10910.000 1.415
10915.000 1.295
10920.000 1.093
10925.000 0.867
10930.000 0.665
10935.000 0.507
10940.000 0.375
10945.000 0.288
10950.000 0.227
10955.000 0.200
10960.000 0.158
10965.000 0.127
10970.000 0.093
10975.000 0.063
10980.000 0.048
10985.000 0.072
10990.000 0.090
10995.000 0.090
11000.000 0.083
11005.000 0.074
11010.000 0.063
11015.000 0.060
11020.000 0.052
11025.000 0.046
11030.000 0.039
11035.000 0.035
11040.000 0.028
11045.000 0.025
11050.000 0.021
11055.000 0.019
11060.000 0.017
11065.000 0.015
11070.000 0.014
11075.000 0.015
11080.000 0.015
11085.000 0.016
11090.000 0.016
11095.000 0.017
11100.000 0.018
11105.000 0.020
11110.000 0.021
11115.000 0.022
11120.000 0.023
11125.000 0.024
11130.000 0.026
11135.000 0.026
11140.000 0.027
11145.000 0.030
11150.000 0.031
11155.000 0.031
11160.000 0.032
11165.000 0.034
11170.000 0.034
11175.000 0.037
11180.000 0.037
11185.000 0.038
11190.000 0.039
11195.000 0.040
11200.000 0.040
11205.000 0.042
11210.000 0.043
11215.000 0.043
11220.000 0.044
11225.000 0.044
11230.000 0.044
11235.000 0.045
11240.000 0.045
11245.000 0.047
11250.000 0.047
11255.000 0.047
11260.000 0.047
11265.000 0.047
11270.000 0.050
11275.000 0.050
11280.000 0.050
11285.000 0.050
11290.000 0.050
11295.000 0.052
11300.000 0.051
11305.000 0.053
11310.000 0.053
11315.000 0.052
11320.000 0.052
11325.000 0.053
11330.000 0.054
11335.000 0.052
11340.000 0.054
11345.000 0.053
11350.000 0.054
11355.000 0.055
11360.000 0.055
11365.000 0.056
11370.000 0.055
11375.000 0.055
11380.000 0.055
11385.000 0.056
11390.000 0.055
11395.000 0.054
11400.000 0.054
11405.000 0.054
11410.000 0.053
11415.000 0.053
11420.000 0.053
11425.000 0.054
11430.000 0.053
11435.000 0.052
11440.000 0.053
11445.000 0.052
11450.000 0.052
11455.000 0.051
11460.000 0.050
11465.000 0.051
11470.000 0.050
11475.000 0.052
11480.000 0.054
11485.000 0.050
11490.000 0.048
11495.000 0.048
11500.000 0.046
11505.000 0.046
11510.000 0.044
11515.000 0.043
11520.000 0.042
11525.000 0.041
11530.000 0.039
11535.000 0.037
11540.000 0.036
11545.000 0.035
11550.000 0.032
11555.000 0.030
11560.000 0.029
11565.000 0.026
11570.000 0.024
11575.000 0.021
11580.000 0.020
11585.000 0.019
11590.000 0.022
11595.000 0.027
11600.000 0.038
11605.000 0.056
11610.000 0.090
11615.000 0.160
11620.000 0.214
11625.000 0.353
11630.000 0.544
11635.000 0.697
11640.000 0.554
11645.000 0.905
11650.000 1.281
11655.000 0.690
11660.000 0.528
11665.000 0.431
11670.000 0.359
11675.000 0.302
11680.000 0.258
11685.000 0.241
11690.000 0.212
11695.000 0.191
11700.000 0.175
11705.000 0.161
11710.000 0.150
11715.000 0.144
11720.000 0.140
11725.000 0.135
11730.000 0.132
11735.000 0.131
11740.000 0.127
11745.000 0.127
11750.000 0.125
11755.000 0.124
11760.000 0.122
11765.000 0.120
11770.000 0.118
11775.000 0.116
11780.000 0.115
11785.000 0.116
11790.000 0.117
11795.000 0.112
11800.000 0.113
11805.000 0.112
11810.000 0.112
11815.000 0.111
11820.000 0.110
11825.000 0.110
11830.000 0.109
11835.000 0.110
11840.000 0.108
11845.000 0.107
11850.000 0.107
11855.000 0.106
11860.000 0.107
11865.000 0.107
11870.000 0.108
11875.000 0.107
11880.000 0.107
11885.000 0.108
11890.000 0.108
11895.000 0.110
11900.000 0.113
11905.000 0.117
11910.000 0.119
11915.000 0.119
11920.000 0.124
11925.000 0.127
11930.000 0.135
11935.000 0.146
11940.000 0.164
11945.000 0.196
11950.000 0.265
11955.000 0.389
11960.000 0.502
11965.000 0.410
11970.000 0.187
11975.000 0.148
11980.000 0.132
11985.000 0.125
11990.000 0.128
11995.000 0.136
12000.000 0.153
