105.000 0.015
110.000 0.711
115.000 0.972
120.000 1.045
125.000 1.183
130.000 1.248
135.000 1.324
140.000 1.344
145.000 1.361
150.000 1.351
155.000 1.318
160.000 1.287
165.000 1.273
170.000 1.228
175.000 1.203
180.000 1.206
185.000 1.219
190.000 1.216
195.000 1.203
200.000 1.222
205.000 1.206
210.000 1.246
215.000 1.289
220.000 1.317
225.000 1.299
230.000 1.366
235.000 1.359
240.000 1.383
245.000 1.380
250.000 1.401
255.000 1.461
260.000 1.455
265.000 1.444
270.000 1.470
275.000 1.454
280.000 1.481
285.000 1.517
290.000 1.525
295.000 1.478
300.000 1.498
305.000 1.490
310.000 1.479
315.000 1.500
320.000 1.490
325.000 1.509
330.000 1.568
335.000 1.607
340.000 1.672
345.000 1.720
350.000 1.809
355.000 1.857
360.000 1.935
365.000 2.021
370.000 2.087
375.000 2.221
380.000 2.338
385.000 2.465
390.000 2.587
395.000 2.721
400.000 2.826
405.000 2.923
410.000 2.932
415.000 2.939
420.000 2.867
425.000 2.790
430.000 2.591
435.000 2.323
440.000 2.028
445.000 1.758
450.000 1.519
455.000 1.317
460.000 1.160
465.000 1.032
470.000 0.939
475.000 0.856
480.000 0.797
485.000 0.774
490.000 0.727
495.000 0.687
500.000 0.639
505.000 0.606
510.000 0.573
515.000 0.544
520.000 0.510
525.000 0.491
530.000 0.460
535.000 0.443
540.000 0.418
545.000 0.394
550.000 0.391
555.000 0.372
560.000 0.353
565.000 0.330
570.000 0.316
575.000 0.299
580.000 0.285
585.000 0.271
590.000 0.259
595.000 0.252
600.000 0.244
605.000 0.234
610.000 0.229
615.000 0.222
620.000 0.217
625.000 0.208
630.000 0.201
635.000 0.199
640.000 0.191
645.000 0.188
650.000 0.187
655.000 0.179
660.000 0.172
665.000 0.173
670.000 0.167
675.000 0.165
680.000 0.165
685.000 0.161
690.000 0.159
695.000 0.154
700.000 0.151
705.000 0.148
710.000 0.145
715.000 0.145
720.000 0.141
725.000 0.143
730.000 0.138
735.000 0.141
740.000 0.136
745.000 0.132
750.000 0.132
755.000 0.132
760.000 0.133
765.000 0.128
770.000 0.128
775.000 0.127
780.000 0.124
785.000 0.118
790.000 0.124
795.000 0.125
800.000 0.126
805.000 0.122
810.000 0.124
815.000 0.123
820.000 0.121
825.000 0.120
830.000 0.121
835.000 0.117
840.000 0.115
845.000 0.117
850.000 0.115
855.000 0.115
860.000 0.115
865.000 0.115
870.000 0.116
875.000 0.113
880.000 0.110
885.000 0.112
890.000 0.113
895.000 0.112
900.000 0.108
905.000 0.111
910.000 0.112
915.000 0.110
920.000 0.109
925.000 0.112
930.000 0.107
935.000 0.112
940.000 0.107
945.000 0.108
950.000 0.107
955.000 0.111
960.000 0.111
965.000 0.108
970.000 0.112
975.000 0.110
980.000 0.107
985.000 0.109
990.000 0.108
995.000 0.103
1000.000 0.113
1005.000 0.102
1010.000 0.105
1015.000 0.110
1020.000 0.106
1025.000 0.106
1030.000 0.106
1035.000 0.108
1040.000 0.109
1045.000 0.110
1050.000 0.105
1055.000 0.107
1060.000 0.106
1065.000 0.107
1070.000 0.103
1075.000 0.106
1080.000 0.109
1085.000 0.106
1090.000 0.106
1095.000 0.108
1100.000 0.105
1105.000 0.105
1110.000 0.105
1115.000 0.104
1120.000 0.105
1125.000 0.105
1130.000 0.106
1135.000 0.105
1140.000 0.106
1145.000 0.104
1150.000 0.105
1155.000 0.107
1160.000 0.106
1165.000 0.105
1170.000 0.105
1175.000 0.107
1180.000 0.107
1185.000 0.110
1190.000 0.111
1195.000 0.107
1200.000 0.107
1205.000 0.108
1210.000 0.104
1215.000 0.106
1220.000 0.107
1225.000 0.106
1230.000 0.107
1235.000 0.109
1240.000 0.108
1245.000 0.107
1250.000 0.106
1255.000 0.109
1260.000 0.109
1265.000 0.109
1270.000 0.110
1275.000 0.110
1280.000 0.111
1285.000 0.111
1290.000 0.110
1295.000 0.109
1300.000 0.110
1305.000 0.109
1310.000 0.110
1315.000 0.112
1320.000 0.113
1325.000 0.112
1330.000 0.115
1335.000 0.114
1340.000 0.115
1345.000 0.114
1350.000 0.113
1355.000 0.114
1360.000 0.114
1365.000 0.112
1370.000 0.115
1375.000 0.114
1380.000 0.115
1385.000 0.114
1390.000 0.115
1395.000 0.115
1400.000 0.116
1405.000 0.115
1410.000 0.117
1415.000 0.116
1420.000 0.116
1425.000 0.118
1430.000 0.118
1435.000 0.115
1440.000 0.118
1445.000 0.117
1450.000 0.116
1455.000 0.117
1460.000 0.116
1465.000 0.115
1470.000 0.115
1475.000 0.113
1480.000 0.114
1485.000 0.114
1490.000 0.113
1495.000 0.114
1500.000 0.112
1505.000 0.113
1510.000 0.113
1515.000 0.117
1520.000 0.118
1525.000 0.117
1530.000 0.119
1535.000 0.120
1540.000 0.122
1545.000 0.123
1550.000 0.123
1555.000 0.126
1560.000 0.125
1565.000 0.128
1570.000 0.129
1575.000 0.130
1580.000 0.130
1585.000 0.134
1590.000 0.134
1595.000 0.134
1600.000 0.136
1605.000 0.136
1610.000 0.138
1615.000 0.140
1620.000 0.141
1625.000 0.148
1630.000 0.147
1635.000 0.147
1640.000 0.149
1645.000 0.151
1650.000 0.150
1655.000 0.153
1660.000 0.154
1665.000 0.159
1670.000 0.161
1675.000 0.162
1680.000 0.164
1685.000 0.169
1690.000 0.170
1695.000 0.175
1700.000 0.173
1705.000 0.174
1710.000 0.177
1715.000 0.181
1720.000 0.186
1725.000 0.190
1730.000 0.190
1735.000 0.194
1740.000 0.196
1745.000 0.199
1750.000 0.204
1755.000 0.206
1760.000 0.209
1765.000 0.212
1770.000 0.215
1775.000 0.219
1780.000 0.219
1785.000 0.225
1790.000 0.226
1795.000 0.231
1800.000 0.232
1805.000 0.234
1810.000 0.238
1815.000 0.239
1820.000 0.241
1825.000 0.243
1830.000 0.246
1835.000 0.246
1840.000 0.249
1845.000 0.251
1850.000 0.250
1855.000 0.250
1860.000 0.250
1865.000 0.249
1870.000 0.250
1875.000 0.249
1880.000 0.247
1885.000 0.246
1890.000 0.245
1895.000 0.242
1900.000 0.242
1905.000 0.240
1910.000 0.237
1915.000 0.235
1920.000 0.232
1925.000 0.231
1930.000 0.229
1935.000 0.225
1940.000 0.225
1945.000 0.223
1950.000 0.218
1955.000 0.219
1960.000 0.214
1965.000 0.210
1970.000 0.214
1975.000 0.211
1980.000 0.208
1985.000 0.203
1990.000 0.205
1995.000 0.204
2000.000 0.196
2005.000 0.197
2010.000 0.196
2015.000 0.190
2020.000 0.192
2025.000 0.183
2030.000 0.188
2035.000 0.182
2040.000 0.186
2045.000 0.185
2050.000 0.179
2055.000 0.176
2060.000 0.176
2065.000 0.174
2070.000 0.174
2075.000 0.171
2080.000 0.170
2085.000 0.170
2090.000 0.168
2095.000 0.167
2100.000 0.166
2105.000 0.165
2110.000 0.162
2115.000 0.162
2120.000 0.161
2125.000 0.160
2130.000 0.160
2135.000 0.157
2140.000 0.158
2145.000 0.156
2150.000 0.156
2155.000 0.154
2160.000 0.155
2165.000 0.152
2170.000 0.150
2175.000 0.150
2180.000 0.151
2185.000 0.152
2190.000 0.151
2195.000 0.148
2200.000 0.147
2205.000 0.146
2210.000 0.144
2215.000 0.144
2220.000 0.144
2225.000 0.140
2230.000 0.138
2235.000 0.135
2240.000 0.131
2245.000 0.127
2250.000 0.122
2255.000 0.112
2260.000 0.097
2265.000 0.075
2270.000 0.062
2275.000 0.171
2280.000 0.768
2285.000 2.293
2290.000 5.557
2295.000 9.647
2300.000 6.480
2305.000 1.372
2310.000 0.353
2315.000 0.298
2320.000 0.094
2325.000 0.050
2330.000 0.043
2335.000 0.044
2340.000 0.050
2345.000 0.054
2350.000 0.057
2355.000 0.061
2360.000 0.063
2365.000 0.066
2370.000 0.065
2375.000 0.066
2380.000 0.067
2385.000 0.069
2390.000 0.069
2395.000 0.070
2400.000 0.071
2405.000 0.073
2410.000 0.072
2415.000 0.073
2420.000 0.074
2425.000 0.076
2430.000 0.076
2435.000 0.076
2440.000 0.076
2445.000 0.076
2450.000 0.078
2455.000 0.077
2460.000 0.078
2465.000 0.079
2470.000 0.080
2475.000 0.080
2480.000 0.079
2485.000 0.080
2490.000 0.081
2495.000 0.080
2500.000 0.081
2505.000 0.082
2510.000 0.082
2515.000 0.082
2520.000 0.083
2525.000 0.084
2530.000 0.085
2535.000 0.085
2540.000 0.086
2545.000 0.086
2550.000 0.087
2555.000 0.087
2560.000 0.088
2565.000 0.089
2570.000 0.089
2575.000 0.090
2580.000 0.090
2585.000 0.091
2590.000 0.092
2595.000 0.092
2600.000 0.093
2605.000 0.094
2610.000 0.094
2615.000 0.095
2620.000 0.097
2625.000 0.096
2630.000 0.096
2635.000 0.097
2640.000 0.099
2645.000 0.100
2650.000 0.101
2655.000 0.102
2660.000 0.105
2665.000 0.105
2670.000 0.107
2675.000 0.106
2680.000 0.108
2685.000 0.109
2690.000 0.111
2695.000 0.112
2700.000 0.113
2705.000 0.114
2710.000 0.115
2715.000 0.116
2720.000 0.117
2725.000 0.118
2730.000 0.118
2735.000 0.120
2740.000 0.121
2745.000 0.123
2750.000 0.124
2755.000 0.126
2760.000 0.128
2765.000 0.128
2770.000 0.131
2775.000 0.132
2780.000 0.133
2785.000 0.135
2790.000 0.136
2795.000 0.139
2800.000 0.140
2805.000 0.140
2810.000 0.142
2815.000 0.143
2820.000 0.146
2825.000 0.146
2830.000 0.149
2835.000 0.149
2840.000 0.152
2845.000 0.154
2850.000 0.155
2855.000 0.155
2860.000 0.157
2865.000 0.158
2870.000 0.159
2875.000 0.161
2880.000 0.162
2885.000 0.163
2890.000 0.164
2895.000 0.165
2900.000 0.165
2905.000 0.169
2910.000 0.169
2915.000 0.170
2920.000 0.170
2925.000 0.170
2930.000 0.171
2935.000 0.172
2940.000 0.172
2945.000 0.174
2950.000 0.171
2955.000 0.176
2960.000 0.174
2965.000 0.176
2970.000 0.173
2975.000 0.173
2980.000 0.173
2985.000 0.173
2990.000 0.175
2995.000 0.177
3000.000 0.172
3005.000 0.178
3010.000 0.179
3015.000 0.175
3020.000 0.180
3025.000 0.178
3030.000 0.182
3035.000 0.175
3040.000 0.175
3045.000 0.177
3050.000 0.182
3055.000 0.179
3060.000 0.180
3065.000 0.179
3070.000 0.181
3075.000 0.181
3080.000 0.180
3085.000 0.182
3090.000 0.183
3095.000 0.181
3100.000 0.180
3105.000 0.181
3110.000 0.181
3115.000 0.181
3120.000 0.181
3125.000 0.181
3130.000 0.181
3135.000 0.182
3140.000 0.182
3145.000 0.181
3150.000 0.181
3155.000 0.181
3160.000 0.182
3165.000 0.183
3170.000 0.183
3175.000 0.182
3180.000 0.181
3185.000 0.182
3190.000 0.183
3195.000 0.182
3200.000 0.183
3205.000 0.185
3210.000 0.183
3215.000 0.184
3220.000 0.184
3225.000 0.185
3230.000 0.185
3235.000 0.185
3240.000 0.185
3245.000 0.185
3250.000 0.184
3255.000 0.187
3260.000 0.187
3265.000 0.187
3270.000 0.188
3275.000 0.187
3280.000 0.189
3285.000 0.189
3290.000 0.189
3295.000 0.188
3300.000 0.190
3305.000 0.189
3310.000 0.191
3315.000 0.193
3320.000 0.194
3325.000 0.195
3330.000 0.195
3335.000 0.198
3340.000 0.200
3345.000 0.202
3350.000 0.201
3355.000 0.205
3360.000 0.205
3365.000 0.208
3370.000 0.210
3375.000 0.212
3380.000 0.213
3385.000 0.215
3390.000 0.219
3395.000 0.220
3400.000 0.225
3405.000 0.230
3410.000 0.230
3415.000 0.234
3420.000 0.238
3425.000 0.241
3430.000 0.245
3435.000 0.250
3440.000 0.254
3445.000 0.259
3450.000 0.264
3455.000 0.270
3460.000 0.276
3465.000 0.282
3470.000 0.284
3475.000 0.294
3480.000 0.299
3485.000 0.304
3490.000 0.310
3495.000 0.315
3500.000 0.323
3505.000 0.331
3510.000 0.339
3515.000 0.348
3520.000 0.358
3525.000 0.366
3530.000 0.373
3535.000 0.382
3540.000 0.392
3545.000 0.405
3550.000 0.419
3555.000 0.434
3560.000 0.451
3565.000 0.470
3570.000 0.488
3575.000 0.510
3580.000 0.536
3585.000 0.547
3590.000 0.576
3595.000 0.607
3600.000 0.645
3605.000 0.684
3610.000 0.734
3615.000 0.794
3620.000 0.870
3625.000 0.970
3630.000 1.104
3635.000 1.293
3640.000 1.563
3645.000 1.962
3650.000 2.236
3655.000 3.006
3660.000 4.211
3665.000 6.258
3670.000 10.565
3675.000 16.868
3680.000 16.304
3685.000 10.106
3690.000 5.752
3695.000 3.714
3700.000 2.547
3705.000 1.878
3710.000 1.643
3715.000 1.288
3720.000 1.036
3725.000 0.861
3730.000 0.731
3735.000 0.632
3740.000 0.556
3745.000 0.495
3750.000 0.448
3755.000 0.411
3760.000 0.377
3765.000 0.349
3770.000 0.325
3775.000 0.317
3780.000 0.297
3785.000 0.281
3790.000 0.267
3795.000 0.253
3800.000 0.243
3805.000 0.232
3810.000 0.223
3815.000 0.215
3820.000 0.207
3825.000 0.200
3830.000 0.197
3835.000 0.191
3840.000 0.186
3845.000 0.180
3850.000 0.175
3855.000 0.171
3860.000 0.166
3865.000 0.162
3870.000 0.159
3875.000 0.154
3880.000 0.151
3885.000 0.148
3890.000 0.148
3895.000 0.144
3900.000 0.142
3905.000 0.139
3910.000 0.137
3915.000 0.134
3920.000 0.132
3925.000 0.130
3930.000 0.128
3935.000 0.128
3940.000 0.125
3945.000 0.122
3950.000 0.123
3955.000 0.120
3960.000 0.121
3965.000 0.120
3970.000 0.114
3975.000 0.115
3980.000 0.113
3985.000 0.112
3990.000 0.111
3995.000 0.108
4000.000 0.110
4005.000 0.106
4010.000 0.106
4015.000 0.105
4020.000 0.108
4025.000 0.107
4030.000 0.107
4035.000 0.102
4040.000 0.102
4045.000 0.101
4050.000 0.105
4055.000 0.103
4060.000 0.102
4065.000 0.100
4070.000 0.100
4075.000 0.100
4080.000 0.098
4085.000 0.100
4090.000 0.099
4095.000 0.099
4100.000 0.098
4105.000 0.097
4110.000 0.097
4115.000 0.096
4120.000 0.097
4125.000 0.097
4130.000 0.096
4135.000 0.096
4140.000 0.096
4145.000 0.096
4150.000 0.095
4155.000 0.095
4160.000 0.095
4165.000 0.095
4170.000 0.096
4175.000 0.095
4180.000 0.095
4185.000 0.095
4190.000 0.095
4195.000 0.095
4200.000 0.094
4205.000 0.095
4210.000 0.095
4215.000 0.094
4220.000 0.094
4225.000 0.094
4230.000 0.093
4235.000 0.094
4240.000 0.093
4245.000 0.093
4250.000 0.092
4255.000 0.093
4260.000 0.093
4265.000 0.093
4270.000 0.093
4275.000 0.091
4280.000 0.092
4285.000 0.091
4290.000 0.090
4295.000 0.088
4300.000 0.088
4305.000 0.088
4310.000 0.087
4315.000 0.087
4320.000 0.086
4325.000 0.086
4330.000 0.085
4335.000 0.085
4340.000 0.084
4345.000 0.083
4350.000 0.082
4355.000 0.083
4360.000 0.083
4365.000 0.082
4370.000 0.083
4375.000 0.082
4380.000 0.081
4385.000 0.082
4390.000 0.081
4395.000 0.081
4400.000 0.082
4405.000 0.082
4410.000 0.082
4415.000 0.081
4420.000 0.082
4425.000 0.082
4430.000 0.081
4435.000 0.082
4440.000 0.081
4445.000 0.081
4450.000 0.081
4455.000 0.081
4460.000 0.081
4465.000 0.081
4470.000 0.081
4475.000 0.082
4480.000 0.081
4485.000 0.082
4490.000 0.082
4495.000 0.081
4500.000 0.082
4505.000 0.082
4510.000 0.081
4515.000 0.081
4520.000 0.082
4525.000 0.082
4530.000 0.081
4535.000 0.082
4540.000 0.082
4545.000 0.082
4550.000 0.083
4555.000 0.081
4560.000 0.082
4565.000 0.082
4570.000 0.081
4575.000 0.081
4580.000 0.081
4585.000 0.083
4590.000 0.083
4595.000 0.082
4600.000 0.083
4605.000 0.081
4610.000 0.082
4615.000 0.082
4620.000 0.081
4625.000 0.082
4630.000 0.082
4635.000 0.082
4640.000 0.082
4645.000 0.082
4650.000 0.082
4655.000 0.082
4660.000 0.082
4665.000 0.083
4670.000 0.083
4675.000 0.082
4680.000 0.083
4685.000 0.082
4690.000 0.082
4695.000 0.084
4700.000 0.084
4705.000 0.084
4710.000 0.084
4715.000 0.083
4720.000 0.085
4725.000 0.085
4730.000 0.084
4735.000 0.085
4740.000 0.085
4745.000 0.085
4750.000 0.085
4755.000 0.086
4760.000 0.086
4765.000 0.086
4770.000 0.087
4775.000 0.086
4780.000 0.087
4785.000 0.087
4790.000 0.088
4795.000 0.089
4800.000 0.089
4805.000 0.090
4810.000 0.091
4815.000 0.092
4820.000 0.093
4825.000 0.093
4830.000 0.095
4835.000 0.097
4840.000 0.099
4845.000 0.102
4850.000 0.104
4855.000 0.107
4860.000 0.112
4865.000 0.114
4870.000 0.119
4875.000 0.125
4880.000 0.133
4885.000 0.143
4890.000 0.158
4895.000 0.178
4900.000 0.205
4905.000 0.252
4910.000 0.313
4915.000 0.428
4920.000 0.631
4925.000 0.807
4930.000 1.480
4935.000 2.954
4940.000 3.627
4945.000 1.038
4950.000 0.369
4955.000 1.564
4960.000 3.487
4965.000 1.654
4970.000 1.021
4975.000 0.638
4980.000 0.487
4985.000 0.386
4990.000 0.349
4995.000 0.293
5000.000 0.258
5005.000 0.225
5010.000 0.204
5015.000 0.184
5020.000 0.174
5025.000 0.164
5030.000 0.152
5035.000 0.145
5040.000 0.137
5045.000 0.135
5050.000 0.130
5055.000 0.127
5060.000 0.124
5065.000 0.118
5070.000 0.117
5075.000 0.115
5080.000 0.111
5085.000 0.110
5090.000 0.109
5095.000 0.106
5100.000 0.104
5105.000 0.105
5110.000 0.102
5115.000 0.102
5120.000 0.100
5125.000 0.100
5130.000 0.099
5135.000 0.096
5140.000 0.097
5145.000 0.095
5150.000 0.093
5155.000 0.093
5160.000 0.093
5165.000 0.091
5170.000 0.091
5175.000 0.091
5180.000 0.090
5185.000 0.089
5190.000 0.089
5195.000 0.088
5200.000 0.088
5205.000 0.087
5210.000 0.086
5215.000 0.087
5220.000 0.085
5225.000 0.086
5230.000 0.086
5235.000 0.084
5240.000 0.084
5245.000 0.085
5250.000 0.085
5255.000 0.083
5260.000 0.083
5265.000 0.083
5270.000 0.083
5275.000 0.083
5280.000 0.084
5285.000 0.083
5290.000 0.084
5295.000 0.085
5300.000 0.083
5305.000 0.083
5310.000 0.083
5315.000 0.084
5320.000 0.084
5325.000 0.084
5330.000 0.085
5335.000 0.085
5340.000 0.085
5345.000 0.086
5350.000 0.088
5355.000 0.086
5360.000 0.088
5365.000 0.088
5370.000 0.088
5375.000 0.089
5380.000 0.090
5385.000 0.091
5390.000 0.092
5395.000 0.092
5400.000 0.094
5405.000 0.094
5410.000 0.096
5415.000 0.096
5420.000 0.096
5425.000 0.097
5430.000 0.100
5435.000 0.100
5440.000 0.100
5445.000 0.102
5450.000 0.103
5455.000 0.105
5460.000 0.105
5465.000 0.106
5470.000 0.109
5475.000 0.109
5480.000 0.110
5485.000 0.112
5490.000 0.113
5495.000 0.114
5500.000 0.117
5505.000 0.118
5510.000 0.120
5515.000 0.120
5520.000 0.124
5525.000 0.126
5530.000 0.128
5535.000 0.128
5540.000 0.127
5545.000 0.128
5550.000 0.128
5555.000 0.127
5560.000 0.129
5565.000 0.129
5570.000 0.129
5575.000 0.132
5580.000 0.133
5585.000 0.132
5590.000 0.135
5595.000 0.135
5600.000 0.135
5605.000 0.135
5610.000 0.136
5615.000 0.138
5620.000 0.139
5625.000 0.139
5630.000 0.140
5635.000 0.141
5640.000 0.142
5645.000 0.143
5650.000 0.144
5655.000 0.145
5660.000 0.146
5665.000 0.146
5670.000 0.147
5675.000 0.148
5680.000 0.146
5685.000 0.150
5690.000 0.151
5695.000 0.153
5700.000 0.155
5705.000 0.155
5710.000 0.155
5715.000 0.158
5720.000 0.159
5725.000 0.158
5730.000 0.159
5735.000 0.160
5740.000 0.161
5745.000 0.164
5750.000 0.165
5755.000 0.166
5760.000 0.168
5765.000 0.170
5770.000 0.170
5775.000 0.171
5780.000 0.171
5785.000 0.174
5790.000 0.175
5795.000 0.176
5800.000 0.178
5805.000 0.179
5810.000 0.181
5815.000 0.183
5820.000 0.186
5825.000 0.188
5830.000 0.189
5835.000 0.189
5840.000 0.190
5845.000 0.194
5850.000 0.196
5855.000 0.197
5860.000 0.200
5865.000 0.203
5870.000 0.207
5875.000 0.211
5880.000 0.212
5885.000 0.213
5890.000 0.218
5895.000 0.220
5900.000 0.223
5905.000 0.224
5910.000 0.227
5915.000 0.230
5920.000 0.233
5925.000 0.238
5930.000 0.239
5935.000 0.243
5940.000 0.250
5945.000 0.254
5950.000 0.256
5955.000 0.263
5960.000 0.262
5965.000 0.265
5970.000 0.276
5975.000 0.275
5980.000 0.281
5985.000 0.292
5990.000 0.293
5995.000 0.298
6000.000 0.308
6005.000 0.312
6010.000 0.320
6015.000 0.335
6020.000 0.335
6025.000 0.345
6030.000 0.351
6035.000 0.358
6040.000 0.364
6045.000 0.378
6050.000 0.390
6055.000 0.401
6060.000 0.413
6065.000 0.425
6070.000 0.439
6075.000 0.455
6080.000 0.462
6085.000 0.482
6090.000 0.501
6095.000 0.522
6100.000 0.550
6105.000 0.574
6110.000 0.605
6115.000 0.642
6120.000 0.680
6125.000 0.728
6130.000 0.785
6135.000 0.860
6140.000 0.957
6145.000 1.014
6150.000 1.160
6155.000 1.374
6160.000 1.691
6165.000 2.188
6170.000 2.969
6175.000 4.095
6180.000 5.416
6185.000 6.257
6190.000 5.611
6195.000 4.062
6200.000 2.763
6205.000 2.333
6210.000 1.687
6215.000 1.288
6220.000 1.060
6225.000 0.935
6230.000 0.868
6235.000 0.837
6240.000 0.819
6245.000 0.797
6250.000 0.766
6255.000 0.738
6260.000 0.699
6265.000 0.664
6270.000 0.644
6275.000 0.609
6280.000 0.577
6285.000 0.544
6290.000 0.518
6295.000 0.482
6300.000 0.450
6305.000 0.426
6310.000 0.398
6315.000 0.370
6320.000 0.347
6325.000 0.337
6330.000 0.316
6335.000 0.302
6340.000 0.288
6345.000 0.274
6350.000 0.264
6355.000 0.253
6360.000 0.245
6365.000 0.236
6370.000 0.228
6375.000 0.221
6380.000 0.216
6385.000 0.212
6390.000 0.205
6395.000 0.202
6400.000 0.197
6405.000 0.193
6410.000 0.190
6415.000 0.183
6420.000 0.181
6425.000 0.176
6430.000 0.174
6435.000 0.172
6440.000 0.168
6445.000 0.166
6450.000 0.165
6455.000 0.164
6460.000 0.161
6465.000 0.160
6470.000 0.157
6475.000 0.156
6480.000 0.155
6485.000 0.155
6490.000 0.154
6495.000 0.154
6500.000 0.154
6505.000 0.159
6510.000 0.165
6515.000 0.222
6520.000 0.693
6525.000 2.539
6530.000 3.680
6535.000 1.317
6540.000 0.326
6545.000 0.202
6550.000 0.120
6555.000 0.134
6560.000 0.136
6565.000 0.129
6570.000 0.125
6575.000 0.121
6580.000 0.116
6585.000 0.114
6590.000 0.111
6595.000 0.110
6600.000 0.109
6605.000 0.107
6610.000 0.106
6615.000 0.105
6620.000 0.105
6625.000 0.104
6630.000 0.104
6635.000 0.104
6640.000 0.102
6645.000 0.102
6650.000 0.102
6655.000 0.101
6660.000 0.101
6665.000 0.101
6670.000 0.100
6675.000 0.100
6680.000 0.100
6685.000 0.100
6690.000 0.100
6695.000 0.100
6700.000 0.100
6705.000 0.099
6710.000 0.099
6715.000 0.099
6720.000 0.098
6725.000 0.099
6730.000 0.099
6735.000 0.098
6740.000 0.099
6745.000 0.099
6750.000 0.098
6755.000 0.098
6760.000 0.097
6765.000 0.097
6770.000 0.097
6775.000 0.097
6780.000 0.097
6785.000 0.097
6790.000 0.097
6795.000 0.097
6800.000 0.097
6805.000 0.096
6810.000 0.096
6815.000 0.097
6820.000 0.096
6825.000 0.096
6830.000 0.095
6835.000 0.095
6840.000 0.096
6845.000 0.096
6850.000 0.096
6855.000 0.095
6860.000 0.095
6865.000 0.095
6870.000 0.096
6875.000 0.095
6880.000 0.095
6885.000 0.095
6890.000 0.095
6895.000 0.095
6900.000 0.096
6905.000 0.096
6910.000 0.096
6915.000 0.095
6920.000 0.094
6925.000 0.095
6930.000 0.094
6935.000 0.094
6940.000 0.094
6945.000 0.094
6950.000 0.094
6955.000 0.096
6960.000 0.095
6965.000 0.094
6970.000 0.095
6975.000 0.096
6980.000 0.096
6985.000 0.094
6990.000 0.093
6995.000 0.093
7000.000 0.097
7005.000 0.094
7010.000 0.093
7015.000 0.095
7020.000 0.093
7025.000 0.095
7030.000 0.094
7035.000 0.097
7040.000 0.097
7045.000 0.096
7050.000 0.095
7055.000 0.096
7060.000 0.095
7065.000 0.094
7070.000 0.096
7075.000 0.096
7080.000 0.096
7085.000 0.096
7090.000 0.097
7095.000 0.096
7100.000 0.097
7105.000 0.096
7110.000 0.096
7115.000 0.097
7120.000 0.096
7125.000 0.098
7130.000 0.097
7135.000 0.097
7140.000 0.098
7145.000 0.097
7150.000 0.097
7155.000 0.099
7160.000 0.099
7165.000 0.098
7170.000 0.099
7175.000 0.099
7180.000 0.100
7185.000 0.099
7190.000 0.100
7195.000 0.101
7200.000 0.102
7205.000 0.102
7210.000 0.104
7215.000 0.103
7220.000 0.104
7225.000 0.106
7230.000 0.106
7235.000 0.108
7240.000 0.109
7245.000 0.108
7250.000 0.111
7255.000 0.113
7260.000 0.115
7265.000 0.116
7270.000 0.119
7275.000 0.123
7280.000 0.126
7285.000 0.130
7290.000 0.134
7295.000 0.137
7300.000 0.144
7305.000 0.151
7310.000 0.160
7315.000 0.169
7320.000 0.180
7325.000 0.189
7330.000 0.205
7335.000 0.222
7340.000 0.242
7345.000 0.272
7350.000 0.311
7355.000 0.368
7360.000 0.388
7365.000 0.517
7370.000 0.693
7375.000 0.953
7380.000 1.320
7385.000 1.761
7390.000 2.178
7395.000 2.141
7400.000 1.581
7405.000 0.992
7410.000 0.540
7415.000 0.360
7420.000 0.385
7425.000 0.454
7430.000 0.364
7435.000 0.265
7440.000 0.226
7445.000 0.210
7450.000 0.200
7455.000 0.192
7460.000 0.183
7465.000 0.176
7470.000 0.172
7475.000 0.164
7480.000 0.159
7485.000 0.156
7490.000 0.151
7495.000 0.146
7500.000 0.143
7505.000 0.138
7510.000 0.135
7515.000 0.133
7520.000 0.130
7525.000 0.127
7530.000 0.126
7535.000 0.123
7540.000 0.122
7545.000 0.120
7550.000 0.119
7555.000 0.118
7560.000 0.114
7565.000 0.116
7570.000 0.114
7575.000 0.116
7580.000 0.116
7585.000 0.114
7590.000 0.111
7595.000 0.109
7600.000 0.109
7605.000 0.107
7610.000 0.105
7615.000 0.105
7620.000 0.104
7625.000 0.103
7630.000 0.102
7635.000 0.102
7640.000 0.102
7645.000 0.100
7650.000 0.100
7655.000 0.099
7660.000 0.099
7665.000 0.099
7670.000 0.098
7675.000 0.098
7680.000 0.097
7685.000 0.095
7690.000 0.096
7695.000 0.095
7700.000 0.095
7705.000 0.095
7710.000 0.094
7715.000 0.093
7720.000 0.092
7725.000 0.091
7730.000 0.091
7735.000 0.090
7740.000 0.091
7745.000 0.090
7750.000 0.088
7755.000 0.089
7760.000 0.090
7765.000 0.088
7770.000 0.089
7775.000 0.087
7780.000 0.087
7785.000 0.087
7790.000 0.088
7795.000 0.087
7800.000 0.086
7805.000 0.085
7810.000 0.083
7815.000 0.083
7820.000 0.083
7825.000 0.082
7830.000 0.082
7835.000 0.083
7840.000 0.081
7845.000 0.081
7850.000 0.082
7855.000 0.081
7860.000 0.079
7865.000 0.080
7870.000 0.080
7875.000 0.080
7880.000 0.080
7885.000 0.081
7890.000 0.081
7895.000 0.082
7900.000 0.085
7905.000 0.086
7910.000 0.086
7915.000 0.089
7920.000 0.093
7925.000 0.098
7930.000 0.105
7935.000 0.114
7940.000 0.122
7945.000 0.134
7950.000 0.152
7955.000 0.176
7960.000 0.214
7965.000 0.269
7970.000 0.319
7975.000 0.447
7980.000 0.676
7985.000 1.073
7990.000 1.754
7995.000 2.786
8000.000 3.305
8005.000 2.488
8010.000 2.443
8015.000 1.133
8020.000 0.750
8025.000 0.671
8030.000 0.508
8035.000 0.405
8040.000 0.337
8045.000 0.290
8050.000 0.254
8055.000 0.232
8060.000 0.213
8065.000 0.198
8070.000 0.185
8075.000 0.174
8080.000 0.167
8085.000 0.160
8090.000 0.160
8095.000 0.151
8100.000 0.145
8105.000 0.141
8110.000 0.137
8115.000 0.134
8120.000 0.133
8125.000 0.128
8130.000 0.126
8135.000 0.123
8140.000 0.120
8145.000 0.119
8150.000 0.118
8155.000 0.117
8160.000 0.114
8165.000 0.112
8170.000 0.111
8175.000 0.109
8180.000 0.108
8185.000 0.107
8190.000 0.105
8195.000 0.103
8200.000 0.102
8205.000 0.100
8210.000 0.098
8215.000 0.099
8220.000 0.099
8225.000 0.096
8230.000 0.097
8235.000 0.092
8240.000 0.092
8245.000 0.091
8250.000 0.090
8255.000 0.090
8260.000 0.088
8265.000 0.087
8270.000 0.087
8275.000 0.086
8280.000 0.084
8285.000 0.083
8290.000 0.083
8295.000 0.081
8300.000 0.079
8305.000 0.079
8310.000 0.078
8315.000 0.076
8320.000 0.075
8325.000 0.075
8330.000 0.072
8335.000 0.072
8340.000 0.071
8345.000 0.070
8350.000 0.068
8355.000 0.068
8360.000 0.067
8365.000 0.066
8370.000 0.065
8375.000 0.064
8380.000 0.063
8385.000 0.062
8390.000 0.061
8395.000 0.060
8400.000 0.059
8405.000 0.059
8410.000 0.059
8415.000 0.057
8420.000 0.057
8425.000 0.056
8430.000 0.056
8435.000 0.056
8440.000 0.058
8445.000 0.062
8450.000 0.070
8455.000 0.078
8460.000 0.111
8465.000 0.210
8470.000 0.614
8475.000 1.544
8480.000 2.819
8485.000 2.345
8490.000 1.158
8495.000 0.908
8500.000 0.722
8505.000 0.703
8510.000 0.693
8515.000 0.709
8520.000 0.756
8525.000 0.831
8530.000 0.926
8535.000 1.056
8540.000 1.220
8545.000 1.452
8550.000 1.773
8555.000 2.222
8560.000 2.808
8565.000 3.491
8570.000 4.174
8575.000 4.430
8580.000 4.594
8585.000 4.136
8590.000 3.348
8595.000 2.613
8600.000 1.982
8605.000 1.432
8610.000 0.954
8615.000 0.614
8620.000 0.546
8625.000 0.648
8630.000 0.697
8635.000 0.673
8640.000 0.610
8645.000 0.559
8650.000 0.526
8655.000 0.503
8660.000 0.481
8665.000 0.465
8670.000 0.448
8675.000 0.434
8680.000 0.419
8685.000 0.409
8690.000 0.398
8695.000 0.386
8700.000 0.384
8705.000 0.376
8710.000 0.368
8715.000 0.358
8720.000 0.353
8725.000 0.345
8730.000 0.339
8735.000 0.333
8740.000 0.324
8745.000 0.319
8750.000 0.312
8755.000 0.311
8760.000 0.304
8765.000 0.301
8770.000 0.298
8775.000 0.294
8780.000 0.290
8785.000 0.287
8790.000 0.283
8795.000 0.280
8800.000 0.276
8805.000 0.275
8810.000 0.270
8815.000 0.272
8820.000 0.273
8825.000 0.276
8830.000 0.271
8835.000 0.270
8840.000 0.272
8845.000 0.262
8850.000 0.259
8855.000 0.255
8860.000 0.254
8865.000 0.253
8870.000 0.250
8875.000 0.250
8880.000 0.248
8885.000 0.247
8890.000 0.246
8895.000 0.244
8900.000 0.244
8905.000 0.241
8910.000 0.240
8915.000 0.239
8920.000 0.238
8925.000 0.238
8930.000 0.236
8935.000 0.237
8940.000 0.235
8945.000 0.235
8950.000 0.234
8955.000 0.235
8960.000 0.232
8965.000 0.231
8970.000 0.232
8975.000 0.232
8980.000 0.233
8985.000 0.227
8990.000 0.230
8995.000 0.228
9000.000 0.229
9005.000 0.226
9010.000 0.226
9015.000 0.224
9020.000 0.230
9025.000 0.231
9030.000 0.229
9035.000 0.227
9040.000 0.224
9045.000 0.225
9050.000 0.227
9055.000 0.227
9060.000 0.224
9065.000 0.238
9070.000 0.239
9075.000 0.235
9080.000 0.235
9085.000 0.232
9090.000 0.230
9095.000 0.228
9100.000 0.226
9105.000 0.227
9110.000 0.227
9115.000 0.225
9120.000 0.227
9125.000 0.226
9130.000 0.227
9135.000 0.227
9140.000 0.226
9145.000 0.225
9150.000 0.227
9155.000 0.228
9160.000 0.229
9165.000 0.227
9170.000 0.228
9175.000 0.228
9180.000 0.228
9185.000 0.229
9190.000 0.227
9195.000 0.230
9200.000 0.229
9205.000 0.229
9210.000 0.229
9215.000 0.230
9220.000 0.229
9225.000 0.230
9230.000 0.231
9235.000 0.232
9240.000 0.232
9245.000 0.231
9250.000 0.233
9255.000 0.232
9260.000 0.232
9265.000 0.234
9270.000 0.232
9275.000 0.234
9280.000 0.235
9285.000 0.236
9290.000 0.236
9295.000 0.236
9300.000 0.237
9305.000 0.238
9310.000 0.241
9315.000 0.241
9320.000 0.243
9325.000 0.245
9330.000 0.247
9335.000 0.249
9340.000 0.253
9345.000 0.257
9350.000 0.260
9355.000 0.265
9360.000 0.273
9365.000 0.275
9370.000 0.284
9375.000 0.295
9380.000 0.308
9385.000 0.327
9390.000 0.357
9395.000 0.413
9400.000 0.520
9405.000 0.695
9410.000 0.697
9415.000 0.390
9420.000 0.426
9425.000 0.386
9430.000 0.302
9435.000 0.147
9440.000 0.154
9445.000 0.171
9450.000 0.173
9455.000 0.178
9460.000 0.184
9465.000 0.188
9470.000 0.192
9475.000 0.195
9480.000 0.199
9485.000 0.200
9490.000 0.199
9495.000 0.202
9500.000 0.206
9505.000 0.207
9510.000 0.210
9515.000 0.214
9520.000 0.214
9525.000 0.215
9530.000 0.219
9535.000 0.218
9540.000 0.220
9545.000 0.221
9550.000 0.224
9555.000 0.226
9560.000 0.227
9565.000 0.229
9570.000 0.232
9575.000 0.235
9580.000 0.237
9585.000 0.239
9590.000 0.244
9595.000 0.249
9600.000 0.252
9605.000 0.255
9610.000 0.255
9615.000 0.258
9620.000 0.262
9625.000 0.267
9630.000 0.273
9635.000 0.278
9640.000 0.282
9645.000 0.287
9650.000 0.293
9655.000 0.298
9660.000 0.308
9665.000 0.316
9670.000 0.325
9675.000 0.331
9680.000 0.345
9685.000 0.360
9690.000 0.375
9695.000 0.397
9700.000 0.420
9705.000 0.449
9710.000 0.484
9715.000 0.530
9720.000 0.593
9725.000 0.676
9730.000 0.776
9735.000 0.826
9740.000 0.907
9745.000 0.891
9750.000 0.770
9755.000 0.609
9760.000 0.457
9765.000 0.348
9770.000 0.268
9775.000 0.207
9780.000 0.159
9785.000 0.126
9790.000 0.116
9795.000 0.105
9800.000 0.096
9805.000 0.074
9810.000 0.050
9815.000 0.059
9820.000 0.071
9825.000 0.078
9830.000 0.082
9835.000 0.087
9840.000 0.088
9845.000 0.091
9850.000 0.094
9855.000 0.095
9860.000 0.098
9865.000 0.101
9870.000 0.102
9875.000 0.103
9880.000 0.106
9885.000 0.109
9890.000 0.110
9895.000 0.112
9900.000 0.113
9905.000 0.116
9910.000 0.117
9915.000 0.119
9920.000 0.118
9925.000 0.119
9930.000 0.122
9935.000 0.122
9940.000 0.125
9945.000 0.126
9950.000 0.127
9955.000 0.126
9960.000 0.129
9965.000 0.127
9970.000 0.131
9975.000 0.132
9980.000 0.133
9985.000 0.136
9990.000 0.134
9995.000 0.135
10000.000 0.140
10005.000 0.137
10010.000 0.137
10015.000 0.142
10020.000 0.139
10025.000 0.142
10030.000 0.141
10035.000 0.143
10040.000 0.146
10045.000 0.146
10050.000 0.146
10055.000 0.147
10060.000 0.147
10065.000 0.155
10070.000 0.155
10075.000 0.160
10080.000 0.171
10085.000 0.188
10090.000 0.224
10095.000 0.257
10100.000 0.310
10105.000 0.493
10110.000 0.795
10115.000 0.375
10120.000 0.301
10125.000 0.228
10130.000 0.203
10135.000 0.186
10140.000 0.174
10145.000 0.168
10150.000 0.166
10155.000 0.165
10160.000 0.163
10165.000 0.164
10170.000 0.164
10175.000 0.162
10180.000 0.163
10185.000 0.164
10190.000 0.164
10195.000 0.166
10200.000 0.165
10205.000 0.164
10210.000 0.165
10215.000 0.164
10220.000 0.165
10225.000 0.164
10230.000 0.164
10235.000 0.166
10240.000 0.165
10245.000 0.166
10250.000 0.168
10255.000 0.167
10260.000 0.167
10265.000 0.168
10270.000 0.169
10275.000 0.169
10280.000 0.170
10285.000 0.170
10290.000 0.169
10295.000 0.170
10300.000 0.171
10305.000 0.171
10310.000 0.173
10315.000 0.172
10320.000 0.172
10325.000 0.175
10330.000 0.174
10335.000 0.174
10340.000 0.172
10345.000 0.174
10350.000 0.175
10355.000 0.176
10360.000 0.175
10365.000 0.179
10370.000 0.177
10375.000 0.180
10380.000 0.181
10385.000 0.179
10390.000 0.178
10395.000 0.182
10400.000 0.182
10405.000 0.182
10410.000 0.184
10415.000 0.186
10420.000 0.185
10425.000 0.186
10430.000 0.186
10435.000 0.187
10440.000 0.187
10445.000 0.189
10450.000 0.192
10455.000 0.192
10460.000 0.192
10465.000 0.194
10470.000 0.195
10475.000 0.195
10480.000 0.195
10485.000 0.197
10490.000 0.200
10495.000 0.201
10500.000 0.200
10505.000 0.202
10510.000 0.205
10515.000 0.206
10520.000 0.208
10525.000 0.208
10530.000 0.209
10535.000 0.209
10540.000 0.211
10545.000 0.214
10550.000 0.216
10555.000 0.217
10560.000 0.218
10565.000 0.220
10570.000 0.222
10575.000 0.226
10580.000 0.228
10585.000 0.230
10590.000 0.231
10595.000 0.233
10600.000 0.237
10605.000 0.238
10610.000 0.243
10615.000 0.245
10620.000 0.251
10625.000 0.254
10630.000 0.256
10635.000 0.261
10640.000 0.266
10645.000 0.267
10650.000 0.270
10655.000 0.274
10660.000 0.283
10665.000 0.287
10670.000 0.293
10675.000 0.302
10680.000 0.311
10685.000 0.321
10690.000 0.331
10695.000 0.342
10700.000 0.354
10705.000 0.369
10710.000 0.376
10715.000 0.393
10720.000 0.417
10725.000 0.440
10730.000 0.476
10735.000 0.519
10740.000 0.580
10745.000 0.667
10750.000 0.798
10755.000 1.009
10760.000 1.305
10765.000 1.469
10770.000 1.646
10775.000 1.353
10780.000 0.778
10785.000 0.400
10790.000 0.246
10795.000 0.250
10800.000 0.164
10805.000 0.147
10810.000 0.061
10815.000 0.035
10820.000 0.042
10825.000 0.051
10830.000 0.071
10835.000 0.090
10840.000 0.112
10845.000 0.141
10850.000 0.178
10855.000 0.225
10860.000 0.288
10865.000 0.368
10870.000 0.457
10875.000 0.561
10880.000 0.664
10885.000 0.780
10890.000 0.838
10895.000 0.961
10900.000 1.080
10905.000 1.161
10910.000 1.167
10915.000 1.071
10920.000 0.897
10925.000 0.710
10930.000 0.537
10935.000 0.406
10940.000 0.307
10945.000 0.236
10950.000 0.210
10955.000 0.168
10960.000 0.139
10965.000 0.122
10970.000 0.119
10975.000 0.135
10980.000 0.177
10985.000 0.216
10990.000 0.203
10995.000 0.167
11000.000 0.136
11005.000 0.122
11010.000 0.098
11015.000 0.081
11020.000 0.069
11025.000 0.056
11030.000 0.046
11035.000 0.037
11040.000 0.032
11045.000 0.025
11050.000 0.022
11055.000 0.019
11060.000 0.015
11065.000 0.011
11070.000 0.010
11075.000 0.008
11080.000 0.008
11085.000 0.008
11090.000 0.009
11095.000 0.011
11100.000 0.013
11105.000 0.015
11110.000 0.017
11115.000 0.017
11120.000 0.019
11125.000 0.020
11130.000 0.021
11135.000 0.023
11140.000 0.025
11145.000 0.026
11150.000 0.028
11155.000 0.028
11160.000 0.029
11165.000 0.031
11170.000 0.031
11175.000 0.033
11180.000 0.033
11185.000 0.036
11190.000 0.036
11195.000 0.036
11200.000 0.037
11205.000 0.038
11210.000 0.039
11215.000 0.040
11220.000 0.040
11225.000 0.041
11230.000 0.041
11235.000 0.043
11240.000 0.042
11245.000 0.044
11250.000 0.044
11255.000 0.044
11260.000 0.045
11265.000 0.046
11270.000 0.046
11275.000 0.047
11280.000 0.047
11285.000 0.047
11290.000 0.049
11295.000 0.049
11300.000 0.048
11305.000 0.048
11310.000 0.049
11315.000 0.048
11320.000 0.049
11325.000 0.049
11330.000 0.050
11335.000 0.050
11340.000 0.050
11345.000 0.049
11350.000 0.050
11355.000 0.051
11360.000 0.051
11365.000 0.049
11370.000 0.050
11375.000 0.049
11380.000 0.051
11385.000 0.049
11390.000 0.048
11395.000 0.048
11400.000 0.049
11405.000 0.049
11410.000 0.050
11415.000 0.048
11420.000 0.048
11425.000 0.048
11430.000 0.048
11435.000 0.048
11440.000 0.046
11445.000 0.046
11450.000 0.046
11455.000 0.045
11460.000 0.045
11465.000 0.045
11470.000 0.044
11475.000 0.044
11480.000 0.045
11485.000 0.042
11490.000 0.041
11495.000 0.040
11500.000 0.038
11505.000 0.039
11510.000 0.036
11515.000 0.036
11520.000 0.033
11525.000 0.033
11530.000 0.031
11535.000 0.029
11540.000 0.029
11545.000 0.026
11550.000 0.023
11555.000 0.024
11560.000 0.022
11565.000 0.020
11570.000 0.019
11575.000 0.019
11580.000 0.019
11585.000 0.024
11590.000 0.031
11595.000 0.042
11600.000 0.060
11605.000 0.092
11610.000 0.153
11615.000 0.246
11620.000 0.306
11625.000 0.478
11630.000 0.761
11635.000 1.055
11640.000 0.951
11645.000 0.621
11650.000 0.853
11655.000 0.573
11660.000 0.439
11665.000 0.355
11670.000 0.293
11675.000 0.247
11680.000 0.229
11685.000 0.199
11690.000 0.176
11695.000 0.159
11700.000 0.146
11705.000 0.136
11710.000 0.129
11715.000 0.124
11720.000 0.122
11725.000 0.117
11730.000 0.114
11735.000 0.112
11740.000 0.112
11745.000 0.109
11750.000 0.106
11755.000 0.106
11760.000 0.102
11765.000 0.099
11770.000 0.098
11775.000 0.097
11780.000 0.095
11785.000 0.092
11790.000 0.092
11795.000 0.090
11800.000 0.088
11805.000 0.087
11810.000 0.087
11815.000 0.087
11820.000 0.085
11825.000 0.084
11830.000 0.084
11835.000 0.083
11840.000 0.081
11845.000 0.080
11850.000 0.080
11855.000 0.078
11860.000 0.078
11865.000 0.077
11870.000 0.075
11875.000 0.075
11880.000 0.074
11885.000 0.074
11890.000 0.074
11895.000 0.074
11900.000 0.075
11905.000 0.075
11910.000 0.075
11915.000 0.075
11920.000 0.076
11925.000 0.078
11930.000 0.081
11935.000 0.086
11940.000 0.094
11945.000 0.110
11950.000 0.140
11955.000 0.232
11960.000 0.398
11965.000 0.494
11970.000 0.299
11975.000 0.260
11980.000 0.248
11985.000 0.240
11990.000 0.241
11995.000 0.256
12000.000 0.287
