105.000 0.007
110.000 0.216
115.000 0.681
120.000 0.820
125.000 0.937
130.000 0.983
135.000 1.029
140.000 1.048
145.000 1.068
150.000 1.086
155.000 1.085
160.000 1.059
165.000 1.038
170.000 1.000
175.000 1.100
180.000 0.996
185.000 1.031
190.000 1.096
195.000 0.995
200.000 1.037
205.000 1.054
210.000 1.074
215.000 1.094
220.000 1.091
225.000 1.093
230.000 1.110
235.000 1.116
240.000 1.116
245.000 1.113
250.000 1.136
255.000 1.153
260.000 1.157
265.000 1.170
270.000 1.183
275.000 1.214
280.000 1.231
285.000 1.250
290.000 1.250
295.000 1.276
300.000 1.298
305.000 1.331
310.000 1.351
315.000 1.381
320.000 1.415
325.000 1.481
330.000 1.516
335.000 1.539
340.000 1.589
345.000 1.643
350.000 1.720
355.000 1.794
360.000 1.890
365.000 1.989
370.000 2.095
375.000 2.197
380.000 2.323
385.000 2.455
390.000 2.607
395.000 2.719
400.000 2.798
405.000 2.901
410.000 2.959
415.000 2.975
420.000 2.922
425.000 2.800
430.000 2.573
435.000 2.286
440.000 1.991
445.000 1.732
450.000 1.483
455.000 1.278
460.000 1.197
465.000 1.050
470.000 0.950
475.000 0.873
480.000 0.813
485.000 0.757
490.000 0.715
495.000 0.663
500.000 0.637
505.000 0.588
510.000 0.564
515.000 0.547
520.000 0.519
525.000 0.498
530.000 0.468
535.000 0.446
540.000 0.425
545.000 0.404
550.000 0.393
555.000 0.370
560.000 0.350
565.000 0.330
570.000 0.312
575.000 0.297
580.000 0.293
585.000 0.277
590.000 0.267
595.000 0.254
600.000 0.244
605.000 0.235
610.000 0.230
615.000 0.225
620.000 0.214
625.000 0.210
630.000 0.207
635.000 0.198
640.000 0.193
645.000 0.189
650.000 0.184
655.000 0.180
660.000 0.177
665.000 0.173
670.000 0.169
675.000 0.166
680.000 0.162
685.000 0.156
690.000 0.154
695.000 0.156
700.000 0.152
705.000 0.150
710.000 0.149
715.000 0.144
720.000 0.141
725.000 0.141
730.000 0.139
735.000 0.141
740.000 0.135
745.000 0.134
750.000 0.133
755.000 0.131
760.000 0.131
765.000 0.132
770.000 0.128
775.000 0.123
780.000 0.124
785.000 0.123
790.000 0.121
795.000 0.122
800.000 0.123
805.000 0.123
810.000 0.122
815.000 0.120
820.000 0.121
825.000 0.123
830.000 0.120
835.000 0.117
840.000 0.119
845.000 0.116
850.000 0.114
855.000 0.116
860.000 0.114
865.000 0.116
870.000 0.113
875.000 0.113
880.000 0.112
885.000 0.113
890.000 0.111
895.000 0.109
900.000 0.110
905.000 0.109
910.000 0.109
915.000 0.106
920.000 0.113
925.000 0.110
930.000 0.109
935.000 0.109
940.000 0.108
945.000 0.109
950.000 0.107
955.000 0.111
960.000 0.111
965.000 0.108
970.000 0.108
975.000 0.110
980.000 0.112
985.000 0.107
990.000 0.106
995.000 0.106
1000.000 0.109
1005.000 0.105
1010.000 0.103
1015.000 0.104
1020.000 0.110
1025.000 0.117
1030.000 0.108
1035.000 0.109
1040.000 0.105
1045.000 0.108
1050.000 0.109
1055.000 0.107
1060.000 0.107
1065.000 0.105
1070.000 0.106
1075.000 0.106
1080.000 0.106
1085.000 0.105
1090.000 0.106
1095.000 0.108
1100.000 0.106
1105.000 0.106
1110.000 0.107
1115.000 0.105
1120.000 0.107
1125.000 0.105
1130.000 0.109
1135.000 0.106
1140.000 0.106
1145.000 0.105
1150.000 0.105
1155.000 0.105
1160.000 0.106
1165.000 0.106
1170.000 0.109
1175.000 0.108
1180.000 0.108
1185.000 0.105
1190.000 0.107
1195.000 0.108
1200.000 0.108
1205.000 0.109
1210.000 0.108
1215.000 0.106
1220.000 0.109
1225.000 0.106
1230.000 0.109
1235.000 0.108
1240.000 0.110
1245.000 0.110
1250.000 0.110
1255.000 0.110
1260.000 0.109
1265.000 0.110
1270.000 0.110
1275.000 0.110
1280.000 0.110
1285.000 0.110
1290.000 0.109
1295.000 0.111
1300.000 0.113
1305.000 0.112
1310.000 0.109
1315.000 0.111
1320.000 0.112
1325.000 0.112
1330.000 0.113
1335.000 0.112
1340.000 0.112
1345.000 0.113
1350.000 0.114
1355.000 0.115
1360.000 0.113
1365.000 0.112
1370.000 0.114
1375.000 0.114
1380.000 0.114
1385.000 0.115
1390.000 0.116
1395.000 0.115
1400.000 0.114
1405.000 0.116
1410.000 0.116
1415.000 0.117
1420.000 0.118
1425.000 0.116
1430.000 0.117
1435.000 0.116
1440.000 0.116
1445.000 0.116
1450.000 0.119
1455.000 0.117
1460.000 0.116
1465.000 0.117
1470.000 0.116
1475.000 0.115
1480.000 0.114
1485.000 0.111
1490.000 0.111
1495.000 0.112
1500.000 0.111
1505.000 0.113
1510.000 0.115
1515.000 0.115
1520.000 0.117
1525.000 0.123
1530.000 0.120
1535.000 0.121
1540.000 0.123
1545.000 0.125
1550.000 0.127
1555.000 0.126
1560.000 0.126
1565.000 0.130
1570.000 0.130
1575.000 0.133
1580.000 0.135
1585.000 0.138
1590.000 0.136
1595.000 0.137
1600.000 0.139
1605.000 0.143
1610.000 0.141
1615.000 0.141
1620.000 0.146
1625.000 0.148
1630.000 0.147
1635.000 0.152
1640.000 0.151
1645.000 0.154
1650.000 0.157
1655.000 0.158
1660.000 0.162
1665.000 0.164
1670.000 0.166
1675.000 0.166
1680.000 0.170
1685.000 0.176
1690.000 0.176
1695.000 0.179
1700.000 0.181
1705.000 0.184
1710.000 0.186
1715.000 0.190
1720.000 0.192
1725.000 0.198
1730.000 0.196
1735.000 0.202
1740.000 0.205
1745.000 0.208
1750.000 0.214
1755.000 0.217
1760.000 0.221
1765.000 0.224
1770.000 0.227
1775.000 0.230
1780.000 0.233
1785.000 0.237
1790.000 0.240
1795.000 0.243
1800.000 0.247
1805.000 0.248
1810.000 0.252
1815.000 0.254
1820.000 0.255
1825.000 0.258
1830.000 0.262
1835.000 0.264
1840.000 0.266
1845.000 0.267
1850.000 0.268
1855.000 0.267
1860.000 0.267
1865.000 0.268
1870.000 0.268
1875.000 0.267
1880.000 0.269
1885.000 0.267
1890.000 0.263
1895.000 0.262
1900.000 0.261
1905.000 0.258
1910.000 0.258
1915.000 0.254
1920.000 0.253
1925.000 0.252
1930.000 0.250
1935.000 0.247
1940.000 0.242
1945.000 0.239
1950.000 0.237
1955.000 0.237
1960.000 0.235
1965.000 0.236
1970.000 0.225
1975.000 0.228
1980.000 0.223
1985.000 0.220
1990.000 0.218
1995.000 0.216
2000.000 0.211
2005.000 0.215
2010.000 0.214
2015.000 0.205
2020.000 0.213
2025.000 0.210
2030.000 0.209
2035.000 0.200
2040.000 0.199
2045.000 0.197
2050.000 0.199
2055.000 0.197
2060.000 0.197
2065.000 0.196
2070.000 0.193
2075.000 0.191
2080.000 0.191
2085.000 0.189
2090.000 0.187
2095.000 0.187
2100.000 0.187
2105.000 0.184
2110.000 0.182
2115.000 0.183
2120.000 0.180
2125.000 0.179
2130.000 0.178
2135.000 0.178
2140.000 0.179
2145.000 0.177
2150.000 0.178
2155.000 0.175
2160.000 0.173
2165.000 0.175
2170.000 0.177
2175.000 0.175
2180.000 0.173
2185.000 0.175
2190.000 0.172
2195.000 0.173
2200.000 0.173
2205.000 0.172
2210.000 0.171
2215.000 0.172
2220.000 0.173
2225.000 0.172
2230.000 0.171
2235.000 0.172
2240.000 0.171
2245.000 0.168
2250.000 0.165
2255.000 0.155
2260.000 0.142
2265.000 0.121
2270.000 0.092
2275.000 0.166
2280.000 0.437
2285.000 1.789
2290.000 4.997
2295.000 10.214
2300.000 9.912
2305.000 1.801
2310.000 0.919
2315.000 0.429
2320.000 0.238
2325.000 0.136
2330.000 0.084
2335.000 0.057
2340.000 0.043
2345.000 0.040
2350.000 0.040
2355.000 0.042
2360.000 0.044
2365.000 0.047
2370.000 0.050
2375.000 0.051
2380.000 0.053
2385.000 0.056
2390.000 0.057
2395.000 0.058
2400.000 0.059
2405.000 0.060
2410.000 0.061
2415.000 0.062
2420.000 0.063
2425.000 0.065
2430.000 0.066
2435.000 0.067
2440.000 0.067
2445.000 0.067
2450.000 0.069
2455.000 0.069
2460.000 0.070
2465.000 0.071
2470.000 0.071
2475.000 0.071
2480.000 0.073
2485.000 0.072
2490.000 0.074
2495.000 0.073
2500.000 0.074
2505.000 0.074
2510.000 0.076
2515.000 0.076
2520.000 0.076
2525.000 0.077
2530.000 0.077
2535.000 0.077
2540.000 0.078
2545.000 0.078
2550.000 0.079
2555.000 0.079
2560.000 0.081
2565.000 0.082
2570.000 0.081
2575.000 0.082
2580.000 0.082
2585.000 0.082
2590.000 0.083
2595.000 0.085
2600.000 0.085
2605.000 0.085
2610.000 0.084
2615.000 0.085
2620.000 0.087
2625.000 0.088
2630.000 0.089
2635.000 0.089
2640.000 0.090
2645.000 0.091
2650.000 0.090
2655.000 0.092
2660.000 0.093
2665.000 0.094
2670.000 0.095
2675.000 0.096
2680.000 0.097
2685.000 0.097
2690.000 0.099
2695.000 0.100
2700.000 0.102
2705.000 0.103
2710.000 0.102
2715.000 0.105
2720.000 0.106
2725.000 0.108
2730.000 0.108
2735.000 0.110
2740.000 0.112
2745.000 0.113
2750.000 0.115
2755.000 0.117
2760.000 0.117
2765.000 0.121
2770.000 0.121
2775.000 0.122
2780.000 0.124
2785.000 0.127
2790.000 0.128
2795.000 0.129
2800.000 0.129
2805.000 0.132
2810.000 0.133
2815.000 0.135
2820.000 0.137
2825.000 0.137
2830.000 0.139
2835.000 0.140
2840.000 0.140
2845.000 0.142
2850.000 0.145
2855.000 0.145
2860.000 0.145
2865.000 0.148
2870.000 0.148
2875.000 0.149
2880.000 0.149
2885.000 0.151
2890.000 0.151
2895.000 0.151
2900.000 0.153
2905.000 0.152
2910.000 0.155
2915.000 0.154
2920.000 0.155
2925.000 0.156
2930.000 0.157
2935.000 0.159
2940.000 0.157
2945.000 0.156
2950.000 0.160
2955.000 0.163
2960.000 0.160
2965.000 0.159
2970.000 0.162
2975.000 0.161
2980.000 0.163
2985.000 0.161
2990.000 0.165
2995.000 0.164
3000.000 0.159
3005.000 0.163
3010.000 0.164
3015.000 0.163
3020.000 0.163
3025.000 0.160
3030.000 0.164
3035.000 0.164
3040.000 0.168
3045.000 0.167
3050.000 0.164
3055.000 0.165
3060.000 0.166
3065.000 0.168
3070.000 0.169
3075.000 0.167
3080.000 0.170
3085.000 0.169
3090.000 0.168
3095.000 0.169
3100.000 0.169
3105.000 0.170
3110.000 0.169
3115.000 0.169
3120.000 0.170
3125.000 0.170
3130.000 0.169
3135.000 0.169
3140.000 0.170
3145.000 0.170
3150.000 0.172
3155.000 0.172
3160.000 0.171
3165.000 0.170
3170.000 0.170
3175.000 0.170
3180.000 0.172
3185.000 0.172
3190.000 0.172
3195.000 0.173
3200.000 0.172
3205.000 0.172
3210.000 0.171
3215.000 0.172
3220.000 0.175
3225.000 0.174
3230.000 0.173
3235.000 0.174
3240.000 0.176
3245.000 0.176
3250.000 0.177
3255.000 0.177
3260.000 0.179
3265.000 0.178
3270.000 0.179
3275.000 0.179
3280.000 0.179
3285.000 0.181
3290.000 0.182
3295.000 0.183
3300.000 0.185
3305.000 0.184
3310.000 0.186
3315.000 0.186
3320.000 0.188
3325.000 0.189
3330.000 0.191
3335.000 0.192
3340.000 0.194
3345.000 0.195
3350.000 0.196
3355.000 0.200
3360.000 0.201
3365.000 0.202
3370.000 0.204
3375.000 0.206
3380.000 0.208
3385.000 0.209
3390.000 0.213
3395.000 0.214
3400.000 0.218
3405.000 0.220
3410.000 0.221
3415.000 0.225
3420.000 0.227
3425.000 0.233
3430.000 0.235
3435.000 0.239
3440.000 0.239
3445.000 0.245
3450.000 0.251
3455.000 0.255
3460.000 0.261
3465.000 0.266
3470.000 0.274
3475.000 0.281
3480.000 0.287
3485.000 0.294
3490.000 0.301
3495.000 0.308
3500.000 0.317
3505.000 0.326
3510.000 0.336
3515.000 0.345
3520.000 0.354
3525.000 0.362
3530.000 0.373
3535.000 0.385
3540.000 0.393
3545.000 0.408
3550.000 0.420
3555.000 0.434
3560.000 0.441
3565.000 0.461
3570.000 0.479
3575.000 0.501
3580.000 0.522
3585.000 0.547
3590.000 0.576
3595.000 0.606
3600.000 0.640
3605.000 0.675
3610.000 0.721
3615.000 0.770
3620.000 0.796
3625.000 0.870
3630.000 0.953
3635.000 1.060
3640.000 1.194
3645.000 1.377
3650.000 1.595
3655.000 1.837
3660.000 2.095
3665.000 3.254
3670.000 9.792
3675.000 16.228
3680.000 14.854
3685.000 13.437
3690.000 7.791
3695.000 4.871
3700.000 3.226
3705.000 2.237
3710.000 1.685
3715.000 1.318
3720.000 1.064
3725.000 0.879
3730.000 0.744
3735.000 0.642
3740.000 0.600
3745.000 0.530
3750.000 0.476
3755.000 0.430
3760.000 0.395
3765.000 0.365
3770.000 0.339
3775.000 0.318
3780.000 0.298
3785.000 0.282
3790.000 0.267
3795.000 0.255
3800.000 0.245
3805.000 0.238
3810.000 0.230
3815.000 0.221
3820.000 0.213
3825.000 0.205
3830.000 0.198
3835.000 0.191
3840.000 0.187
3845.000 0.182
3850.000 0.177
3855.000 0.173
3860.000 0.169
3865.000 0.167
3870.000 0.163
3875.000 0.158
3880.000 0.155
3885.000 0.152
3890.000 0.150
3895.000 0.147
3900.000 0.144
3905.000 0.141
3910.000 0.138
3915.000 0.138
3920.000 0.134
3925.000 0.132
3930.000 0.132
3935.000 0.130
3940.000 0.129
3945.000 0.126
3950.000 0.126
3955.000 0.121
3960.000 0.122
3965.000 0.119
3970.000 0.121
3975.000 0.116
3980.000 0.117
3985.000 0.118
3990.000 0.113
3995.000 0.112
4000.000 0.113
4005.000 0.108
4010.000 0.109
4015.000 0.107
4020.000 0.110
4025.000 0.111
4030.000 0.106
4035.000 0.108
4040.000 0.106
4045.000 0.107
4050.000 0.105
4055.000 0.106
4060.000 0.105
4065.000 0.103
4070.000 0.104
4075.000 0.103
4080.000 0.103
4085.000 0.102
4090.000 0.101
4095.000 0.100
4100.000 0.101
4105.000 0.101
4110.000 0.100
4115.000 0.103
4120.000 0.104
4125.000 0.100
4130.000 0.104
4135.000 0.103
4140.000 0.102
4145.000 0.102
4150.000 0.101
4155.000 0.101
4160.000 0.099
4165.000 0.099
4170.000 0.100
4175.000 0.098
4180.000 0.099
4185.000 0.098
4190.000 0.097
4195.000 0.098
4200.000 0.098
4205.000 0.097
4210.000 0.097
4215.000 0.097
4220.000 0.097
4225.000 0.096
4230.000 0.095
4235.000 0.096
4240.000 0.096
4245.000 0.096
4250.000 0.096
4255.000 0.094
4260.000 0.095
4265.000 0.095
4270.000 0.095
4275.000 0.094
4280.000 0.094
4285.000 0.093
4290.000 0.092
4295.000 0.092
4300.000 0.091
4305.000 0.090
4310.000 0.088
4315.000 0.089
4320.000 0.088
4325.000 0.087
4330.000 0.086
4335.000 0.086
4340.000 0.085
4345.000 0.085
4350.000 0.084
4355.000 0.084
4360.000 0.084
4365.000 0.084
4370.000 0.084
4375.000 0.084
4380.000 0.083
4385.000 0.083
4390.000 0.083
4395.000 0.083
4400.000 0.084
4405.000 0.083
4410.000 0.083
4415.000 0.084
4420.000 0.083
4425.000 0.084
4430.000 0.085
4435.000 0.083
4440.000 0.084
4445.000 0.083
4450.000 0.084
4455.000 0.084
4460.000 0.084
4465.000 0.084
4470.000 0.083
4475.000 0.084
4480.000 0.083
4485.000 0.083
4490.000 0.083
4495.000 0.084
4500.000 0.084
4505.000 0.084
4510.000 0.083
4515.000 0.084
4520.000 0.084
4525.000 0.084
4530.000 0.084
4535.000 0.084
4540.000 0.084
4545.000 0.084
4550.000 0.085
4555.000 0.084
4560.000 0.084
4565.000 0.085
4570.000 0.084
4575.000 0.085
4580.000 0.084
4585.000 0.085
4590.000 0.085
4595.000 0.085
4600.000 0.086
4605.000 0.086
4610.000 0.085
4615.000 0.086
4620.000 0.086
4625.000 0.085
4630.000 0.086
4635.000 0.087
4640.000 0.086
4645.000 0.087
4650.000 0.086
4655.000 0.087
4660.000 0.087
4665.000 0.087
4670.000 0.087
4675.000 0.088
4680.000 0.087
4685.000 0.089
4690.000 0.088
4695.000 0.089
4700.000 0.089
4705.000 0.089
4710.000 0.090
4715.000 0.090
4720.000 0.090
4725.000 0.090
4730.000 0.091
4735.000 0.092
4740.000 0.091
4745.000 0.092
4750.000 0.093
4755.000 0.094
4760.000 0.095
4765.000 0.096
4770.000 0.098
4775.000 0.097
4780.000 0.099
4785.000 0.099
4790.000 0.101
4795.000 0.103
4800.000 0.104
4805.000 0.106
4810.000 0.108
4815.000 0.111
4820.000 0.113
4825.000 0.116
4830.000 0.122
4835.000 0.125
4840.000 0.127
4845.000 0.132
4850.000 0.138
4855.000 0.146
4860.000 0.157
4865.000 0.169
4870.000 0.184
4875.000 0.202
4880.000 0.224
4885.000 0.245
4890.000 0.271
4895.000 0.305
4900.000 0.328
4905.000 0.388
4910.000 0.489
4915.000 0.628
4920.000 0.902
4925.000 1.460
4930.000 2.614
4935.000 4.333
4940.000 3.506
4945.000 3.664
4950.000 3.987
4955.000 4.159
4960.000 2.149
4965.000 1.455
4970.000 0.988
4975.000 0.788
4980.000 0.598
4985.000 0.489
4990.000 0.418
4995.000 0.361
5000.000 0.319
5005.000 0.288
5010.000 0.259
5015.000 0.238
5020.000 0.233
5025.000 0.215
5030.000 0.203
5035.000 0.189
5040.000 0.183
5045.000 0.173
5050.000 0.166
5055.000 0.159
5060.000 0.155
5065.000 0.153
5070.000 0.148
5075.000 0.144
5080.000 0.144
5085.000 0.139
5090.000 0.137
5095.000 0.134
5100.000 0.132
5105.000 0.130
5110.000 0.128
5115.000 0.125
5120.000 0.125
5125.000 0.123
5130.000 0.122
5135.000 0.120
5140.000 0.118
5145.000 0.117
5150.000 0.116
5155.000 0.116
5160.000 0.115
5165.000 0.114
5170.000 0.112
5175.000 0.111
5180.000 0.110
5185.000 0.109
5190.000 0.107
5195.000 0.106
5200.000 0.106
5205.000 0.104
5210.000 0.104
5215.000 0.103
5220.000 0.102
5225.000 0.102
5230.000 0.102
5235.000 0.100
5240.000 0.100
5245.000 0.098
5250.000 0.098
5255.000 0.097
5260.000 0.097
5265.000 0.096
5270.000 0.096
5275.000 0.095
5280.000 0.095
5285.000 0.094
5290.000 0.093
5295.000 0.093
5300.000 0.092
5305.000 0.092
5310.000 0.091
5315.000 0.091
5320.000 0.089
5325.000 0.091
5330.000 0.091
5335.000 0.089
5340.000 0.090
5345.000 0.089
5350.000 0.089
5355.000 0.089
5360.000 0.089
5365.000 0.088
5370.000 0.089
5375.000 0.089
5380.000 0.088
5385.000 0.089
5390.000 0.089
5395.000 0.088
5400.000 0.088
5405.000 0.089
5410.000 0.089
5415.000 0.089
5420.000 0.089
5425.000 0.090
5430.000 0.090
5435.000 0.090
5440.000 0.090
5445.000 0.091
5450.000 0.091
5455.000 0.092
5460.000 0.092
5465.000 0.093
5470.000 0.093
5475.000 0.093
5480.000 0.093
5485.000 0.095
5490.000 0.094
5495.000 0.095
5500.000 0.096
5505.000 0.097
5510.000 0.098
5515.000 0.097
5520.000 0.098
5525.000 0.101
5530.000 0.100
5535.000 0.101
5540.000 0.101
5545.000 0.102
5550.000 0.103
5555.000 0.103
5560.000 0.104
5565.000 0.105
5570.000 0.105
5575.000 0.106
5580.000 0.107
5585.000 0.107
5590.000 0.109
5595.000 0.110
5600.000 0.112
5605.000 0.112
5610.000 0.113
5615.000 0.114
5620.000 0.116
5625.000 0.118
5630.000 0.118
5635.000 0.120
5640.000 0.121
5645.000 0.121
5650.000 0.122
5655.000 0.123
5660.000 0.126
5665.000 0.128
5670.000 0.130
5675.000 0.131
5680.000 0.133
5685.000 0.134
5690.000 0.136
5695.000 0.138
5700.000 0.138
5705.000 0.139
5710.000 0.139
5715.000 0.140
5720.000 0.142
5725.000 0.143
5730.000 0.143
5735.000 0.146
5740.000 0.149
5745.000 0.147
5750.000 0.147
5755.000 0.147
5760.000 0.149
5765.000 0.151
5770.000 0.152
5775.000 0.153
5780.000 0.154
5785.000 0.156
5790.000 0.156
5795.000 0.158
5800.000 0.159
5805.000 0.160
5810.000 0.162
5815.000 0.162
5820.000 0.164
5825.000 0.166
5830.000 0.166
5835.000 0.169
5840.000 0.172
5845.000 0.172
5850.000 0.175
5855.000 0.176
5860.000 0.179
5865.000 0.181
5870.000 0.183
5875.000 0.184
5880.000 0.186
5885.000 0.188
5890.000 0.191
5895.000 0.194
5900.000 0.193
5905.000 0.198
5910.000 0.201
5915.000 0.202
5920.000 0.208
5925.000 0.209
5930.000 0.212
5935.000 0.216
5940.000 0.217
5945.000 0.221
5950.000 0.226
5955.000 0.231
5960.000 0.235
5965.000 0.240
5970.000 0.242
5975.000 0.251
5980.000 0.253
5985.000 0.258
5990.000 0.265
5995.000 0.271
6000.000 0.276
6005.000 0.281
6010.000 0.288
6015.000 0.300
6020.000 0.300
6025.000 0.311
6030.000 0.319
6035.000 0.336
6040.000 0.344
6045.000 0.355
6050.000 0.361
6055.000 0.370
6060.000 0.383
6065.000 0.394
6070.000 0.413
6075.000 0.428
6080.000 0.447
6085.000 0.469
6090.000 0.491
6095.000 0.516
6100.000 0.546
6105.000 0.575
6110.000 0.617
6115.000 0.638
6120.000 0.684
6125.000 0.741
6130.000 0.815
6135.000 0.906
6140.000 1.034
6145.000 1.209
6150.000 1.460
6155.000 1.841
6160.000 2.419
6165.000 3.316
6170.000 4.639
6175.000 6.372
6180.000 7.324
6185.000 9.081
6190.000 9.149
6195.000 6.370
6200.000 3.703
6205.000 2.451
6210.000 1.906
6215.000 1.487
6220.000 1.205
6225.000 1.011
6230.000 0.878
6235.000 0.831
6240.000 0.765
6245.000 0.704
6250.000 0.644
6255.000 0.590
6260.000 0.543
6265.000 0.500
6270.000 0.465
6275.000 0.433
6280.000 0.402
6285.000 0.379
6290.000 0.359
6295.000 0.348
6300.000 0.330
6305.000 0.318
6310.000 0.299
6315.000 0.289
6320.000 0.277
6325.000 0.265
6330.000 0.254
6335.000 0.246
6340.000 0.239
6345.000 0.230
6350.000 0.224
6355.000 0.219
6360.000 0.215
6365.000 0.208
6370.000 0.204
6375.000 0.201
6380.000 0.196
6385.000 0.190
6390.000 0.187
6395.000 0.184
6400.000 0.180
6405.000 0.177
6410.000 0.173
6415.000 0.171
6420.000 0.170
6425.000 0.168
6430.000 0.166
6435.000 0.164
6440.000 0.162
6445.000 0.160
6450.000 0.157
6455.000 0.158
6460.000 0.157
6465.000 0.155
6470.000 0.154
6475.000 0.154
6480.000 0.152
6485.000 0.152
6490.000 0.153
6495.000 0.152
6500.000 0.152
6505.000 0.153
6510.000 0.175
6515.000 0.317
6520.000 1.637
6525.000 4.695
6530.000 4.785
6535.000 0.629
6540.000 0.643
6545.000 0.268
6550.000 0.153
6555.000 0.135
6560.000 0.134
6565.000 0.119
6570.000 0.116
6575.000 0.113
6580.000 0.110
6585.000 0.109
6590.000 0.107
6595.000 0.106
6600.000 0.104
6605.000 0.105
6610.000 0.104
6615.000 0.103
6620.000 0.102
6625.000 0.102
6630.000 0.102
6635.000 0.101
6640.000 0.101
6645.000 0.101
6650.000 0.100
6655.000 0.100
6660.000 0.099
6665.000 0.100
6670.000 0.099
6675.000 0.099
6680.000 0.099
6685.000 0.099
6690.000 0.099
6695.000 0.098
6700.000 0.098
6705.000 0.098
6710.000 0.099
6715.000 0.098
6720.000 0.098
6725.000 0.099
6730.000 0.098
6735.000 0.098
6740.000 0.097
6745.000 0.098
6750.000 0.099
6755.000 0.098
6760.000 0.097
6765.000 0.098
6770.000 0.097
6775.000 0.097
6780.000 0.097
6785.000 0.097
6790.000 0.097
6795.000 0.098
6800.000 0.097
6805.000 0.096
6810.000 0.097
6815.000 0.097
6820.000 0.097
6825.000 0.096
6830.000 0.096
6835.000 0.095
6840.000 0.096
6845.000 0.097
6850.000 0.096
6855.000 0.097
6860.000 0.096
6865.000 0.096
6870.000 0.097
6875.000 0.096
6880.000 0.097
6885.000 0.096
6890.000 0.096
6895.000 0.097
6900.000 0.096
6905.000 0.095
6910.000 0.095
6915.000 0.096
6920.000 0.096
6925.000 0.095
6930.000 0.096
6935.000 0.097
6940.000 0.096
6945.000 0.095
6950.000 0.094
6955.000 0.097
6960.000 0.098
6965.000 0.096
6970.000 0.097
6975.000 0.096
6980.000 0.096
6985.000 0.098
6990.000 0.095
6995.000 0.096
7000.000 0.098
7005.000 0.095
7010.000 0.095
7015.000 0.100
7020.000 0.094
7025.000 0.101
7030.000 0.099
7035.000 0.095
7040.000 0.097
7045.000 0.096
7050.000 0.098
7055.000 0.097
7060.000 0.097
7065.000 0.100
7070.000 0.098
7075.000 0.099
7080.000 0.099
7085.000 0.099
7090.000 0.099
7095.000 0.098
7100.000 0.100
7105.000 0.101
7110.000 0.100
7115.000 0.102
7120.000 0.101
7125.000 0.102
7130.000 0.103
7135.000 0.102
7140.000 0.103
7145.000 0.104
7150.000 0.104
7155.000 0.105
7160.000 0.106
7165.000 0.106
7170.000 0.107
7175.000 0.109
7180.000 0.108
7185.000 0.110
7190.000 0.111
7195.000 0.112
7200.000 0.115
7205.000 0.115
7210.000 0.116
7215.000 0.117
7220.000 0.119
7225.000 0.121
7230.000 0.124
7235.000 0.126
7240.000 0.129
7245.000 0.133
7250.000 0.135
7255.000 0.139
7260.000 0.143
7265.000 0.148
7270.000 0.150
7275.000 0.157
7280.000 0.164
7285.000 0.170
7290.000 0.181
7295.000 0.190
7300.000 0.205
7305.000 0.220
7310.000 0.239
7315.000 0.253
7320.000 0.270
7325.000 0.288
7330.000 0.311
7335.000 0.328
7340.000 0.359
7345.000 0.399
7350.000 0.454
7355.000 0.523
7360.000 0.654
7365.000 0.797
7370.000 1.020
7375.000 1.357
7380.000 1.822
7385.000 2.376
7390.000 2.714
7395.000 2.671
7400.000 1.962
7405.000 1.238
7410.000 0.904
7415.000 0.909
7420.000 0.901
7425.000 0.775
7430.000 0.652
7435.000 0.560
7440.000 0.493
7445.000 0.445
7450.000 0.422
7455.000 0.391
7460.000 0.361
7465.000 0.338
7470.000 0.317
7475.000 0.301
7480.000 0.284
7485.000 0.272
7490.000 0.260
7495.000 0.251
7500.000 0.243
7505.000 0.233
7510.000 0.224
7515.000 0.220
7520.000 0.215
7525.000 0.207
7530.000 0.201
7535.000 0.192
7540.000 0.187
7545.000 0.181
7550.000 0.176
7555.000 0.173
7560.000 0.168
7565.000 0.164
7570.000 0.161
7575.000 0.160
7580.000 0.157
7585.000 0.155
7590.000 0.151
7595.000 0.148
7600.000 0.144
7605.000 0.142
7610.000 0.138
7615.000 0.136
7620.000 0.135
7625.000 0.134
7630.000 0.133
7635.000 0.130
7640.000 0.129
7645.000 0.128
7650.000 0.127
7655.000 0.126
7660.000 0.124
7665.000 0.123
7670.000 0.120
7675.000 0.119
7680.000 0.118
7685.000 0.117
7690.000 0.117
7695.000 0.115
7700.000 0.115
7705.000 0.113
7710.000 0.113
7715.000 0.112
7720.000 0.111
7725.000 0.109
7730.000 0.108
7735.000 0.107
7740.000 0.107
7745.000 0.104
7750.000 0.104
7755.000 0.102
7760.000 0.102
7765.000 0.102
7770.000 0.100
7775.000 0.101
7780.000 0.098
7785.000 0.098
7790.000 0.098
7795.000 0.096
7800.000 0.095
7805.000 0.095
7810.000 0.092
7815.000 0.091
7820.000 0.091
7825.000 0.090
7830.000 0.091
7835.000 0.088
7840.000 0.087
7845.000 0.085
7850.000 0.084
7855.000 0.084
7860.000 0.082
7865.000 0.080
7870.000 0.081
7875.000 0.079
7880.000 0.080
7885.000 0.077
7890.000 0.077
7895.000 0.076
7900.000 0.074
7905.000 0.073
7910.000 0.073
7915.000 0.074
7920.000 0.074
7925.000 0.076
7930.000 0.077
7935.000 0.079
7940.000 0.084
7945.000 0.089
7950.000 0.101
7955.000 0.117
7960.000 0.142
7965.000 0.185
7970.000 0.246
7975.000 0.352
7980.000 0.523
7985.000 0.807
7990.000 1.275
7995.000 2.186
8000.000 3.014
8005.000 5.225
8010.000 3.645
8015.000 1.657
8020.000 1.061
8025.000 0.678
8030.000 0.543
8035.000 0.425
8040.000 0.357
8045.000 0.304
8050.000 0.269
8055.000 0.239
8060.000 0.231
8065.000 0.209
8070.000 0.198
8075.000 0.185
8080.000 0.176
8085.000 0.168
8090.000 0.162
8095.000 0.156
8100.000 0.150
8105.000 0.145
8110.000 0.142
8115.000 0.139
8120.000 0.136
8125.000 0.135
8130.000 0.132
8135.000 0.129
8140.000 0.128
8145.000 0.125
8150.000 0.124
8155.000 0.122
8160.000 0.120
8165.000 0.118
8170.000 0.118
8175.000 0.117
8180.000 0.116
8185.000 0.115
8190.000 0.113
8195.000 0.111
8200.000 0.110
8205.000 0.109
8210.000 0.109
8215.000 0.107
8220.000 0.106
8225.000 0.105
8230.000 0.105
8235.000 0.104
8240.000 0.103
8245.000 0.103
8250.000 0.101
8255.000 0.100
8260.000 0.100
8265.000 0.098
8270.000 0.098
8275.000 0.096
8280.000 0.096
8285.000 0.095
8290.000 0.095
8295.000 0.094
8300.000 0.093
8305.000 0.092
8310.000 0.092
8315.000 0.092
8320.000 0.091
8325.000 0.089
8330.000 0.089
8335.000 0.088
8340.000 0.087
8345.000 0.086
8350.000 0.086
8355.000 0.083
8360.000 0.083
8365.000 0.083
8370.000 0.083
8375.000 0.082
8380.000 0.081
8385.000 0.080
8390.000 0.078
8395.000 0.079
8400.000 0.077
8405.000 0.077
8410.000 0.078
8415.000 0.077
8420.000 0.078
8425.000 0.078
8430.000 0.080
8435.000 0.082
8440.000 0.088
8445.000 0.095
8450.000 0.110
8455.000 0.135
8460.000 0.187
8465.000 0.326
8470.000 0.858
8475.000 1.981
8480.000 3.085
8485.000 2.877
8490.000 0.557
8495.000 0.537
8500.000 0.566
8505.000 0.463
8510.000 0.432
8515.000 0.416
8520.000 0.420
8525.000 0.447
8530.000 0.495
8535.000 0.576
8540.000 0.684
8545.000 0.844
8550.000 0.951
8555.000 1.229
8560.000 1.644
8565.000 2.205
8570.000 2.876
8575.000 3.487
8580.000 3.776
8585.000 3.507
8590.000 2.833
8595.000 2.152
8600.000 1.614
8605.000 1.201
8610.000 1.046
8615.000 0.812
8620.000 0.639
8625.000 0.523
8630.000 0.476
8635.000 0.466
8640.000 0.457
8645.000 0.445
8650.000 0.431
8655.000 0.419
8660.000 0.407
8665.000 0.402
8670.000 0.391
8675.000 0.383
8680.000 0.373
8685.000 0.365
8690.000 0.358
8695.000 0.352
8700.000 0.343
8705.000 0.339
8710.000 0.332
8715.000 0.327
8720.000 0.321
8725.000 0.316
8730.000 0.315
8735.000 0.312
8740.000 0.306
8745.000 0.305
8750.000 0.301
8755.000 0.296
8760.000 0.293
8765.000 0.290
8770.000 0.288
8775.000 0.286
8780.000 0.283
8785.000 0.283
8790.000 0.281
8795.000 0.280
8800.000 0.278
8805.000 0.277
8810.000 0.275
8815.000 0.272
8820.000 0.277
8825.000 0.281
8830.000 0.278
8835.000 0.292
8840.000 0.285
8845.000 0.275
8850.000 0.270
8855.000 0.265
8860.000 0.262
8865.000 0.261
8870.000 0.258
8875.000 0.259
8880.000 0.258
8885.000 0.256
8890.000 0.257
8895.000 0.254
8900.000 0.252
8905.000 0.253
8910.000 0.252
8915.000 0.252
8920.000 0.249
8925.000 0.251
8930.000 0.249
8935.000 0.250
8940.000 0.249
8945.000 0.246
8950.000 0.247
8955.000 0.250
8960.000 0.247
8965.000 0.247
8970.000 0.246
8975.000 0.244
8980.000 0.241
8985.000 0.246
8990.000 0.244
8995.000 0.243
9000.000 0.246
9005.000 0.246
9010.000 0.246
9015.000 0.242
9020.000 0.245
9025.000 0.246
9030.000 0.245
9035.000 0.246
9040.000 0.246
9045.000 0.245
9050.000 0.240
9055.000 0.242
9060.000 0.242
9065.000 0.240
9070.000 0.241
9075.000 0.240
9080.000 0.242
9085.000 0.241
9090.000 0.240
9095.000 0.242
9100.000 0.239
9105.000 0.240
9110.000 0.240
9115.000 0.244
9120.000 0.242
9125.000 0.240
9130.000 0.239
9135.000 0.240
9140.000 0.240
9145.000 0.241
9150.000 0.243
9155.000 0.242
9160.000 0.241
9165.000 0.241
9170.000 0.243
9175.000 0.243
9180.000 0.243
9185.000 0.245
9190.000 0.245
9195.000 0.246
9200.000 0.244
9205.000 0.246
9210.000 0.248
9215.000 0.249
9220.000 0.248
9225.000 0.249
9230.000 0.249
9235.000 0.251
9240.000 0.251
9245.000 0.252
9250.000 0.253
9255.000 0.253
9260.000 0.255
9265.000 0.257
9270.000 0.257
9275.000 0.260
9280.000 0.260
9285.000 0.261
9290.000 0.262
9295.000 0.265
9300.000 0.267
9305.000 0.269
9310.000 0.273
9315.000 0.275
9320.000 0.278
9325.000 0.283
9330.000 0.285
9335.000 0.289
9340.000 0.294
9345.000 0.299
9350.000 0.307
9355.000 0.313
9360.000 0.323
9365.000 0.334
9370.000 0.351
9375.000 0.372
9380.000 0.402
9385.000 0.446
9390.000 0.522
9395.000 0.682
9400.000 1.037
9405.000 1.367
9410.000 1.945
9415.000 1.554
9420.000 0.277
9425.000 0.050
9430.000 0.255
9435.000 0.138
9440.000 0.153
9445.000 0.158
9450.000 0.164
9455.000 0.173
9460.000 0.178
9465.000 0.186
9470.000 0.191
9475.000 0.196
9480.000 0.201
9485.000 0.203
9490.000 0.208
9495.000 0.212
9500.000 0.217
9505.000 0.221
9510.000 0.225
9515.000 0.226
9520.000 0.229
9525.000 0.232
9530.000 0.236
9535.000 0.239
9540.000 0.244
9545.000 0.246
9550.000 0.249
9555.000 0.252
9560.000 0.257
9565.000 0.262
9570.000 0.265
9575.000 0.270
9580.000 0.273
9585.000 0.275
9590.000 0.280
9595.000 0.284
9600.000 0.292
9605.000 0.297
9610.000 0.298
9615.000 0.308
9620.000 0.315
9625.000 0.324
9630.000 0.330
9635.000 0.339
9640.000 0.347
9645.000 0.351
9650.000 0.363
9655.000 0.376
9660.000 0.389
9665.000 0.403
9670.000 0.417
9675.000 0.437
9680.000 0.455
9685.000 0.479
9690.000 0.509
9695.000 0.545
9700.000 0.565
9705.000 0.609
9710.000 0.667
9715.000 0.742
9720.000 0.849
9725.000 0.989
9730.000 1.178
9735.000 1.402
9740.000 1.604
9745.000 1.659
9750.000 1.484
9755.000 1.191
9760.000 0.909
9765.000 0.791
9770.000 0.604
9775.000 0.476
9780.000 0.390
9785.000 0.331
9790.000 0.293
9795.000 0.266
9800.000 0.234
9805.000 0.176
9810.000 0.103
9815.000 0.071
9820.000 0.069
9825.000 0.070
9830.000 0.066
9835.000 0.061
9840.000 0.055
9845.000 0.051
9850.000 0.045
9855.000 0.041
9860.000 0.039
9865.000 0.038
9870.000 0.038
9875.000 0.038
9880.000 0.038
9885.000 0.039
9890.000 0.039
9895.000 0.040
9900.000 0.043
9905.000 0.044
9910.000 0.045
9915.000 0.048
9920.000 0.050
9925.000 0.051
9930.000 0.052
9935.000 0.055
9940.000 0.057
9945.000 0.057
9950.000 0.060
9955.000 0.061
9960.000 0.064
9965.000 0.066
9970.000 0.066
9975.000 0.067
9980.000 0.069
9985.000 0.072
9990.000 0.071
9995.000 0.073
10000.000 0.078
10005.000 0.077
10010.000 0.077
10015.000 0.080
10020.000 0.081
10025.000 0.082
10030.000 0.084
10035.000 0.086
10040.000 0.086
10045.000 0.090
10050.000 0.092
10055.000 0.094
10060.000 0.097
10065.000 0.099
10070.000 0.102
10075.000 0.108
10080.000 0.118
10085.000 0.134
10090.000 0.170
10095.000 0.280
10100.000 0.623
10105.000 1.396
10110.000 1.335
10115.000 0.360
10120.000 0.306
10125.000 0.226
10130.000 0.207
10135.000 0.191
10140.000 0.169
10145.000 0.154
10150.000 0.147
10155.000 0.141
10160.000 0.140
10165.000 0.139
10170.000 0.137
10175.000 0.138
10180.000 0.136
10185.000 0.139
10190.000 0.139
10195.000 0.139
10200.000 0.137
10205.000 0.138
10210.000 0.139
10215.000 0.138
10220.000 0.138
10225.000 0.139
10230.000 0.138
10235.000 0.140
10240.000 0.139
10245.000 0.140
10250.000 0.140
10255.000 0.140
10260.000 0.140
10265.000 0.141
10270.000 0.140
10275.000 0.141
10280.000 0.141
10285.000 0.141
10290.000 0.143
10295.000 0.142
10300.000 0.142
10305.000 0.143
10310.000 0.144
10315.000 0.144
10320.000 0.145
10325.000 0.144
10330.000 0.144
10335.000 0.144
10340.000 0.147
10345.000 0.148
10350.000 0.149
10355.000 0.147
10360.000 0.149
10365.000 0.150
10370.000 0.151
10375.000 0.149
10380.000 0.149
10385.000 0.151
10390.000 0.155
10395.000 0.155
10400.000 0.156
10405.000 0.154
10410.000 0.156
10415.000 0.157
10420.000 0.157
10425.000 0.160
10430.000 0.159
10435.000 0.161
10440.000 0.162
10445.000 0.161
10450.000 0.160
10455.000 0.162
10460.000 0.164
10465.000 0.163
10470.000 0.164
10475.000 0.166
10480.000 0.166
10485.000 0.168
10490.000 0.169
10495.000 0.168
10500.000 0.170
10505.000 0.170
10510.000 0.173
10515.000 0.175
10520.000 0.177
10525.000 0.177
10530.000 0.177
10535.000 0.177
10540.000 0.181
10545.000 0.184
10550.000 0.185
10555.000 0.185
10560.000 0.187
10565.000 0.187
10570.000 0.189
10575.000 0.190
10580.000 0.192
10585.000 0.192
10590.000 0.194
10595.000 0.199
10600.000 0.199
10605.000 0.202
10610.000 0.204
10615.000 0.207
10620.000 0.210
10625.000 0.210
10630.000 0.213
10635.000 0.217
10640.000 0.221
10645.000 0.225
10650.000 0.229
10655.000 0.232
10660.000 0.238
10665.000 0.245
10670.000 0.247
10675.000 0.252
10680.000 0.255
10685.000 0.265
10690.000 0.272
10695.000 0.280
10700.000 0.288
10705.000 0.302
10710.000 0.314
10715.000 0.330
10720.000 0.347
10725.000 0.368
10730.000 0.396
10735.000 0.414
10740.000 0.457
10745.000 0.515
10750.000 0.609
10755.000 0.751
10760.000 0.972
10765.000 1.258
10770.000 1.439
10775.000 1.219
10780.000 0.734
10785.000 0.404
10790.000 0.212
10795.000 0.124
10800.000 0.159
10805.000 0.139
10810.000 0.069
10815.000 0.038
10820.000 0.027
10825.000 0.036
10830.000 0.050
10835.000 0.064
10840.000 0.078
10845.000 0.093
10850.000 0.113
10855.000 0.138
10860.000 0.167
10865.000 0.187
10870.000 0.231
10875.000 0.285
10880.000 0.344
10885.000 0.415
10890.000 0.495
10895.000 0.571
10900.000 0.639
10905.000 0.678
10910.000 0.665
10915.000 0.592
10920.000 0.540
10925.000 0.419
10930.000 0.320
10935.000 0.245
10940.000 0.199
10945.000 0.172
10950.000 0.161
10955.000 0.161
10960.000 0.173
10965.000 0.193
10970.000 0.214
10975.000 0.219
10980.000 0.215
10985.000 0.197
10990.000 0.177
10995.000 0.154
11000.000 0.128
11005.000 0.099
11010.000 0.079
11015.000 0.064
11020.000 0.050
11025.000 0.039
11030.000 0.029
11035.000 0.025
11040.000 0.018
11045.000 0.016
11050.000 0.009
11055.000 0.006
11060.000 0.004
11065.000 0.006
11070.000 0.007
11075.000 0.008
11080.000 0.013
11085.000 0.015
11090.000 0.015
11095.000 0.018
11100.000 0.021
11105.000 0.022
11110.000 0.023
11115.000 0.024
11120.000 0.027
11125.000 0.028
11130.000 0.030
11135.000 0.031
11140.000 0.032
11145.000 0.034
11150.000 0.035
11155.000 0.035
11160.000 0.037
11165.000 0.038
11170.000 0.038
11175.000 0.040
11180.000 0.041
11185.000 0.041
11190.000 0.042
11195.000 0.044
11200.000 0.044
11205.000 0.045
11210.000 0.046
11215.000 0.046
11220.000 0.046
11225.000 0.047
11230.000 0.048
11235.000 0.048
11240.000 0.049
11245.000 0.049
11250.000 0.050
11255.000 0.050
11260.000 0.051
11265.000 0.053
11270.000 0.053
11275.000 0.053
11280.000 0.054
11285.000 0.053
11290.000 0.054
11295.000 0.055
11300.000 0.054
11305.000 0.054
11310.000 0.054
11315.000 0.054
11320.000 0.056
11325.000 0.055
11330.000 0.056
11335.000 0.055
11340.000 0.055
11345.000 0.055
11350.000 0.054
11355.000 0.055
11360.000 0.055
11365.000 0.055
11370.000 0.054
11375.000 0.055
11380.000 0.056
11385.000 0.055
11390.000 0.054
11395.000 0.055
11400.000 0.053
11405.000 0.054
11410.000 0.054
11415.000 0.053
11420.000 0.052
11425.000 0.052
11430.000 0.053
11435.000 0.052
11440.000 0.050
11445.000 0.050
11450.000 0.050
11455.000 0.049
11460.000 0.048
11465.000 0.047
11470.000 0.047
11475.000 0.047
11480.000 0.048
11485.000 0.046
11490.000 0.043
11495.000 0.043
11500.000 0.042
11505.000 0.040
11510.000 0.038
11515.000 0.038
11520.000 0.036
11525.000 0.036
11530.000 0.034
11535.000 0.032
11540.000 0.029
11545.000 0.028
11550.000 0.026
11555.000 0.025
11560.000 0.023
11565.000 0.021
11570.000 0.020
11575.000 0.021
11580.000 0.022
11585.000 0.027
11590.000 0.030
11595.000 0.038
11600.000 0.051
11605.000 0.076
11610.000 0.117
11615.000 0.175
11620.000 0.259
11625.000 0.387
11630.000 0.593
11635.000 0.772
11640.000 0.704
11645.000 0.784
11650.000 1.303
11655.000 0.775
11660.000 0.532
11665.000 0.410
11670.000 0.336
11675.000 0.270
11680.000 0.229
11685.000 0.196
11690.000 0.171
11695.000 0.155
11700.000 0.141
11705.000 0.131
11710.000 0.125
11715.000 0.119
11720.000 0.115
11725.000 0.111
11730.000 0.108
11735.000 0.103
11740.000 0.100
11745.000 0.099
11750.000 0.097
11755.000 0.093
11760.000 0.091
11765.000 0.089
11770.000 0.086
11775.000 0.086
11780.000 0.084
11785.000 0.081
11790.000 0.078
11795.000 0.078
11800.000 0.075
11805.000 0.074
11810.000 0.073
11815.000 0.070
11820.000 0.068
11825.000 0.067
11830.000 0.064
11835.000 0.065
11840.000 0.062
11845.000 0.063
11850.000 0.060
11855.000 0.058
11860.000 0.057
11865.000 0.057
11870.000 0.055
11875.000 0.054
11880.000 0.053
11885.000 0.053
11890.000 0.051
11895.000 0.052
11900.000 0.054
11905.000 0.056
11910.000 0.057
11915.000 0.055
11920.000 0.057
11925.000 0.059
11930.000 0.061
11935.000 0.062
11940.000 0.061
11945.000 0.061
11950.000 0.072
11955.000 0.094
11960.000 0.252
11965.000 0.520
11970.000 0.483
11975.000 0.423
11980.000 0.424
11985.000 0.452
11990.000 0.491
11995.000 0.545
12000.000 0.618
