105.000 0.009
110.000 0.391
115.000 0.624
120.000 0.788
125.000 0.905
130.000 1.062
135.000 1.290
140.000 1.154
145.000 1.262
150.000 1.203
155.000 1.058
160.000 1.164
165.000 1.112
170.000 1.088
175.000 1.022
180.000 1.013
185.000 1.070
190.000 1.061
195.000 1.015
200.000 1.016
205.000 1.002
210.000 1.019
215.000 1.013
220.000 1.056
225.000 1.053
230.000 1.047
235.000 1.062
240.000 1.089
245.000 1.082
250.000 1.093
255.000 1.131
260.000 1.158
265.000 1.173
270.000 1.174
275.000 1.191
280.000 1.194
285.000 1.227
290.000 1.264
295.000 1.270
300.000 1.292
305.000 1.297
310.000 1.342
315.000 1.379
320.000 1.403
325.000 1.440
330.000 1.509
335.000 1.538
340.000 1.600
345.000 1.649
350.000 1.729
355.000 1.818
360.000 1.860
365.000 1.952
370.000 2.057
375.000 2.164
380.000 2.293
385.000 2.425
390.000 2.563
395.000 2.698
400.000 2.815
405.000 2.898
410.000 2.926
415.000 2.930
420.000 2.908
425.000 2.785
430.000 2.576
435.000 2.301
440.000 2.004
445.000 1.748
450.000 1.505
455.000 1.302
460.000 1.140
465.000 1.028
470.000 0.927
475.000 0.860
480.000 0.805
485.000 0.779
490.000 0.730
495.000 0.685
500.000 0.644
505.000 0.609
510.000 0.580
515.000 0.553
520.000 0.523
525.000 0.493
530.000 0.471
535.000 0.445
540.000 0.422
545.000 0.414
550.000 0.395
555.000 0.387
560.000 0.359
565.000 0.339
570.000 0.316
575.000 0.306
580.000 0.290
585.000 0.278
590.000 0.268
595.000 0.258
600.000 0.249
605.000 0.240
610.000 0.231
615.000 0.227
620.000 0.221
625.000 0.210
630.000 0.208
635.000 0.197
640.000 0.194
645.000 0.191
650.000 0.188
655.000 0.178
660.000 0.176
665.000 0.179
670.000 0.174
675.000 0.170
680.000 0.166
685.000 0.159
690.000 0.162
695.000 0.157
700.000 0.154
705.000 0.150
710.000 0.148
715.000 0.147
720.000 0.143
725.000 0.144
730.000 0.139
735.000 0.137
740.000 0.138
745.000 0.135
750.000 0.136
755.000 0.133
760.000 0.129
765.000 0.128
770.000 0.129
775.000 0.125
780.000 0.125
785.000 0.126
790.000 0.126
795.000 0.123
800.000 0.124
805.000 0.123
810.000 0.123
815.000 0.123
820.000 0.119
825.000 0.120
830.000 0.119
835.000 0.118
840.000 0.119
845.000 0.114
850.000 0.117
855.000 0.113
860.000 0.115
865.000 0.113
870.000 0.114
875.000 0.114
880.000 0.110
885.000 0.113
890.000 0.113
895.000 0.112
900.000 0.111
905.000 0.111
910.000 0.108
915.000 0.110
920.000 0.115
925.000 0.111
930.000 0.110
935.000 0.109
940.000 0.110
945.000 0.108
950.000 0.107
955.000 0.110
960.000 0.110
965.000 0.111
970.000 0.113
975.000 0.108
980.000 0.109
985.000 0.109
990.000 0.107
995.000 0.111
1000.000 0.113
1005.000 0.106
1010.000 0.104
1015.000 0.108
1020.000 0.106
1025.000 0.108
1030.000 0.110
1035.000 0.108
1040.000 0.114
1045.000 0.111
1050.000 0.105
1055.000 0.108
1060.000 0.110
1065.000 0.103
1070.000 0.106
1075.000 0.106
1080.000 0.107
1085.000 0.107
1090.000 0.107
1095.000 0.106
1100.000 0.103
1105.000 0.108
1110.000 0.106
1115.000 0.106
1120.000 0.104
1125.000 0.103
1130.000 0.106
1135.000 0.109
1140.000 0.106
1145.000 0.109
1150.000 0.107
1155.000 0.110
1160.000 0.108
1165.000 0.109
1170.000 0.107
1175.000 0.107
1180.000 0.108
1185.000 0.108
1190.000 0.109
1195.000 0.108
1200.000 0.106
1205.000 0.109
1210.000 0.110
1215.000 0.107
1220.000 0.106
1225.000 0.110
1230.000 0.109
1235.000 0.109
1240.000 0.109
1245.000 0.109
1250.000 0.109
1255.000 0.110
1260.000 0.111
1265.000 0.111
1270.000 0.112
1275.000 0.112
1280.000 0.110
1285.000 0.110
1290.000 0.112
1295.000 0.112
1300.000 0.113
1305.000 0.112
1310.000 0.114
1315.000 0.111
1320.000 0.114
1325.000 0.114
1330.000 0.112
1335.000 0.114
1340.000 0.114
1345.000 0.114
1350.000 0.115
1355.000 0.115
1360.000 0.115
1365.000 0.114
1370.000 0.117
1375.000 0.116
1380.000 0.116
1385.000 0.117
1390.000 0.118
1395.000 0.118
1400.000 0.118
1405.000 0.119
1410.000 0.118
1415.000 0.118
1420.000 0.119
1425.000 0.119
1430.000 0.121
1435.000 0.118
1440.000 0.119
1445.000 0.119
1450.000 0.118
1455.000 0.118
1460.000 0.118
1465.000 0.117
1470.000 0.117
1475.000 0.116
1480.000 0.113
1485.000 0.115
1490.000 0.112
1495.000 0.112
1500.000 0.114
1505.000 0.115
1510.000 0.117
1515.000 0.116
1520.000 0.117
1525.000 0.119
1530.000 0.121
1535.000 0.124
1540.000 0.126
1545.000 0.125
1550.000 0.127
1555.000 0.131
1560.000 0.130
1565.000 0.132
1570.000 0.133
1575.000 0.135
1580.000 0.138
1585.000 0.138
1590.000 0.139
1595.000 0.142
1600.000 0.144
1605.000 0.148
1610.000 0.146
1615.000 0.150
1620.000 0.152
1625.000 0.153
1630.000 0.155
1635.000 0.157
1640.000 0.158
1645.000 0.160
1650.000 0.160
1655.000 0.164
1660.000 0.167
1665.000 0.172
1670.000 0.172
1675.000 0.174
1680.000 0.177
1685.000 0.182
1690.000 0.186
1695.000 0.188
1700.000 0.188
1705.000 0.193
1710.000 0.198
1715.000 0.201
1720.000 0.206
1725.000 0.207
1730.000 0.209
1735.000 0.215
1740.000 0.219
1745.000 0.223
1750.000 0.228
1755.000 0.232
1760.000 0.233
1765.000 0.237
1770.000 0.239
1775.000 0.245
1780.000 0.246
1785.000 0.252
1790.000 0.257
1795.000 0.258
1800.000 0.267
1805.000 0.268
1810.000 0.272
1815.000 0.276
1820.000 0.279
1825.000 0.279
1830.000 0.283
1835.000 0.282
1840.000 0.287
1845.000 0.290
1850.000 0.293
1855.000 0.294
1860.000 0.293
1865.000 0.291
1870.000 0.292
1875.000 0.290
1880.000 0.288
1885.000 0.292
1890.000 0.285
1895.000 0.285
1900.000 0.286
1905.000 0.280
1910.000 0.282
1915.000 0.279
1920.000 0.278
1925.000 0.275
1930.000 0.272
1935.000 0.269
1940.000 0.266
1945.000 0.264
1950.000 0.262
1955.000 0.262
1960.000 0.256
1965.000 0.252
1970.000 0.256
1975.000 0.252
1980.000 0.253
1985.000 0.245
1990.000 0.246
1995.000 0.244
2000.000 0.234
2005.000 0.236
2010.000 0.239
2015.000 0.233
2020.000 0.230
2025.000 0.223
2030.000 0.228
2035.000 0.225
2040.000 0.233
2045.000 0.225
2050.000 0.218
2055.000 0.216
2060.000 0.214
2065.000 0.221
2070.000 0.218
2075.000 0.218
2080.000 0.213
2085.000 0.210
2090.000 0.213
2095.000 0.209
2100.000 0.208
2105.000 0.208
2110.000 0.205
2115.000 0.205
2120.000 0.204
2125.000 0.202
2130.000 0.204
2135.000 0.206
2140.000 0.203
2145.000 0.203
2150.000 0.204
2155.000 0.204
2160.000 0.206
2165.000 0.203
2170.000 0.206
2175.000 0.207
2180.000 0.206
2185.000 0.206
2190.000 0.205
2195.000 0.207
2200.000 0.210
2205.000 0.211
2210.000 0.212
2215.000 0.215
2220.000 0.216
2225.000 0.220
2230.000 0.225
2235.000 0.223
2240.000 0.231
2245.000 0.232
2250.000 0.234
2255.000 0.237
2260.000 0.235
2265.000 0.222
2270.000 0.198
2275.000 0.149
2280.000 0.268
2285.000 1.884
2290.000 5.831
2295.000 11.618
2300.000 9.176
2305.000 2.429
2310.000 1.185
2315.000 0.746
2320.000 0.404
2325.000 0.259
2330.000 0.172
2335.000 0.116
2340.000 0.083
2345.000 0.062
2350.000 0.049
2355.000 0.043
2360.000 0.039
2365.000 0.038
2370.000 0.038
2375.000 0.039
2380.000 0.040
2385.000 0.042
2390.000 0.044
2395.000 0.045
2400.000 0.047
2405.000 0.047
2410.000 0.049
2415.000 0.051
2420.000 0.052
2425.000 0.053
2430.000 0.054
2435.000 0.055
2440.000 0.056
2445.000 0.057
2450.000 0.058
2455.000 0.060
2460.000 0.060
2465.000 0.061
2470.000 0.061
2475.000 0.062
2480.000 0.063
2485.000 0.063
2490.000 0.064
2495.000 0.065
2500.000 0.065
2505.000 0.066
2510.000 0.067
2515.000 0.067
2520.000 0.068
2525.000 0.069
2530.000 0.068
2535.000 0.069
2540.000 0.070
2545.000 0.071
2550.000 0.071
2555.000 0.071
2560.000 0.072
2565.000 0.072
2570.000 0.071
2575.000 0.072
2580.000 0.073
2585.000 0.074
2590.000 0.074
2595.000 0.074
2600.000 0.074
2605.000 0.076
2610.000 0.076
2615.000 0.076
2620.000 0.077
2625.000 0.077
2630.000 0.078
2635.000 0.080
2640.000 0.079
2645.000 0.079
2650.000 0.080
2655.000 0.081
2660.000 0.081
2665.000 0.082
2670.000 0.083
2675.000 0.084
2680.000 0.084
2685.000 0.086
2690.000 0.086
2695.000 0.087
2700.000 0.087
2705.000 0.089
2710.000 0.089
2715.000 0.090
2720.000 0.092
2725.000 0.094
2730.000 0.094
2735.000 0.094
2740.000 0.096
2745.000 0.098
2750.000 0.098
2755.000 0.099
2760.000 0.101
2765.000 0.102
2770.000 0.103
2775.000 0.105
2780.000 0.105
2785.000 0.106
2790.000 0.109
2795.000 0.110
2800.000 0.111
2805.000 0.112
2810.000 0.115
2815.000 0.117
2820.000 0.118
2825.000 0.120
2830.000 0.122
2835.000 0.123
2840.000 0.125
2845.000 0.126
2850.000 0.126
2855.000 0.127
2860.000 0.129
2865.000 0.130
2870.000 0.130
2875.000 0.132
2880.000 0.133
2885.000 0.134
2890.000 0.135
2895.000 0.136
2900.000 0.137
2905.000 0.137
2910.000 0.138
2915.000 0.138
2920.000 0.139
2925.000 0.140
2930.000 0.140
2935.000 0.142
2940.000 0.140
2945.000 0.142
2950.000 0.142
2955.000 0.146
2960.000 0.145
2965.000 0.147
2970.000 0.143
2975.000 0.144
2980.000 0.145
2985.000 0.145
2990.000 0.146
2995.000 0.146
3000.000 0.144
3005.000 0.149
3010.000 0.151
3015.000 0.148
3020.000 0.152
3025.000 0.150
3030.000 0.152
3035.000 0.147
3040.000 0.147
3045.000 0.148
3050.000 0.152
3055.000 0.148
3060.000 0.150
3065.000 0.154
3070.000 0.152
3075.000 0.151
3080.000 0.152
3085.000 0.154
3090.000 0.154
3095.000 0.153
3100.000 0.154
3105.000 0.154
3110.000 0.155
3115.000 0.154
3120.000 0.155
3125.000 0.155
3130.000 0.155
3135.000 0.156
3140.000 0.155
3145.000 0.155
3150.000 0.155
3155.000 0.156
3160.000 0.156
3165.000 0.156
3170.000 0.157
3175.000 0.156
3180.000 0.157
3185.000 0.157
3190.000 0.158
3195.000 0.157
3200.000 0.158
3205.000 0.159
3210.000 0.159
3215.000 0.159
3220.000 0.159
3225.000 0.159
3230.000 0.160
3235.000 0.161
3240.000 0.162
3245.000 0.161
3250.000 0.163
3255.000 0.164
3260.000 0.163
3265.000 0.165
3270.000 0.165
3275.000 0.166
3280.000 0.166
3285.000 0.167
3290.000 0.168
3295.000 0.169
3300.000 0.170
3305.000 0.170
3310.000 0.172
3315.000 0.172
3320.000 0.173
3325.000 0.175
3330.000 0.177
3335.000 0.179
3340.000 0.179
3345.000 0.182
3350.000 0.181
3355.000 0.182
3360.000 0.184
3365.000 0.186
3370.000 0.187
3375.000 0.190
3380.000 0.191
3385.000 0.194
3390.000 0.196
3395.000 0.198
3400.000 0.200
3405.000 0.201
3410.000 0.204
3415.000 0.207
3420.000 0.209
3425.000 0.212
3430.000 0.215
3435.000 0.218
3440.000 0.223
3445.000 0.228
3450.000 0.231
3455.000 0.236
3460.000 0.240
3465.000 0.244
3470.000 0.249
3475.000 0.256
3480.000 0.260
3485.000 0.268
3490.000 0.273
3495.000 0.282
3500.000 0.290
3505.000 0.299
3510.000 0.309
3515.000 0.320
3520.000 0.333
3525.000 0.339
3530.000 0.349
3535.000 0.357
3540.000 0.369
3545.000 0.379
3550.000 0.395
3555.000 0.409
3560.000 0.420
3565.000 0.442
3570.000 0.459
3575.000 0.481
3580.000 0.494
3585.000 0.519
3590.000 0.546
3595.000 0.580
3600.000 0.617
3605.000 0.661
3610.000 0.710
3615.000 0.770
3620.000 0.845
3625.000 0.950
3630.000 1.084
3635.000 1.268
3640.000 1.527
3645.000 1.702
3650.000 2.169
3655.000 2.839
3660.000 3.789
3665.000 5.167
3670.000 8.417
3675.000 13.785
3680.000 12.524
3685.000 10.218
3690.000 5.727
3695.000 3.702
3700.000 2.549
3705.000 2.175
3710.000 1.641
3715.000 1.293
3720.000 1.054
3725.000 0.875
3730.000 0.745
3735.000 0.641
3740.000 0.564
3745.000 0.500
3750.000 0.449
3755.000 0.407
3760.000 0.372
3765.000 0.344
3770.000 0.331
3775.000 0.310
3780.000 0.291
3785.000 0.273
3790.000 0.260
3795.000 0.246
3800.000 0.235
3805.000 0.225
3810.000 0.217
3815.000 0.209
3820.000 0.203
3825.000 0.199
3830.000 0.193
3835.000 0.188
3840.000 0.183
3845.000 0.179
3850.000 0.175
3855.000 0.170
3860.000 0.166
3865.000 0.162
3870.000 0.159
3875.000 0.157
3880.000 0.153
3885.000 0.149
3890.000 0.149
3895.000 0.146
3900.000 0.143
3905.000 0.142
3910.000 0.140
3915.000 0.137
3920.000 0.135
3925.000 0.133
3930.000 0.131
3935.000 0.128
3940.000 0.129
3945.000 0.127
3950.000 0.126
3955.000 0.123
3960.000 0.125
3965.000 0.122
3970.000 0.117
3975.000 0.119
3980.000 0.117
3985.000 0.115
3990.000 0.114
3995.000 0.112
4000.000 0.114
4005.000 0.110
4010.000 0.108
4015.000 0.109
4020.000 0.113
4025.000 0.111
4030.000 0.111
4035.000 0.106
4040.000 0.107
4045.000 0.106
4050.000 0.107
4055.000 0.106
4060.000 0.105
4065.000 0.106
4070.000 0.106
4075.000 0.105
4080.000 0.104
4085.000 0.104
4090.000 0.104
4095.000 0.103
4100.000 0.102
4105.000 0.102
4110.000 0.101
4115.000 0.103
4120.000 0.101
4125.000 0.102
4130.000 0.103
4135.000 0.101
4140.000 0.101
4145.000 0.101
4150.000 0.101
4155.000 0.101
4160.000 0.101
4165.000 0.100
4170.000 0.101
4175.000 0.101
4180.000 0.101
4185.000 0.100
4190.000 0.101
4195.000 0.100
4200.000 0.101
4205.000 0.101
4210.000 0.100
4215.000 0.099
4220.000 0.100
4225.000 0.100
4230.000 0.100
4235.000 0.100
4240.000 0.100
4245.000 0.098
4250.000 0.099
4255.000 0.098
4260.000 0.098
4265.000 0.098
4270.000 0.097
4275.000 0.096
4280.000 0.096
4285.000 0.096
4290.000 0.095
4295.000 0.094
4300.000 0.094
4305.000 0.093
4310.000 0.091
4315.000 0.090
4320.000 0.091
4325.000 0.090
4330.000 0.089
4335.000 0.088
4340.000 0.089
4345.000 0.088
4350.000 0.087
4355.000 0.088
4360.000 0.086
4365.000 0.087
4370.000 0.086
4375.000 0.087
4380.000 0.086
4385.000 0.086
4390.000 0.086
4395.000 0.086
4400.000 0.086
4405.000 0.085
4410.000 0.085
4415.000 0.086
4420.000 0.087
4425.000 0.086
4430.000 0.085
4435.000 0.086
4440.000 0.085
4445.000 0.086
4450.000 0.086
4455.000 0.086
4460.000 0.087
4465.000 0.087
4470.000 0.087
4475.000 0.087
4480.000 0.087
4485.000 0.087
4490.000 0.086
4495.000 0.087
4500.000 0.087
4505.000 0.088
4510.000 0.087
4515.000 0.088
4520.000 0.087
4525.000 0.088
4530.000 0.088
4535.000 0.087
4540.000 0.087
4545.000 0.088
4550.000 0.088
4555.000 0.088
4560.000 0.088
4565.000 0.089
4570.000 0.089
4575.000 0.089
4580.000 0.090
4585.000 0.089
4590.000 0.090
4595.000 0.089
4600.000 0.090
4605.000 0.090
4610.000 0.091
4615.000 0.091
4620.000 0.090
4625.000 0.092
4630.000 0.090
4635.000 0.092
4640.000 0.092
4645.000 0.092
4650.000 0.092
4655.000 0.094
4660.000 0.093
4665.000 0.095
4670.000 0.095
4675.000 0.094
4680.000 0.095
4685.000 0.096
4690.000 0.098
4695.000 0.095
4700.000 0.096
4705.000 0.098
4710.000 0.098
4715.000 0.100
4720.000 0.099
4725.000 0.101
4730.000 0.103
4735.000 0.103
4740.000 0.105
4745.000 0.105
4750.000 0.107
4755.000 0.108
4760.000 0.109
4765.000 0.111
4770.000 0.112
4775.000 0.116
4780.000 0.117
4785.000 0.119
4790.000 0.122
4795.000 0.126
4800.000 0.130
4805.000 0.132
4810.000 0.137
4815.000 0.143
4820.000 0.149
4825.000 0.154
4830.000 0.163
4835.000 0.173
4840.000 0.184
4845.000 0.193
4850.000 0.204
4855.000 0.215
4860.000 0.221
4865.000 0.234
4870.000 0.247
4875.000 0.266
4880.000 0.288
4885.000 0.315
4890.000 0.348
4895.000 0.395
4900.000 0.458
4905.000 0.557
4910.000 0.701
4915.000 0.954
4920.000 1.423
4925.000 1.797
4930.000 2.904
4935.000 4.534
4940.000 4.551
4945.000 2.385
4950.000 3.767
4955.000 4.844
4960.000 3.763
4965.000 2.175
4970.000 1.577
4975.000 1.127
4980.000 0.886
4985.000 0.786
4990.000 0.649
4995.000 0.550
5000.000 0.488
5005.000 0.432
5010.000 0.390
5015.000 0.351
5020.000 0.327
5025.000 0.305
5030.000 0.282
5035.000 0.264
5040.000 0.247
5045.000 0.237
5050.000 0.236
5055.000 0.225
5060.000 0.217
5065.000 0.209
5070.000 0.201
5075.000 0.196
5080.000 0.190
5085.000 0.187
5090.000 0.182
5095.000 0.246
5100.000 0.226
5105.000 0.217
5110.000 0.414
5115.000 0.581
5120.000 0.486
5125.000 0.411
5130.000 0.339
5135.000 0.285
5140.000 0.249
5145.000 0.221
5150.000 0.202
5155.000 0.186
5160.000 0.175
5165.000 0.170
5170.000 0.162
5175.000 0.157
5180.000 0.151
5185.000 0.147
5190.000 0.142
5195.000 0.139
5200.000 0.137
5205.000 0.134
5210.000 0.132
5215.000 0.131
5220.000 0.128
5225.000 0.127
5230.000 0.126
5235.000 0.125
5240.000 0.122
5245.000 0.122
5250.000 0.120
5255.000 0.120
5260.000 0.119
5265.000 0.117
5270.000 0.117
5275.000 0.115
5280.000 0.114
5285.000 0.113
5290.000 0.113
5295.000 0.111
5300.000 0.110
5305.000 0.111
5310.000 0.109
5315.000 0.108
5320.000 0.106
5325.000 0.106
5330.000 0.105
5335.000 0.105
5340.000 0.104
5345.000 0.103
5350.000 0.103
5355.000 0.102
5360.000 0.101
5365.000 0.100
5370.000 0.100
5375.000 0.098
5380.000 0.098
5385.000 0.097
5390.000 0.097
5395.000 0.097
5400.000 0.096
5405.000 0.096
5410.000 0.095
5415.000 0.094
5420.000 0.094
5425.000 0.093
5430.000 0.093
5435.000 0.094
5440.000 0.091
5445.000 0.091
5450.000 0.092
5455.000 0.091
5460.000 0.090
5465.000 0.091
5470.000 0.091
5475.000 0.090
5480.000 0.090
5485.000 0.089
5490.000 0.089
5495.000 0.089
5500.000 0.089
5505.000 0.090
5510.000 0.089
5515.000 0.089
5520.000 0.088
5525.000 0.090
5530.000 0.090
5535.000 0.089
5540.000 0.089
5545.000 0.090
5550.000 0.090
5555.000 0.089
5560.000 0.089
5565.000 0.090
5570.000 0.089
5575.000 0.090
5580.000 0.090
5585.000 0.090
5590.000 0.091
5595.000 0.090
5600.000 0.090
5605.000 0.090
5610.000 0.092
5615.000 0.091
5620.000 0.091
5625.000 0.091
5630.000 0.091
5635.000 0.092
5640.000 0.093
5645.000 0.092
5650.000 0.092
5655.000 0.094
5660.000 0.094
5665.000 0.094
5670.000 0.094
5675.000 0.095
5680.000 0.095
5685.000 0.095
5690.000 0.096
5695.000 0.095
5700.000 0.097
5705.000 0.097
5710.000 0.097
5715.000 0.097
5720.000 0.097
5725.000 0.098
5730.000 0.098
5735.000 0.100
5740.000 0.100
5745.000 0.100
5750.000 0.102
5755.000 0.102
5760.000 0.102
5765.000 0.103
5770.000 0.103
5775.000 0.105
5780.000 0.105
5785.000 0.105
5790.000 0.107
5795.000 0.106
5800.000 0.107
5805.000 0.108
5810.000 0.109
5815.000 0.109
5820.000 0.110
5825.000 0.112
5830.000 0.112
5835.000 0.114
5840.000 0.115
5845.000 0.116
5850.000 0.116
5855.000 0.117
5860.000 0.119
5865.000 0.120
5870.000 0.122
5875.000 0.123
5880.000 0.124
5885.000 0.126
5890.000 0.128
5895.000 0.130
5900.000 0.131
5905.000 0.133
5910.000 0.135
5915.000 0.137
5920.000 0.140
5925.000 0.141
5930.000 0.144
5935.000 0.148
5940.000 0.149
5945.000 0.153
5950.000 0.157
5955.000 0.162
5960.000 0.162
5965.000 0.166
5970.000 0.175
5975.000 0.178
5980.000 0.185
5985.000 0.193
5990.000 0.198
5995.000 0.206
6000.000 0.216
6005.000 0.217
6010.000 0.222
6015.000 0.235
6020.000 0.232
6025.000 0.243
6030.000 0.246
6035.000 0.251
6040.000 0.259
6045.000 0.269
6050.000 0.285
6055.000 0.293
6060.000 0.305
6065.000 0.317
6070.000 0.332
6075.000 0.340
6080.000 0.354
6085.000 0.374
6090.000 0.394
6095.000 0.416
6100.000 0.440
6105.000 0.470
6110.000 0.506
6115.000 0.545
6120.000 0.595
6125.000 0.656
6130.000 0.734
6135.000 0.834
6140.000 0.896
6145.000 1.056
6150.000 1.281
6155.000 1.614
6160.000 2.119
6165.000 2.895
6170.000 4.050
6175.000 5.630
6180.000 7.443
6185.000 9.011
6190.000 9.246
6195.000 7.414
6200.000 6.141
6205.000 3.849
6210.000 2.854
6215.000 2.108
6220.000 1.623
6225.000 1.285
6230.000 1.061
6235.000 0.987
6240.000 0.810
6245.000 0.676
6250.000 0.572
6255.000 0.495
6260.000 0.438
6265.000 0.414
6270.000 0.375
6275.000 0.344
6280.000 0.318
6285.000 0.298
6290.000 0.281
6295.000 0.266
6300.000 0.253
6305.000 0.246
6310.000 0.233
6315.000 0.226
6320.000 0.222
6325.000 0.214
6330.000 0.208
6335.000 0.202
6340.000 0.197
6345.000 0.193
6350.000 0.188
6355.000 0.184
6360.000 0.180
6365.000 0.177
6370.000 0.175
6375.000 0.172
6380.000 0.171
6385.000 0.168
6390.000 0.166
6395.000 0.165
6400.000 0.162
6405.000 0.160
6410.000 0.160
6415.000 0.158
6420.000 0.155
6425.000 0.154
6430.000 0.154
6435.000 0.153
6440.000 0.151
6445.000 0.151
6450.000 0.151
6455.000 0.150
6460.000 0.150
6465.000 0.150
6470.000 0.151
6475.000 0.151
6480.000 0.153
6485.000 0.153
6490.000 0.157
6495.000 0.159
6500.000 0.163
6505.000 0.170
6510.000 0.177
6515.000 0.237
6520.000 0.716
6525.000 3.393
6530.000 5.460
6535.000 2.029
6540.000 0.853
6545.000 0.238
6550.000 0.146
6555.000 0.123
6560.000 0.116
6565.000 0.117
6570.000 0.110
6575.000 0.106
6580.000 0.104
6585.000 0.102
6590.000 0.100
6595.000 0.099
6600.000 0.098
6605.000 0.098
6610.000 0.098
6615.000 0.096
6620.000 0.097
6625.000 0.097
6630.000 0.097
6635.000 0.096
6640.000 0.096
6645.000 0.096
6650.000 0.096
6655.000 0.096
6660.000 0.096
6665.000 0.096
6670.000 0.096
6675.000 0.095
6680.000 0.096
6685.000 0.095
6690.000 0.095
6695.000 0.095
6700.000 0.095
6705.000 0.095
6710.000 0.095
6715.000 0.095
6720.000 0.096
6725.000 0.096
6730.000 0.096
6735.000 0.096
6740.000 0.095
6745.000 0.096
6750.000 0.096
6755.000 0.095
6760.000 0.094
6765.000 0.095
6770.000 0.097
6775.000 0.096
6780.000 0.097
6785.000 0.096
6790.000 0.096
6795.000 0.096
6800.000 0.096
6805.000 0.096
6810.000 0.095
6815.000 0.096
6820.000 0.095
6825.000 0.096
6830.000 0.095
6835.000 0.096
6840.000 0.096
6845.000 0.096
6850.000 0.096
6855.000 0.096
6860.000 0.095
6865.000 0.096
6870.000 0.097
6875.000 0.096
6880.000 0.096
6885.000 0.097
6890.000 0.097
6895.000 0.096
6900.000 0.096
6905.000 0.096
6910.000 0.096
6915.000 0.095
6920.000 0.096
6925.000 0.097
6930.000 0.098
6935.000 0.098
6940.000 0.095
6945.000 0.097
6950.000 0.097
6955.000 0.098
6960.000 0.098
6965.000 0.100
6970.000 0.096
6975.000 0.100
6980.000 0.098
6985.000 0.097
6990.000 0.098
6995.000 0.101
7000.000 0.100
7005.000 0.099
7010.000 0.098
7015.000 0.099
7020.000 0.099
7025.000 0.101
7030.000 0.099
7035.000 0.102
7040.000 0.103
7045.000 0.103
7050.000 0.102
7055.000 0.103
7060.000 0.103
7065.000 0.103
7070.000 0.104
7075.000 0.104
7080.000 0.105
7085.000 0.105
7090.000 0.106
7095.000 0.106
7100.000 0.106
7105.000 0.108
7110.000 0.107
7115.000 0.110
7120.000 0.109
7125.000 0.111
7130.000 0.112
7135.000 0.112
7140.000 0.115
7145.000 0.115
7150.000 0.116
7155.000 0.117
7160.000 0.120
7165.000 0.121
7170.000 0.123
7175.000 0.124
7180.000 0.125
7185.000 0.127
7190.000 0.129
7195.000 0.133
7200.000 0.135
7205.000 0.138
7210.000 0.142
7215.000 0.145
7220.000 0.149
7225.000 0.152
7230.000 0.157
7235.000 0.160
7240.000 0.166
7245.000 0.172
7250.000 0.178
7255.000 0.186
7260.000 0.197
7265.000 0.206
7270.000 0.221
7275.000 0.233
7280.000 0.248
7285.000 0.262
7290.000 0.274
7295.000 0.281
7300.000 0.298
7305.000 0.313
7310.000 0.332
7315.000 0.352
7320.000 0.379
7325.000 0.411
7330.000 0.450
7335.000 0.495
7340.000 0.554
7345.000 0.629
7350.000 0.731
7355.000 0.801
7360.000 1.006
7365.000 1.231
7370.000 1.597
7375.000 2.139
7380.000 2.886
7385.000 3.807
7390.000 4.684
7395.000 4.917
7400.000 3.910
7405.000 2.431
7410.000 1.518
7415.000 1.320
7420.000 1.307
7425.000 1.158
7430.000 0.966
7435.000 0.816
7440.000 0.707
7445.000 0.635
7450.000 0.580
7455.000 0.538
7460.000 0.496
7465.000 0.466
7470.000 0.440
7475.000 0.415
7480.000 0.404
7485.000 0.385
7490.000 0.360
7495.000 0.336
7500.000 0.319
7505.000 0.303
7510.000 0.289
7515.000 0.275
7520.000 0.263
7525.000 0.255
7530.000 0.244
7535.000 0.237
7540.000 0.232
7545.000 0.225
7550.000 0.218
7555.000 0.212
7560.000 0.207
7565.000 0.202
7570.000 0.199
7575.000 0.196
7580.000 0.192
7585.000 0.188
7590.000 0.183
7595.000 0.180
7600.000 0.176
7605.000 0.175
7610.000 0.172
7615.000 0.168
7620.000 0.165
7625.000 0.162
7630.000 0.161
7635.000 0.158
7640.000 0.158
7645.000 0.156
7650.000 0.153
7655.000 0.151
7660.000 0.149
7665.000 0.148
7670.000 0.147
7675.000 0.144
7680.000 0.144
7685.000 0.142
7690.000 0.139
7695.000 0.138
7700.000 0.137
7705.000 0.136
7710.000 0.134
7715.000 0.133
7720.000 0.131
7725.000 0.131
7730.000 0.129
7735.000 0.128
7740.000 0.127
7745.000 0.125
7750.000 0.125
7755.000 0.123
7760.000 0.122
7765.000 0.121
7770.000 0.120
7775.000 0.119
7780.000 0.117
7785.000 0.117
7790.000 0.116
7795.000 0.114
7800.000 0.114
7805.000 0.112
7810.000 0.110
7815.000 0.109
7820.000 0.108
7825.000 0.106
7830.000 0.105
7835.000 0.104
7840.000 0.105
7845.000 0.102
7850.000 0.101
7855.000 0.098
7860.000 0.096
7865.000 0.094
7870.000 0.093
7875.000 0.092
7880.000 0.089
7885.000 0.088
7890.000 0.085
7895.000 0.083
7900.000 0.081
7905.000 0.080
7910.000 0.077
7915.000 0.076
7920.000 0.073
7925.000 0.071
7930.000 0.070
7935.000 0.067
7940.000 0.068
7945.000 0.068
7950.000 0.073
7955.000 0.077
7960.000 0.091
7965.000 0.100
7970.000 0.126
7975.000 0.171
7980.000 0.269
7985.000 0.506
7990.000 0.977
7995.000 1.703
8000.000 2.908
8005.000 4.577
8010.000 2.864
8015.000 1.436
8020.000 0.977
8025.000 0.700
8030.000 0.618
8035.000 0.501
8040.000 0.414
8045.000 0.355
8050.000 0.314
8055.000 0.288
8060.000 0.267
8065.000 0.247
8070.000 0.236
8075.000 0.224
8080.000 0.214
8085.000 0.210
8090.000 0.204
8095.000 0.197
8100.000 0.191
8105.000 0.187
8110.000 0.182
8115.000 0.180
8120.000 0.175
8125.000 0.173
8130.000 0.170
8135.000 0.168
8140.000 0.167
8145.000 0.165
8150.000 0.163
8155.000 0.161
8160.000 0.160
8165.000 0.158
8170.000 0.158
8175.000 0.156
8180.000 0.154
8185.000 0.154
8190.000 0.152
8195.000 0.151
8200.000 0.150
8205.000 0.149
8210.000 0.149
8215.000 0.149
8220.000 0.148
8225.000 0.147
8230.000 0.146
8235.000 0.145
8240.000 0.145
8245.000 0.145
8250.000 0.144
8255.000 0.144
8260.000 0.143
8265.000 0.143
8270.000 0.142
8275.000 0.142
8280.000 0.141
8285.000 0.141
8290.000 0.141
8295.000 0.140
8300.000 0.138
8305.000 0.139
8310.000 0.137
8315.000 0.138
8320.000 0.136
8325.000 0.136
8330.000 0.136
8335.000 0.136
8340.000 0.135
8345.000 0.136
8350.000 0.134
8355.000 0.135
8360.000 0.134
8365.000 0.134
8370.000 0.134
8375.000 0.134
8380.000 0.134
8385.000 0.135
8390.000 0.133
8395.000 0.135
8400.000 0.134
8405.000 0.137
8410.000 0.138
8415.000 0.139
8420.000 0.142
8425.000 0.144
8430.000 0.151
8435.000 0.158
8440.000 0.169
8445.000 0.184
8450.000 0.208
8455.000 0.227
8460.000 0.301
8465.000 0.470
8470.000 0.889
8475.000 1.792
8480.000 2.920
8485.000 2.422
8490.000 0.696
8495.000 0.427
8500.000 0.356
8505.000 0.261
8510.000 0.232
8515.000 0.226
8520.000 0.216
8525.000 0.220
8530.000 0.238
8535.000 0.276
8540.000 0.329
8545.000 0.408
8550.000 0.537
8555.000 0.728
8560.000 1.037
8565.000 1.479
8570.000 1.739
8575.000 2.243
8580.000 2.602
8585.000 2.630
8590.000 2.334
8595.000 1.914
8600.000 1.531
8605.000 1.216
8610.000 0.935
8615.000 0.685
8620.000 0.471
8625.000 0.293
8630.000 0.232
8635.000 0.236
8640.000 0.254
8645.000 0.262
8650.000 0.268
8655.000 0.270
8660.000 0.270
8665.000 0.269
8670.000 0.268
8675.000 0.268
8680.000 0.263
8685.000 0.263
8690.000 0.262
8695.000 0.261
8700.000 0.258
8705.000 0.256
8710.000 0.256
8715.000 0.252
8720.000 0.251
8725.000 0.251
8730.000 0.248
8735.000 0.248
8740.000 0.244
8745.000 0.243
8750.000 0.243
8755.000 0.243
8760.000 0.243
8765.000 0.242
8770.000 0.241
8775.000 0.240
8780.000 0.239
8785.000 0.239
8790.000 0.239
8795.000 0.239
8800.000 0.238
8805.000 0.238
8810.000 0.237
8815.000 0.241
8820.000 0.244
8825.000 0.241
8830.000 0.250
8835.000 0.253
8840.000 0.247
8845.000 0.244
8850.000 0.240
8855.000 0.237
8860.000 0.234
8865.000 0.236
8870.000 0.237
8875.000 0.236
8880.000 0.235
8885.000 0.235
8890.000 0.234
8895.000 0.234
8900.000 0.233
8905.000 0.232
8910.000 0.234
8915.000 0.234
8920.000 0.235
8925.000 0.232
8930.000 0.233
8935.000 0.234
8940.000 0.233
8945.000 0.233
8950.000 0.233
8955.000 0.235
8960.000 0.231
8965.000 0.234
8970.000 0.233
8975.000 0.234
8980.000 0.234
8985.000 0.230
8990.000 0.235
8995.000 0.236
9000.000 0.238
9005.000 0.233
9010.000 0.233
9015.000 0.233
9020.000 0.237
9025.000 0.238
9030.000 0.239
9035.000 0.235
9040.000 0.235
9045.000 0.235
9050.000 0.237
9055.000 0.233
9060.000 0.235
9065.000 0.238
9070.000 0.235
9075.000 0.236
9080.000 0.236
9085.000 0.236
9090.000 0.238
9095.000 0.238
9100.000 0.237
9105.000 0.237
9110.000 0.237
9115.000 0.240
9120.000 0.237
9125.000 0.238
9130.000 0.237
9135.000 0.239
9140.000 0.240
9145.000 0.240
9150.000 0.241
9155.000 0.243
9160.000 0.243
9165.000 0.243
9170.000 0.244
9175.000 0.245
9180.000 0.245
9185.000 0.245
9190.000 0.247
9195.000 0.248
9200.000 0.250
9205.000 0.252
9210.000 0.252
9215.000 0.253
9220.000 0.253
9225.000 0.256
9230.000 0.259
9235.000 0.259
9240.000 0.260
9245.000 0.260
9250.000 0.261
9255.000 0.262
9260.000 0.264
9265.000 0.267
9270.000 0.268
9275.000 0.269
9280.000 0.272
9285.000 0.275
9290.000 0.279
9295.000 0.280
9300.000 0.283
9305.000 0.285
9310.000 0.289
9315.000 0.294
9320.000 0.299
9325.000 0.302
9330.000 0.308
9335.000 0.315
9340.000 0.321
9345.000 0.331
9350.000 0.338
9355.000 0.353
9360.000 0.365
9365.000 0.374
9370.000 0.392
9375.000 0.417
9380.000 0.452
9385.000 0.503
9390.000 0.595
9395.000 0.768
9400.000 1.142
9405.000 1.803
9410.000 2.225
9415.000 1.191
9420.000 0.351
9425.000 0.323
9430.000 0.045
9435.000 0.096
9440.000 0.090
9445.000 0.102
9450.000 0.114
9455.000 0.125
9460.000 0.135
9465.000 0.148
9470.000 0.160
9475.000 0.170
9480.000 0.181
9485.000 0.190
9490.000 0.194
9495.000 0.202
9500.000 0.210
9505.000 0.216
9510.000 0.219
9515.000 0.224
9520.000 0.231
9525.000 0.234
9530.000 0.278
9535.000 0.285
9540.000 0.277
9545.000 0.275
9550.000 0.270
9555.000 0.269
9560.000 0.270
9565.000 0.271
9570.000 0.279
9575.000 0.282
9580.000 0.286
9585.000 0.293
9590.000 0.301
9595.000 0.305
9600.000 0.316
9605.000 0.320
9610.000 0.325
9615.000 0.342
9620.000 0.346
9625.000 0.355
9630.000 0.365
9635.000 0.516
9640.000 0.566
9645.000 0.536
9650.000 0.508
9655.000 0.493
9660.000 0.482
9665.000 0.478
9670.000 0.483
9675.000 0.499
9680.000 0.525
9685.000 0.555
9690.000 0.590
9695.000 0.632
9700.000 0.685
9705.000 0.750
9710.000 0.838
9715.000 0.952
9720.000 1.112
9725.000 1.325
9730.000 1.455
9735.000 1.755
9740.000 2.050
9745.000 2.189
9750.000 2.014
9755.000 1.640
9760.000 1.243
9765.000 0.919
9770.000 0.699
9775.000 0.543
9780.000 0.439
9785.000 0.402
9790.000 0.356
9795.000 0.350
9800.000 0.365
9805.000 0.357
9810.000 0.316
9815.000 0.287
9820.000 0.262
9825.000 0.236
9830.000 0.212
9835.000 0.187
9840.000 0.165
9845.000 0.145
9850.000 0.135
9855.000 0.118
9860.000 0.104
9865.000 0.095
9870.000 0.086
9875.000 0.078
9880.000 0.070
9885.000 0.063
9890.000 0.056
9895.000 0.051
9900.000 0.045
9905.000 0.042
9910.000 0.040
9915.000 0.036
9920.000 0.034
9925.000 0.032
9930.000 0.029
9935.000 0.028
9940.000 0.027
9945.000 0.027
9950.000 0.028
9955.000 0.025
9960.000 0.027
9965.000 0.026
9970.000 0.030
9975.000 0.028
9980.000 0.030
9985.000 0.030
9990.000 0.030
9995.000 0.032
10000.000 0.034
10005.000 0.032
10010.000 0.034
10015.000 0.037
10020.000 0.034
10025.000 0.035
10030.000 0.038
10035.000 0.036
10040.000 0.039
10045.000 0.039
10050.000 0.038
10055.000 0.038
10060.000 0.038
10065.000 0.039
10070.000 0.039
10075.000 0.040
10080.000 0.042
10085.000 0.049
10090.000 0.071
10095.000 0.099
10100.000 0.305
10105.000 1.085
10110.000 1.334
10115.000 0.818
10120.000 0.393
10125.000 0.256
10130.000 0.184
10135.000 0.158
10140.000 0.139
10145.000 0.125
10150.000 0.115
10155.000 0.112
10160.000 0.106
10165.000 0.102
10170.000 0.100
10175.000 0.099
10180.000 0.098
10185.000 0.098
10190.000 0.097
10195.000 0.098
10200.000 0.097
10205.000 0.097
10210.000 0.098
10215.000 0.097
10220.000 0.098
10225.000 0.097
10230.000 0.099
10235.000 0.099
10240.000 0.119
10245.000 0.117
10250.000 0.112
10255.000 0.110
10260.000 0.112
10265.000 0.111
10270.000 0.109
10275.000 0.108
10280.000 0.106
10285.000 0.105
10290.000 0.104
10295.000 0.103
10300.000 0.105
10305.000 0.105
10310.000 0.105
10315.000 0.104
10320.000 0.106
10325.000 0.108
10330.000 0.108
10335.000 0.107
10340.000 0.109
10345.000 0.110
10350.000 0.109
10355.000 0.110
10360.000 0.111
10365.000 0.110
10370.000 0.111
10375.000 0.113
10380.000 0.111
10385.000 0.115
10390.000 0.116
10395.000 0.114
10400.000 0.116
10405.000 0.117
10410.000 0.116
10415.000 0.118
10420.000 0.119
10425.000 0.121
10430.000 0.125
10435.000 0.123
10440.000 0.122
10445.000 0.122
10450.000 0.122
10455.000 0.123
10460.000 0.123
10465.000 0.124
10470.000 0.124
10475.000 0.124
10480.000 0.124
10485.000 0.124
10490.000 0.125
10495.000 0.127
10500.000 0.127
10505.000 0.125
10510.000 0.128
10515.000 0.126
10520.000 0.131
10525.000 0.130
10530.000 0.131
10535.000 0.132
10540.000 0.132
10545.000 0.134
10550.000 0.133
10555.000 0.136
10560.000 0.136
10565.000 0.137
10570.000 0.139
10575.000 0.139
10580.000 0.138
10585.000 0.140
10590.000 0.141
10595.000 0.143
10600.000 0.143
10605.000 0.146
10610.000 0.147
10615.000 0.148
10620.000 0.149
10625.000 0.150
10630.000 0.155
10635.000 0.154
10640.000 0.154
10645.000 0.157
10650.000 0.159
10655.000 0.160
10660.000 0.162
10665.000 0.168
10670.000 0.170
10675.000 0.175
10680.000 0.180
10685.000 0.181
10690.000 0.186
10695.000 0.192
10700.000 0.196
10705.000 0.199
10710.000 0.208
10715.000 0.216
10720.000 0.227
10725.000 0.237
10730.000 0.253
10735.000 0.273
10740.000 0.301
10745.000 0.347
10750.000 0.409
10755.000 0.508
10760.000 0.574
10765.000 0.723
10770.000 0.816
10775.000 0.722
10780.000 0.447
10785.000 0.237
10790.000 0.143
10795.000 0.136
10800.000 0.186
10805.000 0.157
10810.000 0.076
10815.000 0.043
10820.000 0.029
10825.000 0.015
10830.000 0.009
10835.000 0.013
10840.000 0.018
10845.000 0.024
10850.000 0.028
10855.000 0.032
10860.000 0.036
10865.000 0.040
10870.000 0.045
10875.000 0.049
10880.000 0.054
10885.000 0.059
10890.000 0.071
10895.000 0.092
10900.000 0.128
10905.000 0.187
10910.000 0.251
10915.000 0.298
10920.000 0.319
10925.000 0.318
10930.000 0.314
10935.000 0.308
10940.000 0.304
10945.000 0.306
10950.000 0.306
10955.000 0.316
10960.000 0.326
10965.000 0.342
10970.000 0.363
10975.000 0.368
10980.000 0.349
10985.000 0.301
10990.000 0.230
10995.000 0.163
11000.000 0.112
11005.000 0.086
11010.000 0.055
11015.000 0.033
11020.000 0.017
11025.000 0.007
11030.000 0.007
11035.000 0.015
11040.000 0.020
11045.000 0.025
11050.000 0.028
11055.000 0.032
11060.000 0.035
11065.000 0.038
11070.000 0.040
11075.000 0.044
11080.000 0.047
11085.000 0.049
11090.000 0.052
11095.000 0.053
11100.000 0.057
11105.000 0.060
11110.000 0.062
11115.000 0.065
11120.000 0.065
11125.000 0.065
11130.000 0.067
11135.000 0.067
11140.000 0.067
11145.000 0.069
11150.000 0.070
11155.000 0.069
11160.000 0.071
11165.000 0.072
11170.000 0.072
11175.000 0.072
11180.000 0.074
11185.000 0.073
11190.000 0.072
11195.000 0.076
11200.000 0.075
11205.000 0.075
11210.000 0.074
11215.000 0.077
11220.000 0.076
11225.000 0.079
11230.000 0.077
11235.000 0.076
11240.000 0.077
11245.000 0.078
11250.000 0.076
11255.000 0.077
11260.000 0.078
11265.000 0.077
11270.000 0.080
11275.000 0.078
11280.000 0.079
11285.000 0.079
11290.000 0.079
11295.000 0.079
11300.000 0.078
11305.000 0.076
11310.000 0.076
11315.000 0.078
11320.000 0.078
11325.000 0.078
11330.000 0.078
11335.000 0.078
11340.000 0.078
11345.000 0.078
11350.000 0.077
11355.000 0.076
11360.000 0.077
11365.000 0.076
11370.000 0.076
11375.000 0.075
11380.000 0.074
11385.000 0.075
11390.000 0.075
11395.000 0.074
11400.000 0.074
11405.000 0.073
11410.000 0.074
11415.000 0.074
11420.000 0.072
11425.000 0.071
11430.000 0.072
11435.000 0.071
11440.000 0.071
11445.000 0.071
11450.000 0.068
11455.000 0.068
11460.000 0.068
11465.000 0.068
11470.000 0.067
11475.000 0.066
11480.000 0.065
11485.000 0.065
11490.000 0.062
11495.000 0.061
11500.000 0.059
11505.000 0.057
11510.000 0.057
11515.000 0.056
11520.000 0.054
11525.000 0.053
11530.000 0.051
11535.000 0.050
11540.000 0.046
11545.000 0.044
11550.000 0.043
11555.000 0.043
11560.000 0.038
11565.000 0.037
11570.000 0.034
11575.000 0.032
11580.000 0.030
11585.000 0.030
11590.000 0.031
11595.000 0.038
11600.000 0.047
11605.000 0.069
11610.000 0.104
11615.000 0.133
11620.000 0.215
11625.000 0.344
11630.000 0.539
11635.000 0.767
11640.000 0.670
11645.000 0.869
11650.000 1.174
11655.000 0.627
11660.000 0.502
11665.000 0.395
11670.000 0.323
11675.000 0.294
11680.000 0.245
11685.000 0.211
11690.000 0.185
11695.000 0.164
11700.000 0.150
11705.000 0.137
11710.000 0.130
11715.000 0.124
11720.000 0.118
11725.000 0.114
11730.000 0.111
11735.000 0.107
11740.000 0.105
11745.000 0.102
11750.000 0.099
11755.000 0.097
11760.000 0.095
11765.000 0.093
11770.000 0.089
11775.000 0.086
11780.000 0.085
11785.000 0.084
11790.000 0.081
11795.000 0.079
11800.000 0.078
11805.000 0.075
11810.000 0.075
11815.000 0.073
11820.000 0.071
11825.000 0.070
11830.000 0.066
11835.000 0.066
11840.000 0.063
11845.000 0.062
11850.000 0.061
11855.000 0.057
11860.000 0.057
11865.000 0.057
11870.000 0.055
11875.000 0.054
11880.000 0.053
11885.000 0.052
11890.000 0.052
11895.000 0.054
11900.000 0.054
11905.000 0.056
11910.000 0.057
11915.000 0.059
11920.000 0.059
11925.000 0.061
11930.000 0.062
11935.000 0.064
11940.000 0.065
11945.000 0.061
11950.000 0.054
11955.000 0.082
11960.000 0.289
11965.000 0.564
11970.000 0.499
11975.000 0.493
11980.000 0.516
11985.000 0.534
11990.000 0.584
11995.000 0.653
12000.000 0.739
