105.000 0.008
110.000 0.399
115.000 0.845
120.000 0.997
125.000 1.104
130.000 1.230
135.000 1.306
140.000 1.309
145.000 1.326
150.000 1.331
155.000 1.305
160.000 1.260
165.000 1.253
170.000 1.240
175.000 1.210
180.000 1.210
185.000 1.200
190.000 1.204
195.000 1.240
200.000 1.244
205.000 1.232
210.000 1.239
215.000 1.276
220.000 1.298
225.000 1.297
230.000 1.314
235.000 1.366
240.000 1.350
245.000 1.389
250.000 1.384
255.000 1.414
260.000 1.437
265.000 1.415
270.000 1.429
275.000 1.477
280.000 1.467
285.000 1.463
290.000 1.459
295.000 1.450
300.000 1.460
305.000 1.452
310.000 1.450
315.000 1.446
320.000 1.498
325.000 1.508
330.000 1.582
335.000 1.604
340.000 1.656
345.000 1.743
350.000 1.797
355.000 1.869
360.000 1.955
365.000 2.062
370.000 2.174
375.000 2.276
380.000 2.340
385.000 2.457
390.000 2.575
395.000 2.707
400.000 2.813
405.000 2.905
410.000 2.941
415.000 2.938
420.000 2.848
425.000 2.662
430.000 2.426
435.000 2.148
440.000 1.857
445.000 1.721
450.000 1.488
455.000 1.303
460.000 1.147
465.000 1.025
470.000 0.940
475.000 0.887
480.000 0.822
485.000 0.767
490.000 0.728
495.000 0.685
500.000 0.665
505.000 0.621
510.000 0.586
515.000 0.553
520.000 0.524
525.000 0.501
530.000 0.476
535.000 0.449
540.000 0.430
545.000 0.413
550.000 0.389
555.000 0.368
560.000 0.359
565.000 0.341
570.000 0.325
575.000 0.310
580.000 0.295
585.000 0.282
590.000 0.270
595.000 0.257
600.000 0.248
605.000 0.240
610.000 0.230
615.000 0.224
620.000 0.218
625.000 0.212
630.000 0.205
635.000 0.206
640.000 0.199
645.000 0.190
650.000 0.185
655.000 0.178
660.000 0.174
665.000 0.176
670.000 0.173
675.000 0.168
680.000 0.164
685.000 0.161
690.000 0.160
695.000 0.158
700.000 0.155
705.000 0.151
710.000 0.149
715.000 0.145
720.000 0.146
725.000 0.140
730.000 0.142
735.000 0.137
740.000 0.137
745.000 0.136
750.000 0.132
755.000 0.132
760.000 0.131
765.000 0.132
770.000 0.123
775.000 0.127
780.000 0.128
785.000 0.124
790.000 0.124
795.000 0.123
800.000 0.125
805.000 0.120
810.000 0.124
815.000 0.126
820.000 0.122
825.000 0.119
830.000 0.117
835.000 0.118
840.000 0.118
845.000 0.114
850.000 0.117
855.000 0.118
860.000 0.114
865.000 0.115
870.000 0.113
875.000 0.114
880.000 0.114
885.000 0.114
890.000 0.112
895.000 0.111
900.000 0.109
905.000 0.113
910.000 0.109
915.000 0.108
920.000 0.110
925.000 0.109
930.000 0.107
935.000 0.109
940.000 0.107
945.000 0.106
950.000 0.107
955.000 0.112
960.000 0.108
965.000 0.109
970.000 0.111
975.000 0.111
980.000 0.110
985.000 0.108
990.000 0.108
995.000 0.108
1000.000 0.113
1005.000 0.109
1010.000 0.103
1015.000 0.105
1020.000 0.111
1025.000 0.111
1030.000 0.105
1035.000 0.110
1040.000 0.105
1045.000 0.110
1050.000 0.109
1055.000 0.106
1060.000 0.109
1065.000 0.109
1070.000 0.107
1075.000 0.108
1080.000 0.109
1085.000 0.107
1090.000 0.106
1095.000 0.107
1100.000 0.109
1105.000 0.105
1110.000 0.104
1115.000 0.107
1120.000 0.106
1125.000 0.108
1130.000 0.106
1135.000 0.104
1140.000 0.107
1145.000 0.108
1150.000 0.107
1155.000 0.106
1160.000 0.107
1165.000 0.106
1170.000 0.108
1175.000 0.107
1180.000 0.109
1185.000 0.107
1190.000 0.106
1195.000 0.110
1200.000 0.108
1205.000 0.108
1210.000 0.108
1215.000 0.109
1220.000 0.108
1225.000 0.109
1230.000 0.110
1235.000 0.109
1240.000 0.107
1245.000 0.109
1250.000 0.110
1255.000 0.110
1260.000 0.111
1265.000 0.109
1270.000 0.111
1275.000 0.111
1280.000 0.112
1285.000 0.114
1290.000 0.114
1295.000 0.110
1300.000 0.114
1305.000 0.112
1310.000 0.112
1315.000 0.113
1320.000 0.113
1325.000 0.113
1330.000 0.114
1335.000 0.116
1340.000 0.115
1345.000 0.114
1350.000 0.114
1355.000 0.115
1360.000 0.115
1365.000 0.115
1370.000 0.115
1375.000 0.116
1380.000 0.116
1385.000 0.117
1390.000 0.117
1395.000 0.117
1400.000 0.120
1405.000 0.118
1410.000 0.123
1415.000 0.119
1420.000 0.118
1425.000 0.119
1430.000 0.120
1435.000 0.121
1440.000 0.121
1445.000 0.121
1450.000 0.121
1455.000 0.119
1460.000 0.118
1465.000 0.117
1470.000 0.116
1475.000 0.115
1480.000 0.116
1485.000 0.116
1490.000 0.114
1495.000 0.115
1500.000 0.114
1505.000 0.119
1510.000 0.118
1515.000 0.121
1520.000 0.122
1525.000 0.123
1530.000 0.126
1535.000 0.127
1540.000 0.127
1545.000 0.130
1550.000 0.132
1555.000 0.132
1560.000 0.136
1565.000 0.134
1570.000 0.137
1575.000 0.140
1580.000 0.142
1585.000 0.141
1590.000 0.146
1595.000 0.147
1600.000 0.149
1605.000 0.149
1610.000 0.152
1615.000 0.152
1620.000 0.157
1625.000 0.158
1630.000 0.162
1635.000 0.162
1640.000 0.164
1645.000 0.167
1650.000 0.170
1655.000 0.173
1660.000 0.172
1665.000 0.175
1670.000 0.181
1675.000 0.183
1680.000 0.186
1685.000 0.189
1690.000 0.190
1695.000 0.200
1700.000 0.200
1705.000 0.205
1710.000 0.207
1715.000 0.210
1720.000 0.211
1725.000 0.215
1730.000 0.221
1735.000 0.225
1740.000 0.229
1745.000 0.233
1750.000 0.235
1755.000 0.241
1760.000 0.246
1765.000 0.253
1770.000 0.255
1775.000 0.261
1780.000 0.261
1785.000 0.267
1790.000 0.270
1795.000 0.275
1800.000 0.278
1805.000 0.282
1810.000 0.289
1815.000 0.291
1820.000 0.294
1825.000 0.296
1830.000 0.299
1835.000 0.302
1840.000 0.303
1845.000 0.310
1850.000 0.310
1855.000 0.309
1860.000 0.309
1865.000 0.311
1870.000 0.310
1875.000 0.311
1880.000 0.314
1885.000 0.312
1890.000 0.312
1895.000 0.308
1900.000 0.308
1905.000 0.310
1910.000 0.307
1915.000 0.306
1920.000 0.303
1925.000 0.300
1930.000 0.299
1935.000 0.295
1940.000 0.294
1945.000 0.292
1950.000 0.291
1955.000 0.286
1960.000 0.288
1965.000 0.285
1970.000 0.280
1975.000 0.281
1980.000 0.278
1985.000 0.272
1990.000 0.273
1995.000 0.272
2000.000 0.259
2005.000 0.267
2010.000 0.266
2015.000 0.258
2020.000 0.260
2025.000 0.255
2030.000 0.253
2035.000 0.261
2040.000 0.254
2045.000 0.254
2050.000 0.252
2055.000 0.252
2060.000 0.251
2065.000 0.246
2070.000 0.248
2075.000 0.245
2080.000 0.242
2085.000 0.246
2090.000 0.243
2095.000 0.240
2100.000 0.239
2105.000 0.240
2110.000 0.239
2115.000 0.240
2120.000 0.240
2125.000 0.240
2130.000 0.237
2135.000 0.240
2140.000 0.240
2145.000 0.239
2150.000 0.241
2155.000 0.240
2160.000 0.242
2165.000 0.242
2170.000 0.244
2175.000 0.248
2180.000 0.250
2185.000 0.252
2190.000 0.257
2195.000 0.258
2200.000 0.260
2205.000 0.264
2210.000 0.269
2215.000 0.273
2220.000 0.280
2225.000 0.287
2230.000 0.294
2235.000 0.304
2240.000 0.312
2245.000 0.324
2250.000 0.338
2255.000 0.351
2260.000 0.363
2265.000 0.370
2270.000 0.383
2275.000 0.369
2280.000 0.327
2285.000 0.609
2290.000 4.012
2295.000 9.839
2300.000 9.991
2305.000 3.446
2310.000 1.730
2315.000 0.820
2320.000 0.540
2325.000 0.432
2330.000 0.289
2335.000 0.209
2340.000 0.153
2345.000 0.116
2350.000 0.090
2355.000 0.073
2360.000 0.059
2365.000 0.049
2370.000 0.043
2375.000 0.039
2380.000 0.037
2385.000 0.035
2390.000 0.035
2395.000 0.035
2400.000 0.036
2405.000 0.036
2410.000 0.038
2415.000 0.038
2420.000 0.040
2425.000 0.041
2430.000 0.042
2435.000 0.044
2440.000 0.045
2445.000 0.046
2450.000 0.047
2455.000 0.048
2460.000 0.048
2465.000 0.049
2470.000 0.051
2475.000 0.051
2480.000 0.052
2485.000 0.053
2490.000 0.054
2495.000 0.055
2500.000 0.056
2505.000 0.055
2510.000 0.056
2515.000 0.057
2520.000 0.058
2525.000 0.058
2530.000 0.058
2535.000 0.059
2540.000 0.060
2545.000 0.060
2550.000 0.061
2555.000 0.063
2560.000 0.061
2565.000 0.062
2570.000 0.062
2575.000 0.062
2580.000 0.063
2585.000 0.063
2590.000 0.064
2595.000 0.064
2600.000 0.065
2605.000 0.066
2610.000 0.066
2615.000 0.066
2620.000 0.067
2625.000 0.067
2630.000 0.068
2635.000 0.067
2640.000 0.068
2645.000 0.068
2650.000 0.069
2655.000 0.069
2660.000 0.070
2665.000 0.071
2670.000 0.071
2675.000 0.071
2680.000 0.072
2685.000 0.073
2690.000 0.073
2695.000 0.074
2700.000 0.075
2705.000 0.075
2710.000 0.075
2715.000 0.076
2720.000 0.077
2725.000 0.078
2730.000 0.078
2735.000 0.079
2740.000 0.080
2745.000 0.081
2750.000 0.082
2755.000 0.083
2760.000 0.084
2765.000 0.083
2770.000 0.086
2775.000 0.086
2780.000 0.087
2785.000 0.089
2790.000 0.090
2795.000 0.090
2800.000 0.092
2805.000 0.093
2810.000 0.095
2815.000 0.095
2820.000 0.097
2825.000 0.098
2830.000 0.100
2835.000 0.102
2840.000 0.101
2845.000 0.104
2850.000 0.104
2855.000 0.105
2860.000 0.106
2865.000 0.108
2870.000 0.108
2875.000 0.110
2880.000 0.111
2885.000 0.110
2890.000 0.111
2895.000 0.112
2900.000 0.114
2905.000 0.114
2910.000 0.116
2915.000 0.115
2920.000 0.116
2925.000 0.118
2930.000 0.117
2935.000 0.119
2940.000 0.119
2945.000 0.122
2950.000 0.121
2955.000 0.120
2960.000 0.122
2965.000 0.120
2970.000 0.126
2975.000 0.123
2980.000 0.125
2985.000 0.125
2990.000 0.127
2995.000 0.123
3000.000 0.125
3005.000 0.128
3010.000 0.129
3015.000 0.127
3020.000 0.129
3025.000 0.127
3030.000 0.130
3035.000 0.129
3040.000 0.132
3045.000 0.129
3050.000 0.132
3055.000 0.133
3060.000 0.134
3065.000 0.132
3070.000 0.135
3075.000 0.135
3080.000 0.134
3085.000 0.136
3090.000 0.135
3095.000 0.136
3100.000 0.134
3105.000 0.135
3110.000 0.137
3115.000 0.135
3120.000 0.136
3125.000 0.137
3130.000 0.138
3135.000 0.138
3140.000 0.138
3145.000 0.138
3150.000 0.139
3155.000 0.139
3160.000 0.138
3165.000 0.139
3170.000 0.140
3175.000 0.139
3180.000 0.139
3185.000 0.139
3190.000 0.141
3195.000 0.141
3200.000 0.141
3205.000 0.143
3210.000 0.143
3215.000 0.142
3220.000 0.144
3225.000 0.144
3230.000 0.144
3235.000 0.144
3240.000 0.145
3245.000 0.144
3250.000 0.146
3255.000 0.147
3260.000 0.146
3265.000 0.147
3270.000 0.148
3275.000 0.149
3280.000 0.149
3285.000 0.149
3290.000 0.151
3295.000 0.152
3300.000 0.151
3305.000 0.153
3310.000 0.153
3315.000 0.153
3320.000 0.155
3325.000 0.156
3330.000 0.157
3335.000 0.158
3340.000 0.158
3345.000 0.161
3350.000 0.160
3355.000 0.161
3360.000 0.162
3365.000 0.162
3370.000 0.164
3375.000 0.165
3380.000 0.165
3385.000 0.168
3390.000 0.169
3395.000 0.171
3400.000 0.172
3405.000 0.176
3410.000 0.179
3415.000 0.179
3420.000 0.181
3425.000 0.183
3430.000 0.184
3435.000 0.186
3440.000 0.189
3445.000 0.195
3450.000 0.197
3455.000 0.200
3460.000 0.204
3465.000 0.211
3470.000 0.214
3475.000 0.219
3480.000 0.220
3485.000 0.226
3490.000 0.232
3495.000 0.240
3500.000 0.243
3505.000 0.251
3510.000 0.260
3515.000 0.268
3520.000 0.277
3525.000 0.290
3530.000 0.301
3535.000 0.313
3540.000 0.323
3545.000 0.328
3550.000 0.338
3555.000 0.350
3560.000 0.362
3565.000 0.376
3570.000 0.391
3575.000 0.410
3580.000 0.430
3585.000 0.452
3590.000 0.474
3595.000 0.501
3600.000 0.537
3605.000 0.552
3610.000 0.593
3615.000 0.641
3620.000 0.694
3625.000 0.767
3630.000 0.859
3635.000 0.991
3640.000 1.175
3645.000 1.437
3650.000 1.834
3655.000 2.442
3660.000 3.444
3665.000 4.349
3670.000 7.584
3675.000 13.235
3680.000 15.294
3685.000 12.346
3690.000 6.494
3695.000 4.122
3700.000 2.747
3705.000 1.954
3710.000 1.480
3715.000 1.159
3720.000 0.935
3725.000 0.849
3730.000 0.704
3735.000 0.615
3740.000 0.536
3745.000 0.475
3750.000 0.427
3755.000 0.388
3760.000 0.356
3765.000 0.331
3770.000 0.309
3775.000 0.290
3780.000 0.273
3785.000 0.264
3790.000 0.251
3795.000 0.240
3800.000 0.229
3805.000 0.221
3810.000 0.212
3815.000 0.204
3820.000 0.197
3825.000 0.192
3830.000 0.187
3835.000 0.180
3840.000 0.176
3845.000 0.171
3850.000 0.169
3855.000 0.164
3860.000 0.160
3865.000 0.157
3870.000 0.153
3875.000 0.152
3880.000 0.148
3885.000 0.145
3890.000 0.142
3895.000 0.140
3900.000 0.138
3905.000 0.136
3910.000 0.135
3915.000 0.134
3920.000 0.131
3925.000 0.130
3930.000 0.128
3935.000 0.128
3940.000 0.123
3945.000 0.122
3950.000 0.120
3955.000 0.121
3960.000 0.121
3965.000 0.118
3970.000 0.119
3975.000 0.114
3980.000 0.114
3985.000 0.117
3990.000 0.111
3995.000 0.110
4000.000 0.113
4005.000 0.108
4010.000 0.109
4015.000 0.109
4020.000 0.111
4025.000 0.110
4030.000 0.108
4035.000 0.109
4040.000 0.109
4045.000 0.109
4050.000 0.106
4055.000 0.107
4060.000 0.106
4065.000 0.104
4070.000 0.106
4075.000 0.104
4080.000 0.104
4085.000 0.104
4090.000 0.103
4095.000 0.103
4100.000 0.103
4105.000 0.103
4110.000 0.102
4115.000 0.102
4120.000 0.103
4125.000 0.102
4130.000 0.102
4135.000 0.101
4140.000 0.101
4145.000 0.102
4150.000 0.101
4155.000 0.102
4160.000 0.101
4165.000 0.102
4170.000 0.102
4175.000 0.101
4180.000 0.101
4185.000 0.101
4190.000 0.101
4195.000 0.102
4200.000 0.101
4205.000 0.101
4210.000 0.100
4215.000 0.101
4220.000 0.101
4225.000 0.101
4230.000 0.100
4235.000 0.101
4240.000 0.100
4245.000 0.100
4250.000 0.100
4255.000 0.099
4260.000 0.099
4265.000 0.099
4270.000 0.098
4275.000 0.098
4280.000 0.098
4285.000 0.097
4290.000 0.097
4295.000 0.097
4300.000 0.095
4305.000 0.093
4310.000 0.093
4315.000 0.092
4320.000 0.091
4325.000 0.091
4330.000 0.090
4335.000 0.089
4340.000 0.089
4345.000 0.089
4350.000 0.088
4355.000 0.092
4360.000 0.091
4365.000 0.091
4370.000 0.091
4375.000 0.091
4380.000 0.089
4385.000 0.088
4390.000 0.088
4395.000 0.087
4400.000 0.087
4405.000 0.088
4410.000 0.087
4415.000 0.087
4420.000 0.087
4425.000 0.088
4430.000 0.089
4435.000 0.088
4440.000 0.088
4445.000 0.088
4450.000 0.088
4455.000 0.087
4460.000 0.088
4465.000 0.088
4470.000 0.088
4475.000 0.089
4480.000 0.089
4485.000 0.089
4490.000 0.090
4495.000 0.089
4500.000 0.090
4505.000 0.090
4510.000 0.090
4515.000 0.090
4520.000 0.090
4525.000 0.090
4530.000 0.090
4535.000 0.090
4540.000 0.091
4545.000 0.090
4550.000 0.090
4555.000 0.091
4560.000 0.092
4565.000 0.091
4570.000 0.092
4575.000 0.092
4580.000 0.092
4585.000 0.093
4590.000 0.094
4595.000 0.092
4600.000 0.094
4605.000 0.094
4610.000 0.094
4615.000 0.095
4620.000 0.095
4625.000 0.095
4630.000 0.096
4635.000 0.096
4640.000 0.096
4645.000 0.097
4650.000 0.098
4655.000 0.097
4660.000 0.098
4665.000 0.100
4670.000 0.100
4675.000 0.101
4680.000 0.101
4685.000 0.102
4690.000 0.102
4695.000 0.103
4700.000 0.106
4705.000 0.106
4710.000 0.107
4715.000 0.108
4720.000 0.109
4725.000 0.110
4730.000 0.113
4735.000 0.114
4740.000 0.116
4745.000 0.118
4750.000 0.119
4755.000 0.122
4760.000 0.123
4765.000 0.126
4770.000 0.127
4775.000 0.131
4780.000 0.135
4785.000 0.139
4790.000 0.143
4795.000 0.148
4800.000 0.151
4805.000 0.159
4810.000 0.167
4815.000 0.175
4820.000 0.178
4825.000 0.189
4830.000 0.200
4835.000 0.213
4840.000 0.222
4845.000 0.234
4850.000 0.245
4855.000 0.258
4860.000 0.274
4865.000 0.290
4870.000 0.312
4875.000 0.337
4880.000 0.366
4885.000 0.384
4890.000 0.424
4895.000 0.482
4900.000 0.554
4905.000 0.680
4910.000 0.871
4915.000 1.146
4920.000 1.649
4925.000 2.512
4930.000 3.896
4935.000 5.495
4940.000 5.178
4945.000 1.782
4950.000 4.797
4955.000 6.597
4960.000 6.299
4965.000 3.260
4970.000 2.378
4975.000 1.733
4980.000 1.289
4985.000 1.023
4990.000 0.850
4995.000 0.719
5000.000 0.674
5005.000 0.590
5010.000 0.537
5015.000 0.481
5020.000 0.445
5025.000 0.409
5030.000 0.379
5035.000 0.349
5040.000 0.332
5045.000 0.312
5050.000 0.299
5055.000 0.284
5060.000 0.274
5065.000 0.266
5070.000 0.261
5075.000 0.251
5080.000 0.245
5085.000 0.239
5090.000 0.231
5095.000 0.228
5100.000 0.222
5105.000 0.218
5110.000 0.214
5115.000 0.211
5120.000 0.209
5125.000 0.206
5130.000 0.203
5135.000 0.199
5140.000 0.197
5145.000 0.194
5150.000 0.192
5155.000 0.189
5160.000 0.187
5165.000 0.185
5170.000 0.184
5175.000 0.181
5180.000 0.180
5185.000 0.178
5190.000 0.177
5195.000 0.174
5200.000 0.173
5205.000 0.172
5210.000 0.170
5215.000 0.169
5220.000 0.167
5225.000 0.165
5230.000 0.165
5235.000 0.163
5240.000 0.163
5245.000 0.162
5250.000 0.159
5255.000 0.159
5260.000 0.158
5265.000 0.156
5270.000 0.155
5275.000 0.152
5280.000 0.152
5285.000 0.151
5290.000 0.150
5295.000 0.149
5300.000 0.147
5305.000 0.146
5310.000 0.145
5315.000 0.144
5320.000 0.142
5325.000 0.141
5330.000 0.142
5335.000 0.139
5340.000 0.138
5345.000 0.136
5350.000 0.135
5355.000 0.134
5360.000 0.132
5365.000 0.130
5370.000 0.130
5375.000 0.129
5380.000 0.129
5385.000 0.127
5390.000 0.127
5395.000 0.124
5400.000 0.123
5405.000 0.122
5410.000 0.122
5415.000 0.120
5420.000 0.118
5425.000 0.117
5430.000 0.116
5435.000 0.116
5440.000 0.115
5445.000 0.115
5450.000 0.114
5455.000 0.112
5460.000 0.112
5465.000 0.111
5470.000 0.110
5475.000 0.109
5480.000 0.108
5485.000 0.108
5490.000 0.108
5495.000 0.107
5500.000 0.105
5505.000 0.105
5510.000 0.104
5515.000 0.104
5520.000 0.104
5525.000 0.103
5530.000 0.103
5535.000 0.102
5540.000 0.101
5545.000 0.100
5550.000 0.100
5555.000 0.100
5560.000 0.099
5565.000 0.099
5570.000 0.098
5575.000 0.099
5580.000 0.097
5585.000 0.097
5590.000 0.096
5595.000 0.097
5600.000 0.096
5605.000 0.096
5610.000 0.096
5615.000 0.095
5620.000 0.096
5625.000 0.094
5630.000 0.095
5635.000 0.094
5640.000 0.095
5645.000 0.095
5650.000 0.094
5655.000 0.094
5660.000 0.094
5665.000 0.094
5670.000 0.095
5675.000 0.094
5680.000 0.094
5685.000 0.094
5690.000 0.094
5695.000 0.094
5700.000 0.094
5705.000 0.093
5710.000 0.094
5715.000 0.093
5720.000 0.094
5725.000 0.094
5730.000 0.095
5735.000 0.094
5740.000 0.094
5745.000 0.094
5750.000 0.095
5755.000 0.094
5760.000 0.094
5765.000 0.094
5770.000 0.095
5775.000 0.094
5780.000 0.094
5785.000 0.096
5790.000 0.095
5795.000 0.094
5800.000 0.095
5805.000 0.095
5810.000 0.096
5815.000 0.095
5820.000 0.096
5825.000 0.097
5830.000 0.096
5835.000 0.096
5840.000 0.096
5845.000 0.098
5850.000 0.097
5855.000 0.098
5860.000 0.097
5865.000 0.097
5870.000 0.098
5875.000 0.099
5880.000 0.099
5885.000 0.100
5890.000 0.101
5895.000 0.102
5900.000 0.101
5905.000 0.103
5910.000 0.102
5915.000 0.103
5920.000 0.102
5925.000 0.103
5930.000 0.104
5935.000 0.106
5940.000 0.108
5945.000 0.108
5950.000 0.110
5955.000 0.111
5960.000 0.110
5965.000 0.113
5970.000 0.117
5975.000 0.119
5980.000 0.122
5985.000 0.122
5990.000 0.128
5995.000 0.133
6000.000 0.134
6005.000 0.140
6010.000 0.142
6015.000 0.154
6020.000 0.152
6025.000 0.160
6030.000 0.165
6035.000 0.169
6040.000 0.179
6045.000 0.186
6050.000 0.188
6055.000 0.199
6060.000 0.206
6065.000 0.215
6070.000 0.228
6075.000 0.241
6080.000 0.255
6085.000 0.270
6090.000 0.286
6095.000 0.303
6100.000 0.313
6105.000 0.337
6110.000 0.361
6115.000 0.395
6120.000 0.433
6125.000 0.482
6130.000 0.545
6135.000 0.620
6140.000 0.736
6145.000 0.884
6150.000 1.093
6155.000 1.236
6160.000 1.608
6165.000 2.153
6170.000 2.924
6175.000 3.987
6180.000 5.333
6185.000 6.861
6190.000 8.178
6195.000 8.623
6200.000 7.101
6205.000 4.406
6210.000 3.201
6215.000 2.319
6220.000 1.992
6225.000 1.495
6230.000 1.149
6235.000 0.892
6240.000 0.700
6245.000 0.557
6250.000 0.444
6255.000 0.363
6260.000 0.301
6265.000 0.258
6270.000 0.228
6275.000 0.206
6280.000 0.198
6285.000 0.186
6290.000 0.177
6295.000 0.170
6300.000 0.165
6305.000 0.163
6310.000 0.157
6315.000 0.154
6320.000 0.152
6325.000 0.149
6330.000 0.148
6335.000 0.146
6340.000 0.144
6345.000 0.143
6350.000 0.142
6355.000 0.141
6360.000 0.140
6365.000 0.139
6370.000 0.139
6375.000 0.137
6380.000 0.137
6385.000 0.136
6390.000 0.135
6395.000 0.134
6400.000 0.135
6405.000 0.135
6410.000 0.136
6415.000 0.134
6420.000 0.134
6425.000 0.133
6430.000 0.134
6435.000 0.134
6440.000 0.135
6445.000 0.135
6450.000 0.136
6455.000 0.137
6460.000 0.139
6465.000 0.139
6470.000 0.141
6475.000 0.145
6480.000 0.148
6485.000 0.151
6490.000 0.157
6495.000 0.164
6500.000 0.174
6505.000 0.189
6510.000 0.214
6515.000 0.325
6520.000 1.441
6525.000 3.031
6530.000 5.234
6535.000 1.975
6540.000 0.625
6545.000 0.366
6550.000 0.204
6555.000 0.166
6560.000 0.136
6565.000 0.119
6570.000 0.110
6575.000 0.104
6580.000 0.100
6585.000 0.099
6590.000 0.096
6595.000 0.095
6600.000 0.094
6605.000 0.092
6610.000 0.092
6615.000 0.091
6620.000 0.091
6625.000 0.092
6630.000 0.092
6635.000 0.091
6640.000 0.091
6645.000 0.091
6650.000 0.091
6655.000 0.091
6660.000 0.091
6665.000 0.092
6670.000 0.091
6675.000 0.090
6680.000 0.092
6685.000 0.092
6690.000 0.091
6695.000 0.092
6700.000 0.091
6705.000 0.092
6710.000 0.092
6715.000 0.092
6720.000 0.092
6725.000 0.091
6730.000 0.092
6735.000 0.091
6740.000 0.093
6745.000 0.092
6750.000 0.092
6755.000 0.092
6760.000 0.092
6765.000 0.092
6770.000 0.093
6775.000 0.093
6780.000 0.093
6785.000 0.093
6790.000 0.092
6795.000 0.093
6800.000 0.093
6805.000 0.093
6810.000 0.094
6815.000 0.093
6820.000 0.093
6825.000 0.093
6830.000 0.094
6835.000 0.093
6840.000 0.093
6845.000 0.094
6850.000 0.093
6855.000 0.093
6860.000 0.094
6865.000 0.094
6870.000 0.094
6875.000 0.094
6880.000 0.094
6885.000 0.094
6890.000 0.094
6895.000 0.094
6900.000 0.095
6905.000 0.095
6910.000 0.094
6915.000 0.096
6920.000 0.094
6925.000 0.096
6930.000 0.096
6935.000 0.095
6940.000 0.097
6945.000 0.096
6950.000 0.096
6955.000 0.113
6960.000 0.201
6965.000 0.181
6970.000 0.161
6975.000 0.228
6980.000 0.234
6985.000 0.223
6990.000 0.192
6995.000 0.168
7000.000 0.152
7005.000 0.135
7010.000 0.129
7015.000 0.124
7020.000 0.120
7025.000 0.117
7030.000 0.112
7035.000 0.108
7040.000 0.107
7045.000 0.106
7050.000 0.108
7055.000 0.106
7060.000 0.105
7065.000 0.106
7070.000 0.106
7075.000 0.106
7080.000 0.108
7085.000 0.107
7090.000 0.106
7095.000 0.109
7100.000 0.109
7105.000 0.110
7110.000 0.112
7115.000 0.112
7120.000 0.114
7125.000 0.116
7130.000 0.117
7135.000 0.117
7140.000 0.119
7145.000 0.121
7150.000 0.123
7155.000 0.125
7160.000 0.127
7165.000 0.130
7170.000 0.132
7175.000 0.135
7180.000 0.139
7185.000 0.141
7190.000 0.143
7195.000 0.148
7200.000 0.152
7205.000 0.155
7210.000 0.161
7215.000 0.167
7220.000 0.173
7225.000 0.180
7230.000 0.188
7235.000 0.197
7240.000 0.207
7245.000 0.218
7250.000 0.228
7255.000 0.232
7260.000 0.243
7265.000 0.253
7270.000 0.264
7275.000 0.275
7280.000 0.287
7285.000 0.300
7290.000 0.317
7295.000 0.336
7300.000 0.356
7305.000 0.379
7310.000 0.406
7315.000 0.418
7320.000 0.453
7325.000 0.491
7330.000 0.537
7335.000 0.595
7340.000 0.670
7345.000 0.766
7350.000 0.893
7355.000 1.061
7360.000 1.276
7365.000 1.698
7370.000 2.196
7375.000 2.938
7380.000 3.460
7385.000 4.572
7390.000 5.813
7395.000 6.652
7400.000 6.216
7405.000 4.381
7410.000 2.646
7415.000 1.785
7420.000 1.531
7425.000 1.273
7430.000 1.056
7435.000 0.979
7440.000 0.838
7445.000 0.746
7450.000 0.686
7455.000 0.634
7460.000 0.598
7465.000 0.562
7470.000 0.522
7475.000 0.485
7480.000 0.451
7485.000 0.424
7490.000 0.398
7495.000 0.389
7500.000 0.368
7505.000 0.350
7510.000 0.336
7515.000 0.322
7520.000 0.308
7525.000 0.299
7530.000 0.289
7535.000 0.278
7540.000 0.269
7545.000 0.261
7550.000 0.253
7555.000 0.248
7560.000 0.244
7565.000 0.238
7570.000 0.231
7575.000 0.228
7580.000 0.223
7585.000 0.218
7590.000 0.213
7595.000 0.208
7600.000 0.205
7605.000 0.200
7610.000 0.198
7615.000 0.194
7620.000 0.193
7625.000 0.190
7630.000 0.187
7635.000 0.185
7640.000 0.183
7645.000 0.180
7650.000 0.178
7655.000 0.175
7660.000 0.173
7665.000 0.171
7670.000 0.169
7675.000 0.169
7680.000 0.166
7685.000 0.164
7690.000 0.163
7695.000 0.161
7700.000 0.160
7705.000 0.158
7710.000 0.157
7715.000 0.155
7720.000 0.153
7725.000 0.153
7730.000 0.152
7735.000 0.151
7740.000 0.148
7745.000 0.148
7750.000 0.147
7755.000 0.145
7760.000 0.144
7765.000 0.143
7770.000 0.142
7775.000 0.140
7780.000 0.139
7785.000 0.139
7790.000 0.137
7795.000 0.136
7800.000 0.134
7805.000 0.133
7810.000 0.132
7815.000 0.131
7820.000 0.129
7825.000 0.129
7830.000 0.126
7835.000 0.125
7840.000 0.123
7845.000 0.123
7850.000 0.121
7855.000 0.119
7860.000 0.116
7865.000 0.117
7870.000 0.114
7875.000 0.113
7880.000 0.109
7885.000 0.109
7890.000 0.105
7895.000 0.104
7900.000 0.100
7905.000 0.097
7910.000 0.094
7915.000 0.091
7920.000 0.090
7925.000 0.086
7930.000 0.083
7935.000 0.077
7940.000 0.074
7945.000 0.067
7950.000 0.064
7955.000 0.061
7960.000 0.061
7965.000 0.066
7970.000 0.080
7975.000 0.118
7980.000 0.189
7985.000 0.251
7990.000 0.543
7995.000 1.322
8000.000 2.440
8005.000 3.508
8010.000 2.187
8015.000 1.552
8020.000 1.029
8025.000 0.755
8030.000 0.599
8035.000 0.490
8040.000 0.424
8045.000 0.397
8050.000 0.350
8055.000 0.319
8060.000 0.295
8065.000 0.280
8070.000 0.268
8075.000 0.257
8080.000 0.248
8085.000 0.242
8090.000 0.235
8095.000 0.232
8100.000 0.226
8105.000 0.223
8110.000 0.221
8115.000 0.220
8120.000 0.216
8125.000 0.213
8130.000 0.211
8135.000 0.210
8140.000 0.207
8145.000 0.206
8150.000 0.206
8155.000 0.205
8160.000 0.203
8165.000 0.202
8170.000 0.201
8175.000 0.201
8180.000 0.200
8185.000 0.198
8190.000 0.199
8195.000 0.199
8200.000 0.198
8205.000 0.197
8210.000 0.198
8215.000 0.196
8220.000 0.196
8225.000 0.197
8230.000 0.195
8235.000 0.198
8240.000 0.197
8245.000 0.196
8250.000 0.197
8255.000 0.197
8260.000 0.198
8265.000 0.199
8270.000 0.198
8275.000 0.198
8280.000 0.198
8285.000 0.200
8290.000 0.199
8295.000 0.201
8300.000 0.202
8305.000 0.202
8310.000 0.202
8315.000 0.203
8320.000 0.206
8325.000 0.206
8330.000 0.208
8335.000 0.211
8340.000 0.211
8345.000 0.213
8350.000 0.214
8355.000 0.215
8360.000 0.219
8365.000 0.222
8370.000 0.225
8375.000 0.227
8380.000 0.230
8385.000 0.233
8390.000 0.237
8395.000 0.237
8400.000 0.241
8405.000 0.245
8410.000 0.248
8415.000 0.252
8420.000 0.260
8425.000 0.268
8430.000 0.278
8435.000 0.289
8440.000 0.305
8445.000 0.327
8450.000 0.356
8455.000 0.405
8460.000 0.497
8465.000 0.705
8470.000 0.908
8475.000 1.702
8480.000 2.772
8485.000 2.378
8490.000 0.361
8495.000 0.154
8500.000 0.168
8505.000 0.099
8510.000 0.097
8515.000 0.102
8520.000 0.099
8525.000 0.100
8530.000 0.100
8535.000 0.099
8540.000 0.097
8545.000 0.094
8550.000 0.086
8555.000 0.077
8560.000 0.061
8565.000 0.042
8570.000 0.044
8575.000 0.093
8580.000 0.193
8585.000 0.359
8590.000 0.505
8595.000 0.562
8600.000 0.644
8605.000 0.681
8610.000 0.668
8615.000 0.592
8620.000 0.462
8625.000 0.331
8630.000 0.191
8635.000 0.099
8640.000 0.065
8645.000 0.061
8650.000 0.065
8655.000 0.071
8660.000 0.078
8665.000 0.086
8670.000 0.093
8675.000 0.100
8680.000 0.104
8685.000 0.107
8690.000 0.111
8695.000 0.114
8700.000 0.118
8705.000 0.122
8710.000 0.123
8715.000 0.126
8720.000 0.129
8725.000 0.131
8730.000 0.134
8735.000 0.136
8740.000 0.138
8745.000 0.140
8750.000 0.144
8755.000 0.145
8760.000 0.148
8765.000 0.148
8770.000 0.151
8775.000 0.152
8780.000 0.155
8785.000 0.155
8790.000 0.158
8795.000 0.159
8800.000 0.161
8805.000 0.164
8810.000 0.166
8815.000 0.167
8820.000 0.171
8825.000 0.182
8830.000 0.176
8835.000 0.182
8840.000 0.179
8845.000 0.178
8850.000 0.181
8855.000 0.181
8860.000 0.180
8865.000 0.180
8870.000 0.181
8875.000 0.182
8880.000 0.182
8885.000 0.183
8890.000 0.183
8895.000 0.185
8900.000 0.185
8905.000 0.184
8910.000 0.187
8915.000 0.187
8920.000 0.188
8925.000 0.188
8930.000 0.191
8935.000 0.189
8940.000 0.190
8945.000 0.191
8950.000 0.190
8955.000 0.188
8960.000 0.193
8965.000 0.193
8970.000 0.193
8975.000 0.194
8980.000 0.194
8985.000 0.197
8990.000 0.196
8995.000 0.195
9000.000 0.196
9005.000 0.199
9010.000 0.201
9015.000 0.200
9020.000 0.205
9025.000 0.201
9030.000 0.202
9035.000 0.206
9040.000 0.206
9045.000 0.205
9050.000 0.202
9055.000 0.207
9060.000 0.207
9065.000 0.206
9070.000 0.207
9075.000 0.206
9080.000 0.206
9085.000 0.210
9090.000 0.209
9095.000 0.209
9100.000 0.211
9105.000 0.210
9110.000 0.212
9115.000 0.211
9120.000 0.214
9125.000 0.215
9130.000 0.214
9135.000 0.215
9140.000 0.217
9145.000 0.217
9150.000 0.220
9155.000 0.219
9160.000 0.221
9165.000 0.222
9170.000 0.223
9175.000 0.225
9180.000 0.225
9185.000 0.226
9190.000 0.227
9195.000 0.228
9200.000 0.231
9205.000 0.231
9210.000 0.234
9215.000 0.237
9220.000 0.236
9225.000 0.239
9230.000 0.241
9235.000 0.241
9240.000 0.244
9245.000 0.245
9250.000 0.247
9255.000 0.250
9260.000 0.251
9265.000 0.253
9270.000 0.256
9275.000 0.258
9280.000 0.261
9285.000 0.265
9290.000 0.269
9295.000 0.271
9300.000 0.275
9305.000 0.279
9310.000 0.283
9315.000 0.289
9320.000 0.295
9325.000 0.298
9330.000 0.304
9335.000 0.315
9340.000 0.321
9345.000 0.331
9350.000 0.344
9355.000 0.355
9360.000 0.371
9365.000 0.394
9370.000 0.419
9375.000 0.448
9380.000 0.469
9385.000 0.527
9390.000 0.622
9395.000 0.804
9400.000 1.176
9405.000 1.886
9410.000 2.674
9415.000 2.294
9420.000 0.664
9425.000 0.466
9430.000 0.216
9435.000 0.120
9440.000 0.101
9445.000 0.065
9450.000 0.065
9455.000 0.073
9460.000 0.082
9465.000 0.092
9470.000 0.100
9475.000 0.108
9480.000 0.115
9485.000 0.124
9490.000 0.134
9495.000 0.142
9500.000 0.151
9505.000 0.155
9510.000 0.166
9515.000 0.174
9520.000 0.183
9525.000 0.191
9530.000 0.197
9535.000 0.206
9540.000 0.215
9545.000 0.222
9550.000 0.228
9555.000 0.233
9560.000 0.240
9565.000 0.242
9570.000 0.248
9575.000 0.252
9580.000 0.259
9585.000 0.264
9590.000 0.271
9595.000 0.280
9600.000 0.287
9605.000 0.296
9610.000 0.302
9615.000 0.316
9620.000 0.319
9625.000 0.330
9630.000 0.339
9635.000 0.351
9640.000 0.362
9645.000 0.376
9650.000 0.390
9655.000 0.407
9660.000 0.426
9665.000 0.445
9670.000 0.466
9675.000 0.490
9680.000 0.518
9685.000 0.536
9690.000 0.572
9695.000 0.614
9700.000 0.666
9705.000 0.731
9710.000 0.818
9715.000 0.935
9720.000 1.096
9725.000 1.315
9730.000 1.602
9735.000 1.939
9740.000 2.236
9745.000 2.318
9750.000 2.225
9755.000 1.857
9760.000 1.420
9765.000 1.063
9770.000 0.803
9775.000 0.613
9780.000 0.476
9785.000 0.382
9790.000 0.330
9795.000 0.330
9800.000 0.369
9805.000 0.401
9810.000 0.408
9815.000 0.407
9820.000 0.367
9825.000 0.325
9830.000 0.289
9835.000 0.258
9840.000 0.233
9845.000 0.210
9850.000 0.188
9855.000 0.166
9860.000 0.148
9865.000 0.140
9870.000 0.126
9875.000 0.113
9880.000 0.103
9885.000 0.094
9890.000 0.086
9895.000 0.079
9900.000 0.072
9905.000 0.066
9910.000 0.061
9915.000 0.057
9920.000 0.052
9925.000 0.049
9930.000 0.047
9935.000 0.043
9940.000 0.041
9945.000 0.039
9950.000 0.036
9955.000 0.032
9960.000 0.031
9965.000 0.029
9970.000 0.029
9975.000 0.026
9980.000 0.026
9985.000 0.023
9990.000 0.023
9995.000 0.021
10000.000 0.022
10005.000 0.022
10010.000 0.022
10015.000 0.018
10020.000 0.021
10025.000 0.020
10030.000 0.020
10035.000 0.019
10040.000 0.017
10045.000 0.018
10050.000 0.018
10055.000 0.017
10060.000 0.017
10065.000 0.015
10070.000 0.015
10075.000 0.014
10080.000 0.014
10085.000 0.017
10090.000 0.027
10095.000 0.074
10100.000 0.428
10105.000 1.537
10110.000 1.768
10115.000 0.823
10120.000 0.412
10125.000 0.249
10130.000 0.164
10135.000 0.140
10140.000 0.118
10145.000 0.103
10150.000 0.094
10155.000 0.087
10160.000 0.081
10165.000 0.077
10170.000 0.075
10175.000 0.073
10180.000 0.070
10185.000 0.069
10190.000 0.069
10195.000 0.067
10200.000 0.068
10205.000 0.068
10210.000 0.067
10215.000 0.068
10220.000 0.067
10225.000 0.066
10230.000 0.066
10235.000 0.067
10240.000 0.067
10245.000 0.068
10250.000 0.067
10255.000 0.066
10260.000 0.066
10265.000 0.066
10270.000 0.067
10275.000 0.066
10280.000 0.067
10285.000 0.068
10290.000 0.067
10295.000 0.067
10300.000 0.067
10305.000 0.067
10310.000 0.067
10315.000 0.067
10320.000 0.068
10325.000 0.068
10330.000 0.068
10335.000 0.068
10340.000 0.069
10345.000 0.069
10350.000 0.070
10355.000 0.070
10360.000 0.071
10365.000 0.071
10370.000 0.070
10375.000 0.071
10380.000 0.071
10385.000 0.068
10390.000 0.072
10395.000 0.070
10400.000 0.071
10405.000 0.074
10410.000 0.072
10415.000 0.072
10420.000 0.072
10425.000 0.073
10430.000 0.076
10435.000 0.076
10440.000 0.074
10445.000 0.074
10450.000 0.074
10455.000 0.076
10460.000 0.075
10465.000 0.074
10470.000 0.075
10475.000 0.075
10480.000 0.075
10485.000 0.075
10490.000 0.076
10495.000 0.076
10500.000 0.076
10505.000 0.076
10510.000 0.076
10515.000 0.076
10520.000 0.077
10525.000 0.076
10530.000 0.076
10535.000 0.077
10540.000 0.077
10545.000 0.077
10550.000 0.078
10555.000 0.077
10560.000 0.078
10565.000 0.078
10570.000 0.077
10575.000 0.079
10580.000 0.078
10585.000 0.077
10590.000 0.078
10595.000 0.079
10600.000 0.079
10605.000 0.080
10610.000 0.080
10615.000 0.079
10620.000 0.079
10625.000 0.079
10630.000 0.079
10635.000 0.079
10640.000 0.080
10645.000 0.078
10650.000 0.081
10655.000 0.079
10660.000 0.079
10665.000 0.081
10670.000 0.082
10675.000 0.081
10680.000 0.082
10685.000 0.080
10690.000 0.082
10695.000 0.082
10700.000 0.080
10705.000 0.083
10710.000 0.083
10715.000 0.085
10720.000 0.086
10725.000 0.087
10730.000 0.089
10735.000 0.092
10740.000 0.095
10745.000 0.101
10750.000 0.107
10755.000 0.120
10760.000 0.139
10765.000 0.163
10770.000 0.181
10775.000 0.160
10780.000 0.113
10785.000 0.099
10790.000 0.103
10795.000 0.125
10800.000 0.115
10805.000 0.098
10810.000 0.043
10815.000 0.033
10820.000 0.029
10825.000 0.028
10830.000 0.030
10835.000 0.035
10840.000 0.043
10845.000 0.049
10850.000 0.062
10855.000 0.081
10860.000 0.113
10865.000 0.151
10870.000 0.199
10875.000 0.256
10880.000 0.327
10885.000 0.424
10890.000 0.539
10895.000 0.691
10900.000 0.798
10905.000 0.970
10910.000 1.115
10915.000 1.185
10920.000 1.166
10925.000 1.093
10930.000 0.984
10935.000 0.878
10940.000 0.784
10945.000 0.706
10950.000 0.635
10955.000 0.573
10960.000 0.522
10965.000 0.503
10970.000 0.463
10975.000 0.432
10980.000 0.380
10985.000 0.293
10990.000 0.198
10995.000 0.120
11000.000 0.076
11005.000 0.070
11010.000 0.078
11015.000 0.086
11020.000 0.101
11025.000 0.104
11030.000 0.111
11035.000 0.117
11040.000 0.121
11045.000 0.122
11050.000 0.124
11055.000 0.124
11060.000 0.123
11065.000 0.126
11070.000 0.124
11075.000 0.124
11080.000 0.127
11085.000 0.126
11090.000 0.126
11095.000 0.125
11100.000 0.126
11105.000 0.125
11110.000 0.126
11115.000 0.127
11120.000 0.126
11125.000 0.127
11130.000 0.128
11135.000 0.126
11140.000 0.126
11145.000 0.126
11150.000 0.124
11155.000 0.124
11160.000 0.124
11165.000 0.124
11170.000 0.123
11175.000 0.122
11180.000 0.121
11185.000 0.123
11190.000 0.123
11195.000 0.123
11200.000 0.121
11205.000 0.122
11210.000 0.120
11215.000 0.120
11220.000 0.122
11225.000 0.121
11230.000 0.121
11235.000 0.121
11240.000 0.119
11245.000 0.119
11250.000 0.119
11255.000 0.118
11260.000 0.120
11265.000 0.117
11270.000 0.117
11275.000 0.119
11280.000 0.121
11285.000 0.120
11290.000 0.120
11295.000 0.119
11300.000 0.119
11305.000 0.117
11310.000 0.117
11315.000 0.116
11320.000 0.115
11325.000 0.116
11330.000 0.117
11335.000 0.116
11340.000 0.117
11345.000 0.114
11350.000 0.114
11355.000 0.114
11360.000 0.116
11365.000 0.115
11370.000 0.115
11375.000 0.113
11380.000 0.112
11385.000 0.113
11390.000 0.111
11395.000 0.113
11400.000 0.112
11405.000 0.111
11410.000 0.112
11415.000 0.111
11420.000 0.111
11425.000 0.111
11430.000 0.109
11435.000 0.107
11440.000 0.107
11445.000 0.108
11450.000 0.107
11455.000 0.108
11460.000 0.106
11465.000 0.104
11470.000 0.104
11475.000 0.104
11480.000 0.104
11485.000 0.103
11490.000 0.102
11495.000 0.102
11500.000 0.100
11505.000 0.095
11510.000 0.095
11515.000 0.094
11520.000 0.095
11525.000 0.093
11530.000 0.090
11535.000 0.088
11540.000 0.086
11545.000 0.084
11550.000 0.082
11555.000 0.078
11560.000 0.076
11565.000 0.074
11570.000 0.071
11575.000 0.067
11580.000 0.065
11585.000 0.059
11590.000 0.054
11595.000 0.050
11600.000 0.044
11605.000 0.044
11610.000 0.048
11615.000 0.070
11620.000 0.125
11625.000 0.254
11630.000 0.349
11635.000 0.618
11640.000 0.865
11645.000 0.816
11650.000 1.027
11655.000 0.647
11660.000 0.487
11665.000 0.403
11670.000 0.338
11675.000 0.287
11680.000 0.247
11685.000 0.219
11690.000 0.197
11695.000 0.188
11700.000 0.173
11705.000 0.162
11710.000 0.155
11715.000 0.150
11720.000 0.147
11725.000 0.143
11730.000 0.140
11735.000 0.138
11740.000 0.133
11745.000 0.131
11750.000 0.130
11755.000 0.128
11760.000 0.125
11765.000 0.123
11770.000 0.122
11775.000 0.119
11780.000 0.118
11785.000 0.116
11790.000 0.113
11795.000 0.113
11800.000 0.111
11805.000 0.109
11810.000 0.108
11815.000 0.106
11820.000 0.104
11825.000 0.101
11830.000 0.101
11835.000 0.100
11840.000 0.099
11845.000 0.097
11850.000 0.096
11855.000 0.095
11860.000 0.092
11865.000 0.091
11870.000 0.089
11875.000 0.089
11880.000 0.087
11885.000 0.085
11890.000 0.085
11895.000 0.084
11900.000 0.084
11905.000 0.085
11910.000 0.084
11915.000 0.081
11920.000 0.083
11925.000 0.083
11930.000 0.085
11935.000 0.086
11940.000 0.092
11945.000 0.100
11950.000 0.118
11955.000 0.173
11960.000 0.302
11965.000 0.469
11970.000 0.356
11975.000 0.295
11980.000 0.276
11985.000 0.281
11990.000 0.303
11995.000 0.346
12000.000 0.373
