105.000 0.011
110.000 0.702
115.000 0.923
120.000 1.110
125.000 1.163
130.000 1.270
135.000 1.304
140.000 1.361
145.000 1.349
150.000 1.317
155.000 1.311
160.000 1.277
165.000 1.259
170.000 1.245
175.000 1.235
180.000 1.207
185.000 1.212
190.000 1.207
195.000 1.214
200.000 1.254
205.000 1.242
210.000 1.282
215.000 1.260
220.000 1.319
225.000 1.306
230.000 1.354
235.000 1.388
240.000 1.382
245.000 1.413
250.000 1.446
255.000 1.441
260.000 1.471
265.000 1.483
270.000 1.499
275.000 1.496
280.000 1.521
285.000 1.508
290.000 1.509
295.000 1.492
300.000 1.505
305.000 1.491
310.000 1.512
315.000 1.523
320.000 1.540
325.000 1.554
330.000 1.612
335.000 1.641
340.000 1.697
345.000 1.766
350.000 1.860
355.000 1.917
360.000 2.000
365.000 2.105
370.000 2.204
375.000 2.339
380.000 2.461
385.000 2.599
390.000 2.675
395.000 2.795
400.000 2.914
405.000 2.987
410.000 3.048
415.000 3.045
420.000 2.973
425.000 2.811
430.000 2.561
435.000 2.263
440.000 1.967
445.000 1.829
450.000 1.473
455.000 1.366
460.000 1.192
465.000 1.052
470.000 0.953
475.000 0.889
480.000 0.822
485.000 0.773
490.000 0.725
495.000 0.676
500.000 0.642
505.000 0.597
510.000 0.589
515.000 0.547
520.000 0.532
525.000 0.500
530.000 0.477
535.000 0.454
540.000 0.432
545.000 0.411
550.000 0.392
555.000 0.376
560.000 0.357
565.000 0.342
570.000 0.332
575.000 0.312
580.000 0.297
585.000 0.277
590.000 0.270
595.000 0.255
600.000 0.250
605.000 0.240
610.000 0.232
615.000 0.228
620.000 0.219
625.000 0.210
630.000 0.208
635.000 0.206
640.000 0.197
645.000 0.196
650.000 0.191
655.000 0.184
660.000 0.182
665.000 0.174
670.000 0.171
675.000 0.168
680.000 0.166
685.000 0.161
690.000 0.162
695.000 0.157
700.000 0.150
705.000 0.150
710.000 0.149
715.000 0.147
720.000 0.148
725.000 0.143
730.000 0.144
735.000 0.137
740.000 0.139
745.000 0.131
750.000 0.137
755.000 0.134
760.000 0.134
765.000 0.126
770.000 0.131
775.000 0.131
780.000 0.130
785.000 0.125
790.000 0.123
795.000 0.122
800.000 0.124
805.000 0.126
810.000 0.118
815.000 0.123
820.000 0.122
825.000 0.120
830.000 0.122
835.000 0.123
840.000 0.117
845.000 0.117
850.000 0.117
855.000 0.116
860.000 0.111
865.000 0.113
870.000 0.117
875.000 0.113
880.000 0.113
885.000 0.113
890.000 0.112
895.000 0.114
900.000 0.110
905.000 0.113
910.000 0.110
915.000 0.111
920.000 0.111
925.000 0.110
930.000 0.109
935.000 0.109
940.000 0.104
945.000 0.113
950.000 0.110
955.000 0.110
960.000 0.108
965.000 0.103
970.000 0.108
975.000 0.110
980.000 0.109
985.000 0.106
990.000 0.112
995.000 0.110
1000.000 0.111
1005.000 0.104
1010.000 0.108
1015.000 0.106
1020.000 0.109
1025.000 0.115
1030.000 0.105
1035.000 0.111
1040.000 0.107
1045.000 0.110
1050.000 0.107
1055.000 0.105
1060.000 0.107
1065.000 0.108
1070.000 0.104
1075.000 0.109
1080.000 0.110
1085.000 0.104
1090.000 0.104
1095.000 0.106
1100.000 0.105
1105.000 0.105
1110.000 0.105
1115.000 0.104
1120.000 0.106
1125.000 0.109
1130.000 0.106
1135.000 0.107
1140.000 0.109
1145.000 0.107
1150.000 0.106
1155.000 0.108
1160.000 0.107
1165.000 0.107
1170.000 0.108
1175.000 0.106
1180.000 0.109
1185.000 0.109
1190.000 0.106
1195.000 0.108
1200.000 0.109
1205.000 0.110
1210.000 0.109
1215.000 0.108
1220.000 0.109
1225.000 0.109
1230.000 0.111
1235.000 0.109
1240.000 0.109
1245.000 0.109
1250.000 0.110
1255.000 0.110
1260.000 0.113
1265.000 0.111
1270.000 0.114
1275.000 0.114
1280.000 0.111
1285.000 0.112
1290.000 0.111
1295.000 0.112
1300.000 0.111
1305.000 0.113
1310.000 0.113
1315.000 0.115
1320.000 0.114
1325.000 0.114
1330.000 0.115
1335.000 0.115
1340.000 0.117
1345.000 0.118
1350.000 0.127
1355.000 0.123
1360.000 0.122
1365.000 0.121
1370.000 0.120
1375.000 0.118
1380.000 0.119
1385.000 0.118
1390.000 0.120
1395.000 0.121
1400.000 0.126
1405.000 0.137
1410.000 0.134
1415.000 0.126
1420.000 0.127
1425.000 0.126
1430.000 0.122
1435.000 0.120
1440.000 0.122
1445.000 0.124
1450.000 0.121
1455.000 0.121
1460.000 0.121
1465.000 0.118
1470.000 0.118
1475.000 0.119
1480.000 0.118
1485.000 0.116
1490.000 0.117
1495.000 0.116
1500.000 0.118
1505.000 0.119
1510.000 0.147
1515.000 0.140
1520.000 0.135
1525.000 0.132
1530.000 0.133
1535.000 0.135
1540.000 0.135
1545.000 0.137
1550.000 0.138
1555.000 0.139
1560.000 0.141
1565.000 0.141
1570.000 0.145
1575.000 0.144
1580.000 0.147
1585.000 0.149
1590.000 0.152
1595.000 0.153
1600.000 0.153
1605.000 0.157
1610.000 0.159
1615.000 0.161
1620.000 0.164
1625.000 0.166
1630.000 0.167
1635.000 0.170
1640.000 0.173
1645.000 0.172
1650.000 0.179
1655.000 0.181
1660.000 0.185
1665.000 0.188
1670.000 0.188
1675.000 0.193
1680.000 0.196
1685.000 0.200
1690.000 0.206
1695.000 0.209
1700.000 0.212
1705.000 0.215
1710.000 0.220
1715.000 0.226
1720.000 0.228
1725.000 0.232
1730.000 0.237
1735.000 0.239
1740.000 0.246
1745.000 0.252
1750.000 0.257
1755.000 0.256
1760.000 0.263
1765.000 0.269
1770.000 0.276
1775.000 0.279
1780.000 0.284
1785.000 0.287
1790.000 0.295
1795.000 0.297
1800.000 0.308
1805.000 0.308
1810.000 0.310
1815.000 0.314
1820.000 0.321
1825.000 0.322
1830.000 0.325
1835.000 0.326
1840.000 0.331
1845.000 0.331
1850.000 0.335
1855.000 0.332
1860.000 0.336
1865.000 0.338
1870.000 0.335
1875.000 0.338
1880.000 0.338
1885.000 0.336
1890.000 0.338
1895.000 0.334
1900.000 0.333
1905.000 0.334
1910.000 0.330
1915.000 0.330
1920.000 0.329
1925.000 0.329
1930.000 0.327
1935.000 0.322
1940.000 0.324
1945.000 0.320
1950.000 0.320
1955.000 0.312
1960.000 0.309
1965.000 0.311
1970.000 0.306
1975.000 0.307
1980.000 0.300
1985.000 0.299
1990.000 0.300
1995.000 0.299
2000.000 0.290
2005.000 0.296
2010.000 0.292
2015.000 0.285
2020.000 0.295
2025.000 0.282
2030.000 0.281
2035.000 0.288
2040.000 0.286
2045.000 0.285
2050.000 0.287
2055.000 0.289
2060.000 0.288
2065.000 0.281
2070.000 0.281
2075.000 0.275
2080.000 0.276
2085.000 0.274
2090.000 0.273
2095.000 0.270
2100.000 0.270
2105.000 0.271
2110.000 0.271
2115.000 0.267
2120.000 0.270
2125.000 0.272
2130.000 0.274
2135.000 0.274
2140.000 0.275
2145.000 0.277
2150.000 0.279
2155.000 0.282
2160.000 0.282
2165.000 0.283
2170.000 0.287
2175.000 0.289
2180.000 0.293
2185.000 0.298
2190.000 0.302
2195.000 0.307
2200.000 0.311
2205.000 0.315
2210.000 0.324
2215.000 0.332
2220.000 0.345
2225.000 0.352
2230.000 0.365
2235.000 0.380
2240.000 0.396
2245.000 0.415
2250.000 0.434
2255.000 0.465
2260.000 0.491
2265.000 0.521
2270.000 0.541
2275.000 0.565
2280.000 0.581
2285.000 0.848
2290.000 4.370
2295.000 10.422
2300.000 11.154
2305.000 3.770
2310.000 2.008
2315.000 1.148
2320.000 0.732
2325.000 0.492
2330.000 0.350
2335.000 0.301
2340.000 0.200
2345.000 0.177
2350.000 0.141
2355.000 0.117
2360.000 0.091
2365.000 0.077
2370.000 0.064
2375.000 0.056
2380.000 0.047
2385.000 0.041
2390.000 0.038
2395.000 0.036
2400.000 0.031
2405.000 0.029
2410.000 0.029
2415.000 0.029
2420.000 0.029
2425.000 0.029
2430.000 0.030
2435.000 0.031
2440.000 0.032
2445.000 0.033
2450.000 0.034
2455.000 0.035
2460.000 0.036
2465.000 0.037
2470.000 0.038
2475.000 0.040
2480.000 0.040
2485.000 0.041
2490.000 0.041
2495.000 0.042
2500.000 0.042
2505.000 0.044
2510.000 0.045
2515.000 0.045
2520.000 0.045
2525.000 0.047
2530.000 0.046
2535.000 0.047
2540.000 0.048
2545.000 0.048
2550.000 0.049
2555.000 0.050
2560.000 0.050
2565.000 0.052
2570.000 0.051
2575.000 0.051
2580.000 0.051
2585.000 0.051
2590.000 0.052
2595.000 0.053
2600.000 0.052
2605.000 0.054
2610.000 0.053
2615.000 0.054
2620.000 0.053
2625.000 0.054
2630.000 0.055
2635.000 0.055
2640.000 0.055
2645.000 0.055
2650.000 0.055
2655.000 0.055
2660.000 0.055
2665.000 0.055
2670.000 0.055
2675.000 0.055
2680.000 0.056
2685.000 0.056
2690.000 0.057
2695.000 0.056
2700.000 0.057
2705.000 0.057
2710.000 0.058
2715.000 0.059
2720.000 0.058
2725.000 0.058
2730.000 0.059
2735.000 0.059
2740.000 0.060
2745.000 0.060
2750.000 0.060
2755.000 0.061
2760.000 0.061
2765.000 0.062
2770.000 0.062
2775.000 0.063
2780.000 0.063
2785.000 0.064
2790.000 0.064
2795.000 0.066
2800.000 0.065
2805.000 0.066
2810.000 0.067
2815.000 0.069
2820.000 0.069
2825.000 0.069
2830.000 0.071
2835.000 0.071
2840.000 0.071
2845.000 0.073
2850.000 0.074
2855.000 0.074
2860.000 0.075
2865.000 0.075
2870.000 0.077
2875.000 0.078
2880.000 0.079
2885.000 0.080
2890.000 0.081
2895.000 0.082
2900.000 0.084
2905.000 0.085
2910.000 0.085
2915.000 0.087
2920.000 0.087
2925.000 0.091
2930.000 0.091
2935.000 0.089
2940.000 0.092
2945.000 0.093
2950.000 0.094
2955.000 0.092
2960.000 0.093
2965.000 0.093
2970.000 0.097
2975.000 0.095
2980.000 0.098
2985.000 0.098
2990.000 0.102
2995.000 0.103
3000.000 0.097
3005.000 0.101
3010.000 0.102
3015.000 0.098
3020.000 0.103
3025.000 0.101
3030.000 0.104
3035.000 0.099
3040.000 0.102
3045.000 0.102
3050.000 0.106
3055.000 0.104
3060.000 0.106
3065.000 0.105
3070.000 0.106
3075.000 0.108
3080.000 0.107
3085.000 0.108
3090.000 0.109
3095.000 0.108
3100.000 0.109
3105.000 0.109
3110.000 0.110
3115.000 0.111
3120.000 0.110
3125.000 0.112
3130.000 0.111
3135.000 0.112
3140.000 0.111
3145.000 0.112
3150.000 0.113
3155.000 0.112
3160.000 0.113
3165.000 0.114
3170.000 0.113
3175.000 0.114
3180.000 0.113
3185.000 0.116
3190.000 0.115
3195.000 0.115
3200.000 0.116
3205.000 0.117
3210.000 0.118
3215.000 0.117
3220.000 0.118
3225.000 0.119
3230.000 0.119
3235.000 0.120
3240.000 0.120
3245.000 0.119
3250.000 0.120
3255.000 0.120
3260.000 0.122
3265.000 0.122
3270.000 0.123
3275.000 0.123
3280.000 0.124
3285.000 0.124
3290.000 0.125
3295.000 0.127
3300.000 0.126
3305.000 0.127
3310.000 0.128
3315.000 0.130
3320.000 0.131
3325.000 0.131
3330.000 0.131
3335.000 0.133
3340.000 0.134
3345.000 0.134
3350.000 0.136
3355.000 0.136
3360.000 0.138
3365.000 0.138
3370.000 0.139
3375.000 0.140
3380.000 0.141
3385.000 0.143
3390.000 0.144
3395.000 0.145
3400.000 0.146
3405.000 0.150
3410.000 0.152
3415.000 0.154
3420.000 0.155
3425.000 0.156
3430.000 0.158
3435.000 0.159
3440.000 0.162
3445.000 0.164
3450.000 0.165
3455.000 0.170
3460.000 0.171
3465.000 0.174
3470.000 0.179
3475.000 0.182
3480.000 0.185
3485.000 0.190
3490.000 0.192
3495.000 0.197
3500.000 0.201
3505.000 0.207
3510.000 0.211
3515.000 0.218
3520.000 0.223
3525.000 0.232
3530.000 0.237
3535.000 0.247
3540.000 0.259
3545.000 0.266
3550.000 0.271
3555.000 0.292
3560.000 0.299
3565.000 0.314
3570.000 0.330
3575.000 0.355
3580.000 0.370
3585.000 0.390
3590.000 0.408
3595.000 0.431
3600.000 0.458
3605.000 0.484
3610.000 0.501
3615.000 0.536
3620.000 0.577
3625.000 0.624
3630.000 0.692
3635.000 0.772
3640.000 0.883
3645.000 1.053
3650.000 1.286
3655.000 1.643
3660.000 2.354
3665.000 3.926
3670.000 5.318
3675.000 10.225
3680.000 10.905
3685.000 10.672
3690.000 5.778
3695.000 3.613
3700.000 2.389
3705.000 1.691
3710.000 1.271
3715.000 1.000
3720.000 0.812
3725.000 0.676
3730.000 0.576
3735.000 0.500
3740.000 0.468
3745.000 0.416
3750.000 0.374
3755.000 0.339
3760.000 0.312
3765.000 0.289
3770.000 0.270
3775.000 0.254
3780.000 0.239
3785.000 0.227
3790.000 0.222
3795.000 0.213
3800.000 0.204
3805.000 0.194
3810.000 0.188
3815.000 0.182
3820.000 0.176
3825.000 0.172
3830.000 0.167
3835.000 0.162
3840.000 0.157
3845.000 0.154
3850.000 0.152
3855.000 0.148
3860.000 0.147
3865.000 0.143
3870.000 0.141
3875.000 0.138
3880.000 0.135
3885.000 0.134
3890.000 0.131
3895.000 0.129
3900.000 0.127
3905.000 0.127
3910.000 0.126
3915.000 0.125
3920.000 0.123
3925.000 0.122
3930.000 0.119
3935.000 0.119
3940.000 0.116
3945.000 0.115
3950.000 0.114
3955.000 0.115
3960.000 0.115
3965.000 0.113
3970.000 0.113
3975.000 0.109
3980.000 0.108
3985.000 0.110
3990.000 0.106
3995.000 0.104
4000.000 0.108
4005.000 0.104
4010.000 0.105
4015.000 0.104
4020.000 0.106
4025.000 0.105
4030.000 0.102
4035.000 0.105
4040.000 0.106
4045.000 0.105
4050.000 0.102
4055.000 0.104
4060.000 0.103
4065.000 0.101
4070.000 0.102
4075.000 0.102
4080.000 0.101
4085.000 0.102
4090.000 0.102
4095.000 0.101
4100.000 0.100
4105.000 0.101
4110.000 0.100
4115.000 0.102
4120.000 0.100
4125.000 0.100
4130.000 0.101
4135.000 0.101
4140.000 0.101
4145.000 0.101
4150.000 0.101
4155.000 0.101
4160.000 0.101
4165.000 0.101
4170.000 0.101
4175.000 0.102
4180.000 0.102
4185.000 0.102
4190.000 0.101
4195.000 0.102
4200.000 0.102
4205.000 0.102
4210.000 0.101
4215.000 0.101
4220.000 0.100
4225.000 0.100
4230.000 0.100
4235.000 0.100
4240.000 0.101
4245.000 0.100
4250.000 0.101
4255.000 0.100
4260.000 0.101
4265.000 0.100
4270.000 0.099
4275.000 0.099
4280.000 0.098
4285.000 0.098
4290.000 0.097
4295.000 0.098
4300.000 0.096
4305.000 0.096
4310.000 0.094
4315.000 0.093
4320.000 0.093
4325.000 0.091
4330.000 0.090
4335.000 0.090
4340.000 0.091
4345.000 0.089
4350.000 0.090
4355.000 0.090
4360.000 0.089
4365.000 0.088
4370.000 0.089
4375.000 0.088
4380.000 0.088
4385.000 0.089
4390.000 0.088
4395.000 0.089
4400.000 0.090
4405.000 0.090
4410.000 0.091
4415.000 0.091
4420.000 0.089
4425.000 0.091
4430.000 0.091
4435.000 0.091
4440.000 0.090
4445.000 0.091
4450.000 0.091
4455.000 0.092
4460.000 0.090
4465.000 0.092
4470.000 0.092
4475.000 0.092
4480.000 0.091
4485.000 0.092
4490.000 0.092
4495.000 0.092
4500.000 0.092
4505.000 0.092
4510.000 0.094
4515.000 0.095
4520.000 0.094
4525.000 0.095
4530.000 0.096
4535.000 0.095
4540.000 0.095
4545.000 0.096
4550.000 0.097
4555.000 0.096
4560.000 0.097
4565.000 0.098
4570.000 0.098
4575.000 0.097
4580.000 0.098
4585.000 0.100
4590.000 0.100
4595.000 0.100
4600.000 0.101
4605.000 0.101
4610.000 0.102
4615.000 0.104
4620.000 0.105
4625.000 0.103
4630.000 0.104
4635.000 0.105
4640.000 0.106
4645.000 0.108
4650.000 0.109
4655.000 0.110
4660.000 0.110
4665.000 0.111
4670.000 0.112
4675.000 0.114
4680.000 0.116
4685.000 0.117
4690.000 0.119
4695.000 0.121
4700.000 0.122
4705.000 0.123
4710.000 0.127
4715.000 0.128
4720.000 0.132
4725.000 0.134
4730.000 0.136
4735.000 0.141
4740.000 0.144
4745.000 0.148
4750.000 0.152
4755.000 0.158
4760.000 0.161
4765.000 0.164
4770.000 0.167
4775.000 0.171
4780.000 0.173
4785.000 0.178
4790.000 0.182
4795.000 0.187
4800.000 0.193
4805.000 0.200
4810.000 0.207
4815.000 0.215
4820.000 0.221
4825.000 0.226
4830.000 0.236
4835.000 0.245
4840.000 0.256
4845.000 0.269
4850.000 0.284
4855.000 0.301
4860.000 0.322
4865.000 0.344
4870.000 0.374
4875.000 0.406
4880.000 0.447
4885.000 0.477
4890.000 0.565
4895.000 0.605
4900.000 0.700
4905.000 0.836
4910.000 1.035
4915.000 1.393
4920.000 1.953
4925.000 2.900
4930.000 4.392
4935.000 5.917
4940.000 2.664
4945.000 2.237
4950.000 5.363
4955.000 7.540
4960.000 8.107
4965.000 4.674
4970.000 3.242
4975.000 2.283
4980.000 1.667
4985.000 1.298
4990.000 1.064
4995.000 0.895
5000.000 0.772
5005.000 0.695
5010.000 0.630
5015.000 0.595
5020.000 0.549
5025.000 0.500
5030.000 0.464
5035.000 0.427
5040.000 0.404
5045.000 0.379
5050.000 0.364
5055.000 0.344
5060.000 0.332
5065.000 0.319
5070.000 0.310
5075.000 0.305
5080.000 0.297
5085.000 0.289
5090.000 0.281
5095.000 0.275
5100.000 0.268
5105.000 0.263
5110.000 0.258
5115.000 0.253
5120.000 0.250
5125.000 0.247
5130.000 0.243
5135.000 0.241
5140.000 0.238
5145.000 0.234
5150.000 0.232
5155.000 0.228
5160.000 0.228
5165.000 0.224
5170.000 0.222
5175.000 0.220
5180.000 0.217
5185.000 0.217
5190.000 0.215
5195.000 0.214
5200.000 0.212
5205.000 0.210
5210.000 0.209
5215.000 0.207
5220.000 0.205
5225.000 0.203
5230.000 0.202
5235.000 0.201
5240.000 0.198
5245.000 0.198
5250.000 0.195
5255.000 0.196
5260.000 0.194
5265.000 0.193
5270.000 0.192
5275.000 0.190
5280.000 0.189
5285.000 0.186
5290.000 0.187
5295.000 0.185
5300.000 0.183
5305.000 0.182
5310.000 0.181
5315.000 0.179
5320.000 0.178
5325.000 0.177
5330.000 0.175
5335.000 0.173
5340.000 0.172
5345.000 0.171
5350.000 0.170
5355.000 0.167
5360.000 0.167
5365.000 0.166
5370.000 0.164
5375.000 0.163
5380.000 0.161
5385.000 0.161
5390.000 0.159
5395.000 0.158
5400.000 0.155
5405.000 0.154
5410.000 0.154
5415.000 0.152
5420.000 0.150
5425.000 0.149
5430.000 0.149
5435.000 0.146
5440.000 0.145
5445.000 0.145
5450.000 0.143
5455.000 0.143
5460.000 0.140
5465.000 0.139
5470.000 0.138
5475.000 0.137
5480.000 0.136
5485.000 0.136
5490.000 0.135
5495.000 0.132
5500.000 0.133
5505.000 0.130
5510.000 0.130
5515.000 0.129
5520.000 0.128
5525.000 0.128
5530.000 0.127
5535.000 0.126
5540.000 0.124
5545.000 0.124
5550.000 0.122
5555.000 0.122
5560.000 0.120
5565.000 0.119
5570.000 0.120
5575.000 0.118
5580.000 0.118
5585.000 0.117
5590.000 0.116
5595.000 0.116
5600.000 0.115
5605.000 0.113
5610.000 0.113
5615.000 0.113
5620.000 0.112
5625.000 0.111
5630.000 0.111
5635.000 0.110
5640.000 0.110
5645.000 0.109
5650.000 0.109
5655.000 0.108
5660.000 0.108
5665.000 0.108
5670.000 0.108
5675.000 0.108
5680.000 0.106
5685.000 0.106
5690.000 0.105
5695.000 0.105
5700.000 0.104
5705.000 0.104
5710.000 0.104
5715.000 0.103
5720.000 0.103
5725.000 0.102
5730.000 0.102
5735.000 0.102
5740.000 0.101
5745.000 0.102
5750.000 0.100
5755.000 0.101
5760.000 0.100
5765.000 0.101
5770.000 0.099
5775.000 0.100
5780.000 0.099
5785.000 0.098
5790.000 0.099
5795.000 0.099
5800.000 0.097
5805.000 0.097
5810.000 0.097
5815.000 0.096
5820.000 0.097
5825.000 0.096
5830.000 0.096
5835.000 0.095
5840.000 0.095
5845.000 0.094
5850.000 0.095
5855.000 0.094
5860.000 0.093
5865.000 0.092
5870.000 0.092
5875.000 0.092
5880.000 0.091
5885.000 0.092
5890.000 0.090
5895.000 0.090
5900.000 0.088
5905.000 0.088
5910.000 0.087
5915.000 0.087
5920.000 0.086
5925.000 0.086
5930.000 0.085
5935.000 0.085
5940.000 0.084
5945.000 0.082
5950.000 0.083
5955.000 0.080
5960.000 0.079
5965.000 0.077
5970.000 0.079
5975.000 0.077
5980.000 0.076
5985.000 0.077
5990.000 0.073
5995.000 0.071
6000.000 0.074
6005.000 0.069
6010.000 0.068
6015.000 0.070
6020.000 0.068
6025.000 0.069
6030.000 0.067
6035.000 0.070
6040.000 0.069
6045.000 0.069
6050.000 0.067
6055.000 0.067
6060.000 0.070
6065.000 0.069
6070.000 0.072
6075.000 0.075
6080.000 0.075
6085.000 0.081
6090.000 0.085
6095.000 0.091
6100.000 0.099
6105.000 0.104
6110.000 0.114
6115.000 0.128
6120.000 0.149
6125.000 0.172
6130.000 0.205
6135.000 0.241
6140.000 0.290
6145.000 0.360
6150.000 0.458
6155.000 0.598
6160.000 0.785
6165.000 1.054
6170.000 1.219
6175.000 1.905
6180.000 2.214
6185.000 2.985
6190.000 4.082
6195.000 5.424
6200.000 5.355
6205.000 3.832
6210.000 2.874
6215.000 2.108
6220.000 1.541
6225.000 1.125
6230.000 0.957
6235.000 0.594
6240.000 0.507
6245.000 0.369
6250.000 0.266
6255.000 0.189
6260.000 0.135
6265.000 0.097
6270.000 0.073
6275.000 0.060
6280.000 0.055
6285.000 0.056
6290.000 0.060
6295.000 0.061
6300.000 0.068
6305.000 0.069
6310.000 0.078
6315.000 0.078
6320.000 0.082
6325.000 0.083
6330.000 0.085
6335.000 0.087
6340.000 0.088
6345.000 0.091
6350.000 0.092
6355.000 0.093
6360.000 0.093
6365.000 0.095
6370.000 0.095
6375.000 0.097
6380.000 0.097
6385.000 0.098
6390.000 0.099
6395.000 0.099
6400.000 0.100
6405.000 0.101
6410.000 0.104
6415.000 0.104
6420.000 0.104
6425.000 0.105
6430.000 0.106
6435.000 0.107
6440.000 0.109
6445.000 0.111
6450.000 0.113
6455.000 0.115
6460.000 0.117
6465.000 0.118
6470.000 0.123
6475.000 0.129
6480.000 0.132
6485.000 0.139
6490.000 0.149
6495.000 0.162
6500.000 0.183
6505.000 0.219
6510.000 0.287
6515.000 0.497
6520.000 1.524
6525.000 4.015
6530.000 5.210
6535.000 0.488
6540.000 1.353
6545.000 0.333
6550.000 0.274
6555.000 0.244
6560.000 0.192
6565.000 0.158
6570.000 0.139
6575.000 0.126
6580.000 0.117
6585.000 0.110
6590.000 0.109
6595.000 0.103
6600.000 0.101
6605.000 0.098
6610.000 0.097
6615.000 0.096
6620.000 0.094
6625.000 0.094
6630.000 0.092
6635.000 0.092
6640.000 0.092
6645.000 0.092
6650.000 0.091
6655.000 0.090
6660.000 0.090
6665.000 0.091
6670.000 0.089
6675.000 0.089
6680.000 0.090
6685.000 0.090
6690.000 0.090
6695.000 0.089
6700.000 0.089
6705.000 0.090
6710.000 0.089
6715.000 0.089
6720.000 0.090
6725.000 0.089
6730.000 0.089
6735.000 0.089
6740.000 0.089
6745.000 0.089
6750.000 0.090
6755.000 0.090
6760.000 0.089
6765.000 0.089
6770.000 0.089
6775.000 0.089
6780.000 0.089
6785.000 0.089
6790.000 0.089
6795.000 0.089
6800.000 0.090
6805.000 0.090
6810.000 0.088
6815.000 0.090
6820.000 0.090
6825.000 0.089
6830.000 0.089
6835.000 0.089
6840.000 0.090
6845.000 0.090
6850.000 0.088
6855.000 0.089
6860.000 0.089
6865.000 0.089
6870.000 0.089
6875.000 0.090
6880.000 0.090
6885.000 0.090
6890.000 0.090
6895.000 0.089
6900.000 0.089
6905.000 0.091
6910.000 0.090
6915.000 0.090
6920.000 0.091
6925.000 0.090
6930.000 0.091
6935.000 0.090
6940.000 0.091
6945.000 0.091
6950.000 0.090
6955.000 0.089
6960.000 0.091
6965.000 0.090
6970.000 0.092
6975.000 0.091
6980.000 0.090
6985.000 0.095
6990.000 0.091
6995.000 0.092
7000.000 0.096
7005.000 0.093
7010.000 0.094
7015.000 0.095
7020.000 0.093
7025.000 0.092
7030.000 0.094
7035.000 0.095
7040.000 0.094
7045.000 0.095
7050.000 0.097
7055.000 0.097
7060.000 0.098
7065.000 0.098
7070.000 0.100
7075.000 0.099
7080.000 0.098
7085.000 0.099
7090.000 0.100
7095.000 0.101
7100.000 0.101
7105.000 0.103
7110.000 0.105
7115.000 0.106
7120.000 0.106
7125.000 0.108
7130.000 0.109
7135.000 0.110
7140.000 0.110
7145.000 0.113
7150.000 0.115
7155.000 0.116
7160.000 0.119
7165.000 0.121
7170.000 0.125
7175.000 0.128
7180.000 0.130
7185.000 0.133
7190.000 0.136
7195.000 0.141
7200.000 0.144
7205.000 0.159
7210.000 0.160
7215.000 0.165
7220.000 0.171
7225.000 0.176
7230.000 0.184
7235.000 0.195
7240.000 0.205
7245.000 0.211
7250.000 0.221
7255.000 0.230
7260.000 0.235
7265.000 0.244
7270.000 0.257
7275.000 0.268
7280.000 0.282
7285.000 0.297
7290.000 0.316
7295.000 0.335
7300.000 0.357
7305.000 0.380
7310.000 0.408
7315.000 0.442
7320.000 0.481
7325.000 0.506
7330.000 0.561
7335.000 0.629
7340.000 0.712
7345.000 0.822
7350.000 0.977
7355.000 1.208
7360.000 1.419
7365.000 1.992
7370.000 2.632
7375.000 3.553
7380.000 4.108
7385.000 5.387
7390.000 6.623
7395.000 7.115
7400.000 6.106
7405.000 4.155
7410.000 2.590
7415.000 1.724
7420.000 1.494
7425.000 1.290
7430.000 1.117
7435.000 0.963
7440.000 0.902
7445.000 0.802
7450.000 0.735
7455.000 0.682
7460.000 0.640
7465.000 0.606
7470.000 0.570
7475.000 0.537
7480.000 0.501
7485.000 0.470
7490.000 0.444
7495.000 0.421
7500.000 0.410
7505.000 0.390
7510.000 0.366
7515.000 0.359
7520.000 0.347
7525.000 0.335
7530.000 0.323
7535.000 0.314
7540.000 0.303
7545.000 0.296
7550.000 0.289
7555.000 0.281
7560.000 0.275
7565.000 0.269
7570.000 0.266
7575.000 0.260
7580.000 0.253
7585.000 0.252
7590.000 0.246
7595.000 0.241
7600.000 0.237
7605.000 0.232
7610.000 0.229
7615.000 0.225
7620.000 0.223
7625.000 0.221
7630.000 0.217
7635.000 0.216
7640.000 0.213
7645.000 0.209
7650.000 0.207
7655.000 0.206
7660.000 0.202
7665.000 0.202
7670.000 0.198
7675.000 0.197
7680.000 0.196
7685.000 0.193
7690.000 0.193
7695.000 0.191
7700.000 0.189
7705.000 0.188
7710.000 0.187
7715.000 0.185
7720.000 0.184
7725.000 0.183
7730.000 0.182
7735.000 0.181
7740.000 0.179
7745.000 0.178
7750.000 0.177
7755.000 0.175
7760.000 0.174
7765.000 0.173
7770.000 0.172
7775.000 0.172
7780.000 0.170
7785.000 0.168
7790.000 0.168
7795.000 0.167
7800.000 0.165
7805.000 0.164
7810.000 0.164
7815.000 0.163
7820.000 0.162
7825.000 0.160
7830.000 0.159
7835.000 0.158
7840.000 0.157
7845.000 0.155
7850.000 0.153
7855.000 0.153
7860.000 0.151
7865.000 0.151
7870.000 0.146
7875.000 0.145
7880.000 0.144
7885.000 0.142
7890.000 0.140
7895.000 0.139
7900.000 0.136
7905.000 0.132
7910.000 0.129
7915.000 0.126
7920.000 0.122
7925.000 0.120
7930.000 0.115
7935.000 0.109
7940.000 0.103
7945.000 0.096
7950.000 0.089
7955.000 0.081
7960.000 0.070
7965.000 0.061
7970.000 0.050
7975.000 0.059
7980.000 0.095
7985.000 0.197
7990.000 0.314
7995.000 0.914
8000.000 1.893
8005.000 2.441
8010.000 2.473
8015.000 1.334
8020.000 0.998
8025.000 0.754
8030.000 0.603
8035.000 0.500
8040.000 0.433
8045.000 0.384
8050.000 0.367
8055.000 0.331
8060.000 0.313
8065.000 0.302
8070.000 0.290
8075.000 0.282
8080.000 0.276
8085.000 0.271
8090.000 0.268
8095.000 0.263
8100.000 0.258
8105.000 0.257
8110.000 0.255
8115.000 0.254
8120.000 0.251
8125.000 0.252
8130.000 0.251
8135.000 0.249
8140.000 0.247
8145.000 0.248
8150.000 0.248
8155.000 0.247
8160.000 0.247
8165.000 0.247
8170.000 0.248
8175.000 0.247
8180.000 0.246
8185.000 0.247
8190.000 0.248
8195.000 0.249
8200.000 0.250
8205.000 0.250
8210.000 0.250
8215.000 0.253
8220.000 0.254
8225.000 0.254
8230.000 0.256
8235.000 0.256
8240.000 0.259
8245.000 0.260
8250.000 0.262
8255.000 0.263
8260.000 0.264
8265.000 0.266
8270.000 0.266
8275.000 0.267
8280.000 0.269
8285.000 0.271
8290.000 0.272
8295.000 0.273
8300.000 0.274
8305.000 0.277
8310.000 0.280
8315.000 0.281
8320.000 0.279
8325.000 0.283
8330.000 0.285
8335.000 0.289
8340.000 0.292
8345.000 0.294
8350.000 0.294
8355.000 0.299
8360.000 0.305
8365.000 0.310
8370.000 0.311
8375.000 0.315
8380.000 0.319
8385.000 0.324
8390.000 0.331
8395.000 0.335
8400.000 0.342
8405.000 0.353
8410.000 0.358
8415.000 0.367
8420.000 0.375
8425.000 0.388
8430.000 0.402
8435.000 0.418
8440.000 0.441
8445.000 0.468
8450.000 0.503
8455.000 0.559
8460.000 0.657
8465.000 0.858
8470.000 1.340
8475.000 2.349
8480.000 2.828
8485.000 0.808
8490.000 0.531
8495.000 0.329
8500.000 0.318
8505.000 0.313
8510.000 0.362
8515.000 0.438
8520.000 0.499
8525.000 0.566
8530.000 0.641
8535.000 0.731
8540.000 0.840
8545.000 0.902
8550.000 1.060
8555.000 1.410
8560.000 1.566
8565.000 1.907
8570.000 2.264
8575.000 2.477
8580.000 2.337
8585.000 1.813
8590.000 1.265
8595.000 0.878
8600.000 0.734
8605.000 0.537
8610.000 0.524
8615.000 0.519
8620.000 0.486
8625.000 0.431
8630.000 0.357
8635.000 0.290
8640.000 0.242
8645.000 0.212
8650.000 0.176
8655.000 0.163
8660.000 0.139
8665.000 0.119
8670.000 0.104
8675.000 0.090
8680.000 0.079
8685.000 0.070
8690.000 0.064
8695.000 0.057
8700.000 0.054
8705.000 0.051
8710.000 0.049
8715.000 0.049
8720.000 0.048
8725.000 0.049
8730.000 0.048
8735.000 0.050
8740.000 0.050
8745.000 0.054
8750.000 0.056
8755.000 0.057
8760.000 0.060
8765.000 0.062
8770.000 0.064
8775.000 0.067
8780.000 0.069
8785.000 0.071
8790.000 0.074
8795.000 0.075
8800.000 0.076
8805.000 0.079
8810.000 0.081
8815.000 0.082
8820.000 0.084
8825.000 0.083
8830.000 0.083
8835.000 0.098
8840.000 0.096
8845.000 0.097
8850.000 0.098
8855.000 0.099
8860.000 0.101
8865.000 0.102
8870.000 0.103
8875.000 0.105
8880.000 0.107
8885.000 0.107
8890.000 0.109
8895.000 0.109
8900.000 0.111
8905.000 0.112
8910.000 0.114
8915.000 0.115
8920.000 0.116
8925.000 0.117
8930.000 0.119
8935.000 0.121
8940.000 0.123
8945.000 0.125
8950.000 0.126
8955.000 0.127
8960.000 0.127
8965.000 0.131
8970.000 0.131
8975.000 0.132
8980.000 0.132
8985.000 0.134
8990.000 0.134
8995.000 0.136
9000.000 0.139
9005.000 0.140
9010.000 0.142
9015.000 0.142
9020.000 0.146
9025.000 0.148
9030.000 0.149
9035.000 0.148
9040.000 0.151
9045.000 0.151
9050.000 0.151
9055.000 0.154
9060.000 0.155
9065.000 0.156
9070.000 0.156
9075.000 0.156
9080.000 0.158
9085.000 0.157
9090.000 0.160
9095.000 0.160
9100.000 0.162
9105.000 0.164
9110.000 0.163
9115.000 0.167
9120.000 0.167
9125.000 0.167
9130.000 0.169
9135.000 0.170
9140.000 0.169
9145.000 0.173
9150.000 0.173
9155.000 0.172
9160.000 0.174
9165.000 0.177
9170.000 0.177
9175.000 0.177
9180.000 0.179
9185.000 0.182
9190.000 0.180
9195.000 0.184
9200.000 0.185
9205.000 0.186
9210.000 0.189
9215.000 0.191
9220.000 0.191
9225.000 0.192
9230.000 0.197
9235.000 0.200
9240.000 0.202
9245.000 0.202
9250.000 0.205
9255.000 0.206
9260.000 0.207
9265.000 0.209
9270.000 0.212
9275.000 0.215
9280.000 0.219
9285.000 0.222
9290.000 0.224
9295.000 0.231
9300.000 0.235
9305.000 0.240
9310.000 0.245
9315.000 0.250
9320.000 0.255
9325.000 0.260
9330.000 0.265
9335.000 0.273
9340.000 0.284
9345.000 0.295
9350.000 0.307
9355.000 0.323
9360.000 0.341
9365.000 0.361
9370.000 0.390
9375.000 0.427
9380.000 0.482
9385.000 0.572
9390.000 0.637
9395.000 1.045
9400.000 1.309
9405.000 2.077
9410.000 2.792
9415.000 2.134
9420.000 1.059
9425.000 0.794
9430.000 0.497
9435.000 0.278
9440.000 0.166
9445.000 0.110
9450.000 0.076
9455.000 0.063
9460.000 0.049
9465.000 0.045
9470.000 0.046
9475.000 0.050
9480.000 0.056
9485.000 0.062
9490.000 0.066
9495.000 0.073
9500.000 0.077
9505.000 0.082
9510.000 0.084
9515.000 0.092
9520.000 0.095
9525.000 0.100
9530.000 0.106
9535.000 0.111
9540.000 0.117
9545.000 0.122
9550.000 0.128
9555.000 0.133
9560.000 0.139
9565.000 0.146
9570.000 0.153
9575.000 0.156
9580.000 0.162
9585.000 0.170
9590.000 0.175
9595.000 0.182
9600.000 0.188
9605.000 0.196
9610.000 0.204
9615.000 0.210
9620.000 0.218
9625.000 0.227
9630.000 0.231
9635.000 0.240
9640.000 0.244
9645.000 0.257
9650.000 0.261
9655.000 0.270
9660.000 0.284
9665.000 0.297
9670.000 0.311
9675.000 0.330
9680.000 0.345
9685.000 0.370
9690.000 0.393
9695.000 0.408
9700.000 0.440
9705.000 0.481
9710.000 0.534
9715.000 0.603
9720.000 0.731
9725.000 0.854
9730.000 1.027
9735.000 1.233
9740.000 1.404
9745.000 1.430
9750.000 1.249
9755.000 1.119
9760.000 0.845
9765.000 0.626
9770.000 0.399
9775.000 0.346
9780.000 0.265
9785.000 0.209
9790.000 0.185
9795.000 0.216
9800.000 0.309
9805.000 0.438
9810.000 0.483
9815.000 0.429
9820.000 0.383
9825.000 0.304
9830.000 0.247
9835.000 0.204
9840.000 0.176
9845.000 0.156
9850.000 0.139
9855.000 0.125
9860.000 0.112
9865.000 0.102
9870.000 0.098
9875.000 0.083
9880.000 0.078
9885.000 0.068
9890.000 0.064
9895.000 0.058
9900.000 0.053
9905.000 0.049
9910.000 0.045
9915.000 0.041
9920.000 0.037
9925.000 0.036
9930.000 0.033
9935.000 0.031
9940.000 0.030
9945.000 0.029
9950.000 0.027
9955.000 0.027
9960.000 0.024
9965.000 0.024
9970.000 0.024
9975.000 0.025
9980.000 0.024
9985.000 0.021
9990.000 0.022
9995.000 0.021
10000.000 0.020
10005.000 0.021
10010.000 0.019
10015.000 0.019
10020.000 0.020
10025.000 0.022
10030.000 0.020
10035.000 0.018
10040.000 0.016
10045.000 0.016
10050.000 0.017
10055.000 0.016
10060.000 0.014
10065.000 0.015
10070.000 0.015
10075.000 0.019
10080.000 0.022
10085.000 0.031
10090.000 0.049
10095.000 0.102
10100.000 0.459
10105.000 1.176
10110.000 1.375
10115.000 1.120
10120.000 0.375
10125.000 0.269
10130.000 0.185
10135.000 0.163
10140.000 0.137
10145.000 0.119
10150.000 0.106
10155.000 0.097
10160.000 0.091
10165.000 0.088
10170.000 0.086
10175.000 0.083
10180.000 0.080
10185.000 0.079
10190.000 0.078
10195.000 0.076
10200.000 0.077
10205.000 0.076
10210.000 0.076
10215.000 0.074
10220.000 0.073
10225.000 0.074
10230.000 0.072
10235.000 0.072
10240.000 0.072
10245.000 0.072
10250.000 0.072
10255.000 0.071
10260.000 0.070
10265.000 0.070
10270.000 0.071
10275.000 0.070
10280.000 0.068
10285.000 0.068
10290.000 0.069
10295.000 0.069
10300.000 0.069
10305.000 0.068
10310.000 0.068
10315.000 0.068
10320.000 0.067
10325.000 0.067
10330.000 0.068
10335.000 0.065
10340.000 0.067
10345.000 0.068
10350.000 0.066
10355.000 0.066
10360.000 0.066
10365.000 0.066
10370.000 0.065
10375.000 0.066
10380.000 0.064
10385.000 0.067
10390.000 0.063
10395.000 0.065
10400.000 0.065
10405.000 0.063
10410.000 0.064
10415.000 0.064
10420.000 0.062
10425.000 0.063
10430.000 0.064
10435.000 0.063
10440.000 0.063
10445.000 0.062
10450.000 0.061
10455.000 0.061
10460.000 0.062
10465.000 0.060
10470.000 0.060
10475.000 0.059
10480.000 0.059
10485.000 0.058
10490.000 0.057
10495.000 0.057
10500.000 0.056
10505.000 0.057
10510.000 0.056
10515.000 0.055
10520.000 0.053
10525.000 0.053
10530.000 0.053
10535.000 0.051
10540.000 0.050
10545.000 0.050
10550.000 0.050
10555.000 0.047
10560.000 0.047
10565.000 0.046
10570.000 0.044
10575.000 0.045
10580.000 0.042
10585.000 0.041
10590.000 0.040
10595.000 0.038
10600.000 0.036
10605.000 0.036
10610.000 0.036
10615.000 0.035
10620.000 0.032
10625.000 0.032
10630.000 0.029
10635.000 0.028
10640.000 0.027
10645.000 0.025
10650.000 0.023
10655.000 0.022
10660.000 0.020
10665.000 0.020
10670.000 0.018
10675.000 0.018
10680.000 0.020
10685.000 0.018
10690.000 0.018
10695.000 0.017
10700.000 0.022
10705.000 0.024
10710.000 0.031
10715.000 0.038
10720.000 0.048
10725.000 0.062
10730.000 0.072
10735.000 0.095
10740.000 0.124
10745.000 0.167
10750.000 0.227
10755.000 0.312
10760.000 0.434
10765.000 0.603
10770.000 0.765
10775.000 0.783
10780.000 0.603
10785.000 0.437
10790.000 0.328
10795.000 0.280
10800.000 0.173
10805.000 0.027
10810.000 0.007
10815.000 0.014
10820.000 0.021
10825.000 0.035
10830.000 0.047
10835.000 0.065
10840.000 0.093
10845.000 0.114
10850.000 0.187
10855.000 0.243
10860.000 0.306
10865.000 0.344
10870.000 0.420
10875.000 0.516
10880.000 0.641
10885.000 0.793
10890.000 0.974
10895.000 1.185
10900.000 1.408
10905.000 1.525
10910.000 1.708
10915.000 1.777
10920.000 1.734
10925.000 1.587
10930.000 1.405
10935.000 1.229
10940.000 1.078
10945.000 0.949
10950.000 0.843
10955.000 0.749
10960.000 0.674
10965.000 0.606
10970.000 0.580
10975.000 0.538
10980.000 0.450
10985.000 0.371
10990.000 0.340
10995.000 0.294
11000.000 0.271
11005.000 0.262
11010.000 0.256
11015.000 0.252
11020.000 0.250
11025.000 0.249
11030.000 0.249
11035.000 0.243
11040.000 0.267
11045.000 0.254
11050.000 0.244
11055.000 0.234
11060.000 0.227
11065.000 0.224
11070.000 0.221
11075.000 0.218
11080.000 0.215
11085.000 0.213
11090.000 0.210
11095.000 0.207
11100.000 0.207
11105.000 0.204
11110.000 0.203
11115.000 0.199
11120.000 0.199
11125.000 0.197
11130.000 0.196
11135.000 0.194
11140.000 0.193
11145.000 0.191
11150.000 0.188
11155.000 0.186
11160.000 0.185
11165.000 0.184
11170.000 0.182
11175.000 0.185
11180.000 0.181
11185.000 0.181
11190.000 0.179
11195.000 0.178
11200.000 0.179
11205.000 0.178
11210.000 0.178
11215.000 0.177
11220.000 0.175
11225.000 0.175
11230.000 0.175
11235.000 0.173
11240.000 0.172
11245.000 0.173
11250.000 0.171
11255.000 0.171
11260.000 0.171
11265.000 0.170
11270.000 0.168
11275.000 0.171
11280.000 0.168
11285.000 0.169
11290.000 0.169
11295.000 0.168
11300.000 0.166
11305.000 0.165
11310.000 0.162
11315.000 0.164
11320.000 0.164
11325.000 0.162
11330.000 0.164
11335.000 0.164
11340.000 0.165
11345.000 0.163
11350.000 0.163
11355.000 0.162
11360.000 0.160
11365.000 0.162
11370.000 0.162
11375.000 0.160
11380.000 0.161
11385.000 0.160
11390.000 0.159
11395.000 0.158
11400.000 0.157
11405.000 0.156
11410.000 0.157
11415.000 0.157
11420.000 0.156
11425.000 0.156
11430.000 0.156
11435.000 0.155
11440.000 0.154
11445.000 0.156
11450.000 0.154
11455.000 0.154
11460.000 0.154
11465.000 0.155
11470.000 0.153
11475.000 0.153
11480.000 0.152
11485.000 0.151
11490.000 0.149
11495.000 0.149
11500.000 0.149
11505.000 0.148
11510.000 0.147
11515.000 0.147
11520.000 0.144
11525.000 0.142
11530.000 0.142
11535.000 0.141
11540.000 0.143
11545.000 0.142
11550.000 0.139
11555.000 0.135
11560.000 0.133
11565.000 0.132
11570.000 0.128
11575.000 0.128
11580.000 0.123
11585.000 0.119
11590.000 0.113
11595.000 0.109
11600.000 0.105
11605.000 0.098
11610.000 0.088
11615.000 0.079
11620.000 0.077
11625.000 0.108
11630.000 0.252
11635.000 0.381
11640.000 0.576
11645.000 0.497
11650.000 0.816
11655.000 0.711
11660.000 0.486
11665.000 0.406
11670.000 0.347
11675.000 0.305
11680.000 0.272
11685.000 0.246
11690.000 0.227
11695.000 0.213
11700.000 0.208
11705.000 0.196
11710.000 0.194
11715.000 0.192
11720.000 0.188
11725.000 0.187
11730.000 0.183
11735.000 0.183
11740.000 0.182
11745.000 0.179
11750.000 0.179
11755.000 0.178
11760.000 0.176
11765.000 0.175
11770.000 0.175
11775.000 0.173
11780.000 0.173
11785.000 0.173
11790.000 0.172
11795.000 0.173
11800.000 0.172
11805.000 0.172
11810.000 0.172
11815.000 0.172
11820.000 0.170
11825.000 0.170
11830.000 0.172
11835.000 0.170
11840.000 0.170
11845.000 0.169
11850.000 0.169
11855.000 0.169
11860.000 0.169
11865.000 0.170
11870.000 0.170
11875.000 0.170
11880.000 0.171
11885.000 0.173
11890.000 0.175
11895.000 0.177
11900.000 0.179
11905.000 0.183
11910.000 0.185
11915.000 0.188
11920.000 0.192
11925.000 0.200
11930.000 0.211
11935.000 0.225
11940.000 0.234
11945.000 0.290
11950.000 0.368
11955.000 0.482
11960.000 0.525
11965.000 0.447
11970.000 0.180
11975.000 0.092
11980.000 0.074
11985.000 0.073
11990.000 0.084
11995.000 0.094
12000.000 0.108
