105.000 0.020
110.000 0.232
115.000 0.915
120.000 1.060
125.000 1.166
130.000 1.245
135.000 1.288
140.000 1.325
145.000 1.359
150.000 1.336
155.000 1.300
160.000 1.267
165.000 1.270
170.000 1.252
175.000 1.228
180.000 1.241
185.000 1.240
190.000 1.222
195.000 1.226
200.000 1.228
205.000 1.277
210.000 1.241
215.000 1.281
220.000 1.292
225.000 1.326
230.000 1.308
235.000 1.347
240.000 1.383
245.000 1.369
250.000 1.362
255.000 1.412
260.000 1.444
265.000 1.454
270.000 1.481
275.000 1.500
280.000 1.496
285.000 1.516
290.000 1.504
295.000 1.503
300.000 1.504
305.000 1.501
310.000 1.482
315.000 1.497
320.000 1.508
325.000 1.534
330.000 1.557
335.000 1.616
340.000 1.652
345.000 1.729
350.000 1.799
355.000 1.846
360.000 1.937
365.000 2.043
370.000 2.148
375.000 2.250
380.000 2.375
385.000 2.518
390.000 2.643
395.000 2.781
400.000 2.866
405.000 2.972
410.000 2.984
415.000 3.002
420.000 2.942
425.000 2.803
430.000 2.583
435.000 2.328
440.000 2.025
445.000 1.755
450.000 1.515
455.000 1.316
460.000 1.161
465.000 1.037
470.000 0.987
475.000 0.903
480.000 0.838
485.000 0.782
490.000 0.732
495.000 0.688
500.000 0.651
505.000 0.612
510.000 0.574
515.000 0.550
520.000 0.521
525.000 0.502
530.000 0.470
535.000 0.457
540.000 0.435
545.000 0.422
550.000 0.398
555.000 0.387
560.000 0.363
565.000 0.341
570.000 0.321
575.000 0.305
580.000 0.291
585.000 0.277
590.000 0.270
595.000 0.259
600.000 0.250
605.000 0.244
610.000 0.236
615.000 0.227
620.000 0.219
625.000 0.212
630.000 0.206
635.000 0.202
640.000 0.198
645.000 0.192
650.000 0.189
655.000 0.188
660.000 0.181
665.000 0.174
670.000 0.173
675.000 0.170
680.000 0.166
685.000 0.160
690.000 0.161
695.000 0.160
700.000 0.150
705.000 0.152
710.000 0.150
715.000 0.149
720.000 0.145
725.000 0.144
730.000 0.143
735.000 0.136
740.000 0.138
745.000 0.138
750.000 0.134
755.000 0.130
760.000 0.131
765.000 0.130
770.000 0.126
775.000 0.127
780.000 0.132
785.000 0.124
790.000 0.124
795.000 0.124
800.000 0.124
805.000 0.122
810.000 0.126
815.000 0.123
820.000 0.120
825.000 0.119
830.000 0.123
835.000 0.117
840.000 0.116
845.000 0.116
850.000 0.116
855.000 0.113
860.000 0.113
865.000 0.115
870.000 0.116
875.000 0.114
880.000 0.113
885.000 0.110
890.000 0.110
895.000 0.112
900.000 0.109
905.000 0.109
910.000 0.115
915.000 0.109
920.000 0.111
925.000 0.108
930.000 0.109
935.000 0.107
940.000 0.107
945.000 0.111
950.000 0.110
955.000 0.109
960.000 0.108
965.000 0.108
970.000 0.106
975.000 0.106
980.000 0.105
985.000 0.109
990.000 0.106
995.000 0.103
1000.000 0.110
1005.000 0.104
1010.000 0.104
1015.000 0.110
1020.000 0.109
1025.000 0.112
1030.000 0.109
1035.000 0.104
1040.000 0.108
1045.000 0.103
1050.000 0.109
1055.000 0.106
1060.000 0.108
1065.000 0.107
1070.000 0.108
1075.000 0.106
1080.000 0.104
1085.000 0.104
1090.000 0.105
1095.000 0.104
1100.000 0.104
1105.000 0.104
1110.000 0.108
1115.000 0.105
1120.000 0.106
1125.000 0.105
1130.000 0.104
1135.000 0.106
1140.000 0.105
1145.000 0.106
1150.000 0.105
1155.000 0.106
1160.000 0.105
1165.000 0.105
1170.000 0.107
1175.000 0.107
1180.000 0.108
1185.000 0.106
1190.000 0.108
1195.000 0.107
1200.000 0.107
1205.000 0.107
1210.000 0.106
1215.000 0.107
1220.000 0.107
1225.000 0.108
1230.000 0.110
1235.000 0.108
1240.000 0.108
1245.000 0.109
1250.000 0.109
1255.000 0.110
1260.000 0.111
1265.000 0.111
1270.000 0.112
1275.000 0.110
1280.000 0.111
1285.000 0.111
1290.000 0.110
1295.000 0.113
1300.000 0.113
1305.000 0.112
1310.000 0.113
1315.000 0.113
1320.000 0.114
1325.000 0.115
1330.000 0.115
1335.000 0.114
1340.000 0.114
1345.000 0.117
1350.000 0.116
1355.000 0.115
1360.000 0.116
1365.000 0.117
1370.000 0.118
1375.000 0.117
1380.000 0.119
1385.000 0.117
1390.000 0.119
1395.000 0.122
1400.000 0.121
1405.000 0.123
1410.000 0.123
1415.000 0.121
1420.000 0.122
1425.000 0.121
1430.000 0.125
1435.000 0.122
1440.000 0.122
1445.000 0.121
1450.000 0.123
1455.000 0.123
1460.000 0.119
1465.000 0.122
1470.000 0.119
1475.000 0.119
1480.000 0.118
1485.000 0.119
1490.000 0.117
1495.000 0.118
1500.000 0.118
1505.000 0.121
1510.000 0.123
1515.000 0.126
1520.000 0.125
1525.000 0.128
1530.000 0.130
1535.000 0.135
1540.000 0.135
1545.000 0.138
1550.000 0.140
1555.000 0.139
1560.000 0.147
1565.000 0.146
1570.000 0.147
1575.000 0.149
1580.000 0.151
1585.000 0.153
1590.000 0.154
1595.000 0.156
1600.000 0.161
1605.000 0.164
1610.000 0.165
1615.000 0.169
1620.000 0.171
1625.000 0.170
1630.000 0.176
1635.000 0.178
1640.000 0.181
1645.000 0.183
1650.000 0.187
1655.000 0.190
1660.000 0.196
1665.000 0.199
1670.000 0.203
1675.000 0.205
1680.000 0.209
1685.000 0.214
1690.000 0.216
1695.000 0.219
1700.000 0.224
1705.000 0.228
1710.000 0.233
1715.000 0.239
1720.000 0.243
1725.000 0.249
1730.000 0.254
1735.000 0.261
1740.000 0.266
1745.000 0.272
1750.000 0.274
1755.000 0.281
1760.000 0.285
1765.000 0.291
1770.000 0.296
1775.000 0.300
1780.000 0.309
1785.000 0.312
1790.000 0.320
1795.000 0.325
1800.000 0.329
1805.000 0.336
1810.000 0.340
1815.000 0.341
1820.000 0.344
1825.000 0.349
1830.000 0.351
1835.000 0.357
1840.000 0.362
1845.000 0.365
1850.000 0.365
1855.000 0.363
1860.000 0.367
1865.000 0.369
1870.000 0.367
1875.000 0.367
1880.000 0.369
1885.000 0.370
1890.000 0.370
1895.000 0.369
1900.000 0.368
1905.000 0.365
1910.000 0.364
1915.000 0.363
1920.000 0.361
1925.000 0.360
1930.000 0.358
1935.000 0.352
1940.000 0.352
1945.000 0.349
1950.000 0.348
1955.000 0.346
1960.000 0.343
1965.000 0.339
1970.000 0.337
1975.000 0.329
1980.000 0.332
1985.000 0.334
1990.000 0.330
1995.000 0.324
2000.000 0.319
2005.000 0.326
2010.000 0.325
2015.000 0.317
2020.000 0.320
2025.000 0.314
2030.000 0.316
2035.000 0.308
2040.000 0.312
2045.000 0.306
2050.000 0.312
2055.000 0.305
2060.000 0.307
2065.000 0.304
2070.000 0.302
2075.000 0.303
2080.000 0.303
2085.000 0.303
2090.000 0.302
2095.000 0.303
2100.000 0.303
2105.000 0.302
2110.000 0.302
2115.000 0.305
2120.000 0.305
2125.000 0.306
2130.000 0.308
2135.000 0.311
2140.000 0.311
2145.000 0.314
2150.000 0.317
2155.000 0.321
2160.000 0.323
2165.000 0.327
2170.000 0.331
2175.000 0.334
2180.000 0.339
2185.000 0.347
2190.000 0.352
2195.000 0.359
2200.000 0.368
2205.000 0.378
2210.000 0.386
2215.000 0.399
2220.000 0.412
2225.000 0.428
2230.000 0.446
2235.000 0.455
2240.000 0.482
2245.000 0.513
2250.000 0.544
2255.000 0.587
2260.000 0.639
2265.000 0.710
2270.000 0.822
2275.000 0.965
2280.000 1.151
2285.000 1.525
2290.000 4.153
2295.000 10.072
2300.000 11.771
2305.000 5.450
2310.000 2.512
2315.000 1.489
2320.000 0.944
2325.000 0.649
2330.000 0.468
2335.000 0.350
2340.000 0.270
2345.000 0.212
2350.000 0.172
2355.000 0.156
2360.000 0.130
2365.000 0.109
2370.000 0.093
2375.000 0.079
2380.000 0.068
2385.000 0.058
2390.000 0.049
2395.000 0.042
2400.000 0.037
2405.000 0.033
2410.000 0.028
2415.000 0.026
2420.000 0.025
2425.000 0.022
2430.000 0.021
2435.000 0.021
2440.000 0.021
2445.000 0.022
2450.000 0.021
2455.000 0.023
2460.000 0.024
2465.000 0.025
2470.000 0.026
2475.000 0.027
2480.000 0.027
2485.000 0.028
2490.000 0.029
2495.000 0.030
2500.000 0.031
2505.000 0.032
2510.000 0.033
2515.000 0.033
2520.000 0.034
2525.000 0.035
2530.000 0.035
2535.000 0.035
2540.000 0.036
2545.000 0.037
2550.000 0.038
2555.000 0.038
2560.000 0.038
2565.000 0.039
2570.000 0.039
2575.000 0.040
2580.000 0.040
2585.000 0.040
2590.000 0.041
2595.000 0.041
2600.000 0.041
2605.000 0.041
2610.000 0.041
2615.000 0.042
2620.000 0.042
2625.000 0.041
2630.000 0.042
2635.000 0.041
2640.000 0.043
2645.000 0.042
2650.000 0.043
2655.000 0.043
2660.000 0.043
2665.000 0.042
2670.000 0.042
2675.000 0.043
2680.000 0.042
2685.000 0.042
2690.000 0.042
2695.000 0.041
2700.000 0.042
2705.000 0.042
2710.000 0.041
2715.000 0.040
2720.000 0.041
2725.000 0.041
2730.000 0.041
2735.000 0.041
2740.000 0.041
2745.000 0.041
2750.000 0.041
2755.000 0.040
2760.000 0.041
2765.000 0.041
2770.000 0.040
2775.000 0.041
2780.000 0.041
2785.000 0.040
2790.000 0.041
2795.000 0.041
2800.000 0.041
2805.000 0.044
2810.000 0.044
2815.000 0.044
2820.000 0.043
2825.000 0.044
2830.000 0.043
2835.000 0.043
2840.000 0.044
2845.000 0.044
2850.000 0.045
2855.000 0.045
2860.000 0.045
2865.000 0.047
2870.000 0.048
2875.000 0.048
2880.000 0.050
2885.000 0.050
2890.000 0.051
2895.000 0.052
2900.000 0.053
2905.000 0.053
2910.000 0.055
2915.000 0.055
2920.000 0.055
2925.000 0.058
2930.000 0.060
2935.000 0.059
2940.000 0.063
2945.000 0.063
2950.000 0.064
2955.000 0.065
2960.000 0.063
2965.000 0.067
2970.000 0.066
2975.000 0.070
2980.000 0.070
2985.000 0.068
2990.000 0.071
2995.000 0.073
3000.000 0.072
3005.000 0.075
3010.000 0.077
3015.000 0.074
3020.000 0.081
3025.000 0.080
3030.000 0.079
3035.000 0.083
3040.000 0.082
3045.000 0.083
3050.000 0.081
3055.000 0.083
3060.000 0.084
3065.000 0.082
3070.000 0.084
3075.000 0.083
3080.000 0.084
3085.000 0.085
3090.000 0.086
3095.000 0.086
3100.000 0.087
3105.000 0.087
3110.000 0.088
3115.000 0.087
3120.000 0.089
3125.000 0.089
3130.000 0.090
3135.000 0.092
3140.000 0.090
3145.000 0.091
3150.000 0.090
3155.000 0.091
3160.000 0.091
3165.000 0.093
3170.000 0.094
3175.000 0.093
3180.000 0.094
3185.000 0.093
3190.000 0.094
3195.000 0.094
3200.000 0.095
3205.000 0.095
3210.000 0.096
3215.000 0.097
3220.000 0.098
3225.000 0.098
3230.000 0.097
3235.000 0.098
3240.000 0.098
3245.000 0.098
3250.000 0.099
3255.000 0.098
3260.000 0.101
3265.000 0.100
3270.000 0.102
3275.000 0.101
3280.000 0.102
3285.000 0.103
3290.000 0.102
3295.000 0.103
3300.000 0.104
3305.000 0.104
3310.000 0.105
3315.000 0.108
3320.000 0.107
3325.000 0.109
3330.000 0.107
3335.000 0.108
3340.000 0.110
3345.000 0.110
3350.000 0.110
3355.000 0.111
3360.000 0.113
3365.000 0.114
3370.000 0.113
3375.000 0.115
3380.000 0.116
3385.000 0.116
3390.000 0.117
3395.000 0.118
3400.000 0.120
3405.000 0.122
3410.000 0.123
3415.000 0.122
3420.000 0.124
3425.000 0.125
3430.000 0.126
3435.000 0.128
3440.000 0.130
3445.000 0.130
3450.000 0.133
3455.000 0.134
3460.000 0.134
3465.000 0.136
3470.000 0.139
3475.000 0.143
3480.000 0.145
3485.000 0.147
3490.000 0.149
3495.000 0.151
3500.000 0.155
3505.000 0.157
3510.000 0.161
3515.000 0.163
3520.000 0.164
3525.000 0.171
3530.000 0.173
3535.000 0.179
3540.000 0.184
3545.000 0.190
3550.000 0.196
3555.000 0.203
3560.000 0.212
3565.000 0.221
3570.000 0.231
3575.000 0.242
3580.000 0.249
3585.000 0.264
3590.000 0.282
3595.000 0.305
3600.000 0.330
3605.000 0.357
3610.000 0.382
3615.000 0.414
3620.000 0.454
3625.000 0.505
3630.000 0.579
3635.000 0.625
3640.000 0.746
3645.000 0.928
3650.000 1.226
3655.000 1.709
3660.000 2.541
3665.000 3.895
3670.000 6.100
3675.000 9.339
3680.000 9.791
3685.000 6.269
3690.000 3.495
3695.000 2.820
3700.000 1.830
3705.000 1.297
3710.000 0.979
3715.000 0.768
3720.000 0.629
3725.000 0.524
3730.000 0.446
3735.000 0.392
3740.000 0.345
3745.000 0.309
3750.000 0.281
3755.000 0.259
3760.000 0.250
3765.000 0.233
3770.000 0.218
3775.000 0.206
3780.000 0.195
3785.000 0.186
3790.000 0.178
3795.000 0.172
3800.000 0.165
3805.000 0.161
3810.000 0.155
3815.000 0.151
3820.000 0.149
3825.000 0.145
3830.000 0.142
3835.000 0.139
3840.000 0.136
3845.000 0.132
3850.000 0.131
3855.000 0.128
3860.000 0.127
3865.000 0.123
3870.000 0.121
3875.000 0.120
3880.000 0.119
3885.000 0.117
3890.000 0.117
3895.000 0.115
3900.000 0.113
3905.000 0.112
3910.000 0.112
3915.000 0.109
3920.000 0.109
3925.000 0.108
3930.000 0.107
3935.000 0.106
3940.000 0.104
3945.000 0.104
3950.000 0.102
3955.000 0.105
3960.000 0.102
3965.000 0.101
3970.000 0.101
3975.000 0.102
3980.000 0.102
3985.000 0.097
3990.000 0.099
3995.000 0.098
4000.000 0.100
4005.000 0.095
4010.000 0.096
4015.000 0.095
4020.000 0.100
4025.000 0.100
4030.000 0.098
4035.000 0.096
4040.000 0.094
4045.000 0.095
4050.000 0.096
4055.000 0.098
4060.000 0.096
4065.000 0.096
4070.000 0.095
4075.000 0.094
4080.000 0.096
4085.000 0.095
4090.000 0.095
4095.000 0.096
4100.000 0.095
4105.000 0.096
4110.000 0.095
4115.000 0.096
4120.000 0.095
4125.000 0.096
4130.000 0.095
4135.000 0.096
4140.000 0.097
4145.000 0.094
4150.000 0.096
4155.000 0.097
4160.000 0.096
4165.000 0.098
4170.000 0.096
4175.000 0.098
4180.000 0.096
4185.000 0.096
4190.000 0.097
4195.000 0.098
4200.000 0.098
4205.000 0.097
4210.000 0.098
4215.000 0.098
4220.000 0.098
4225.000 0.098
4230.000 0.097
4235.000 0.099
4240.000 0.098
4245.000 0.098
4250.000 0.098
4255.000 0.097
4260.000 0.098
4265.000 0.097
4270.000 0.098
4275.000 0.096
4280.000 0.097
4285.000 0.097
4290.000 0.095
4295.000 0.094
4300.000 0.093
4305.000 0.093
4310.000 0.093
4315.000 0.092
4320.000 0.091
4325.000 0.091
4330.000 0.091
4335.000 0.089
4340.000 0.090
4345.000 0.089
4350.000 0.088
4355.000 0.087
4360.000 0.089
4365.000 0.088
4370.000 0.087
4375.000 0.089
4380.000 0.087
4385.000 0.087
4390.000 0.088
4395.000 0.088
4400.000 0.088
4405.000 0.088
4410.000 0.089
4415.000 0.088
4420.000 0.089
4425.000 0.089
4430.000 0.090
4435.000 0.090
4440.000 0.089
4445.000 0.090
4450.000 0.090
4455.000 0.091
4460.000 0.091
4465.000 0.091
4470.000 0.091
4475.000 0.091
4480.000 0.091
4485.000 0.093
4490.000 0.091
4495.000 0.092
4500.000 0.092
4505.000 0.094
4510.000 0.092
4515.000 0.093
4520.000 0.095
4525.000 0.094
4530.000 0.095
4535.000 0.095
4540.000 0.097
4545.000 0.096
4550.000 0.096
4555.000 0.097
4560.000 0.098
4565.000 0.098
4570.000 0.098
4575.000 0.099
4580.000 0.100
4585.000 0.101
4590.000 0.103
4595.000 0.102
4600.000 0.103
4605.000 0.104
4610.000 0.105
4615.000 0.105
4620.000 0.106
4625.000 0.107
4630.000 0.108
4635.000 0.109
4640.000 0.110
4645.000 0.111
4650.000 0.113
4655.000 0.115
4660.000 0.117
4665.000 0.119
4670.000 0.119
4675.000 0.121
4680.000 0.122
4685.000 0.125
4690.000 0.128
4695.000 0.129
4700.000 0.132
4705.000 0.136
4710.000 0.137
4715.000 0.141
4720.000 0.146
4725.000 0.149
4730.000 0.148
4735.000 0.151
4740.000 0.154
4745.000 0.157
4750.000 0.160
4755.000 0.163
4760.000 0.167
4765.000 0.171
4770.000 0.175
4775.000 0.181
4780.000 0.181
4785.000 0.185
4790.000 0.193
4795.000 0.195
4800.000 0.201
4805.000 0.207
4810.000 0.215
4815.000 0.223
4820.000 0.231
4825.000 0.241
4830.000 0.251
4835.000 0.266
4840.000 0.279
4845.000 0.296
4850.000 0.302
4855.000 0.323
4860.000 0.346
4865.000 0.372
4870.000 0.401
4875.000 0.437
4880.000 0.482
4885.000 0.528
4890.000 0.593
4895.000 0.679
4900.000 0.794
4905.000 0.967
4910.000 1.094
4915.000 1.400
4920.000 1.905
4925.000 2.765
4930.000 4.142
4935.000 5.826
4940.000 4.225
4945.000 4.692
4950.000 5.757
4955.000 8.788
4960.000 8.848
4965.000 5.089
4970.000 3.469
4975.000 2.858
4980.000 2.064
4985.000 1.581
4990.000 1.261
4995.000 1.047
5000.000 0.898
5005.000 0.793
5010.000 0.723
5015.000 0.649
5020.000 0.600
5025.000 0.552
5030.000 0.506
5035.000 0.491
5040.000 0.460
5045.000 0.433
5050.000 0.409
5055.000 0.391
5060.000 0.374
5065.000 0.358
5070.000 0.345
5075.000 0.335
5080.000 0.330
5085.000 0.318
5090.000 0.312
5095.000 0.310
5100.000 0.301
5105.000 0.295
5110.000 0.290
5115.000 0.284
5120.000 0.281
5125.000 0.278
5130.000 0.272
5135.000 0.270
5140.000 0.267
5145.000 0.263
5150.000 0.259
5155.000 0.257
5160.000 0.255
5165.000 0.253
5170.000 0.251
5175.000 0.249
5180.000 0.247
5185.000 0.246
5190.000 0.242
5195.000 0.242
5200.000 0.239
5205.000 0.239
5210.000 0.237
5215.000 0.234
5220.000 0.235
5225.000 0.233
5230.000 0.232
5235.000 0.230
5240.000 0.228
5245.000 0.228
5250.000 0.226
5255.000 0.225
5260.000 0.222
5265.000 0.222
5270.000 0.221
5275.000 0.220
5280.000 0.219
5285.000 0.218
5290.000 0.216
5295.000 0.214
5300.000 0.213
5305.000 0.213
5310.000 0.211
5315.000 0.210
5320.000 0.208
5325.000 0.207
5330.000 0.205
5335.000 0.204
5340.000 0.202
5345.000 0.202
5350.000 0.201
5355.000 0.198
5360.000 0.197
5365.000 0.196
5370.000 0.195
5375.000 0.193
5380.000 0.193
5385.000 0.191
5390.000 0.189
5395.000 0.186
5400.000 0.187
5405.000 0.184
5410.000 0.184
5415.000 0.181
5420.000 0.181
5425.000 0.179
5430.000 0.178
5435.000 0.177
5440.000 0.174
5445.000 0.172
5450.000 0.173
5455.000 0.171
5460.000 0.170
5465.000 0.169
5470.000 0.168
5475.000 0.166
5480.000 0.164
5485.000 0.163
5490.000 0.162
5495.000 0.160
5500.000 0.159
5505.000 0.159
5510.000 0.157
5515.000 0.157
5520.000 0.156
5525.000 0.156
5530.000 0.155
5535.000 0.154
5540.000 0.151
5545.000 0.150
5550.000 0.149
5555.000 0.148
5560.000 0.146
5565.000 0.145
5570.000 0.144
5575.000 0.145
5580.000 0.143
5585.000 0.142
5590.000 0.141
5595.000 0.141
5600.000 0.140
5605.000 0.138
5610.000 0.139
5615.000 0.138
5620.000 0.136
5625.000 0.136
5630.000 0.136
5635.000 0.135
5640.000 0.135
5645.000 0.135
5650.000 0.134
5655.000 0.134
5660.000 0.133
5665.000 0.132
5670.000 0.130
5675.000 0.132
5680.000 0.131
5685.000 0.130
5690.000 0.129
5695.000 0.128
5700.000 0.128
5705.000 0.128
5710.000 0.130
5715.000 0.128
5720.000 0.128
5725.000 0.128
5730.000 0.127
5735.000 0.126
5740.000 0.126
5745.000 0.126
5750.000 0.125
5755.000 0.125
5760.000 0.124
5765.000 0.125
5770.000 0.125
5775.000 0.124
5780.000 0.125
5785.000 0.124
5790.000 0.123
5795.000 0.123
5800.000 0.122
5805.000 0.123
5810.000 0.123
5815.000 0.123
5820.000 0.122
5825.000 0.122
5830.000 0.123
5835.000 0.122
5840.000 0.122
5845.000 0.121
5850.000 0.121
5855.000 0.123
5860.000 0.122
5865.000 0.121
5870.000 0.120
5875.000 0.120
5880.000 0.121
5885.000 0.121
5890.000 0.121
5895.000 0.121
5900.000 0.122
5905.000 0.121
5910.000 0.120
5915.000 0.120
5920.000 0.121
5925.000 0.119
5930.000 0.119
5935.000 0.121
5940.000 0.118
5945.000 0.118
5950.000 0.117
5955.000 0.121
5960.000 0.119
5965.000 0.119
5970.000 0.118
5975.000 0.119
5980.000 0.120
5985.000 0.114
5990.000 0.118
5995.000 0.116
6000.000 0.114
6005.000 0.115
6010.000 0.116
6015.000 0.114
6020.000 0.119
6025.000 0.118
6030.000 0.119
6035.000 0.114
6040.000 0.116
6045.000 0.114
6050.000 0.117
6055.000 0.116
6060.000 0.118
6065.000 0.117
6070.000 0.116
6075.000 0.117
6080.000 0.116
6085.000 0.118
6090.000 0.120
6095.000 0.120
6100.000 0.123
6105.000 0.124
6110.000 0.127
6115.000 0.131
6120.000 0.134
6125.000 0.141
6130.000 0.146
6135.000 0.154
6140.000 0.167
6145.000 0.185
6150.000 0.205
6155.000 0.234
6160.000 0.279
6165.000 0.363
6170.000 0.529
6175.000 0.864
6180.000 1.422
6185.000 2.313
6190.000 2.777
6195.000 3.222
6200.000 2.529
6205.000 1.447
6210.000 0.896
6215.000 0.537
6220.000 0.370
6225.000 0.279
6230.000 0.225
6235.000 0.189
6240.000 0.165
6245.000 0.147
6250.000 0.135
6255.000 0.129
6260.000 0.121
6265.000 0.114
6270.000 0.110
6275.000 0.105
6280.000 0.102
6285.000 0.101
6290.000 0.098
6295.000 0.097
6300.000 0.097
6305.000 0.096
6310.000 0.092
6315.000 0.096
6320.000 0.096
6325.000 0.093
6330.000 0.093
6335.000 0.094
6340.000 0.092
6345.000 0.092
6350.000 0.091
6355.000 0.091
6360.000 0.090
6365.000 0.089
6370.000 0.091
6375.000 0.090
6380.000 0.090
6385.000 0.089
6390.000 0.089
6395.000 0.090
6400.000 0.090
6405.000 0.090
6410.000 0.089
6415.000 0.090
6420.000 0.090
6425.000 0.091
6430.000 0.092
6435.000 0.092
6440.000 0.093
6445.000 0.093
6450.000 0.095
6455.000 0.096
6460.000 0.098
6465.000 0.100
6470.000 0.105
6475.000 0.112
6480.000 0.120
6485.000 0.133
6490.000 0.152
6495.000 0.165
6500.000 0.211
6505.000 0.288
6510.000 0.436
6515.000 0.759
6520.000 1.534
6525.000 3.306
6530.000 5.340
6535.000 1.909
6540.000 1.211
6545.000 0.525
6550.000 0.419
6555.000 0.353
6560.000 0.282
6565.000 0.237
6570.000 0.206
6575.000 0.182
6580.000 0.167
6585.000 0.155
6590.000 0.147
6595.000 0.138
6600.000 0.132
6605.000 0.128
6610.000 0.124
6615.000 0.123
6620.000 0.119
6625.000 0.116
6630.000 0.114
6635.000 0.112
6640.000 0.111
6645.000 0.109
6650.000 0.108
6655.000 0.107
6660.000 0.107
6665.000 0.104
6670.000 0.105
6675.000 0.104
6680.000 0.104
6685.000 0.103
6690.000 0.102
6695.000 0.102
6700.000 0.101
6705.000 0.100
6710.000 0.100
6715.000 0.100
6720.000 0.100
6725.000 0.098
6730.000 0.098
6735.000 0.098
6740.000 0.097
6745.000 0.097
6750.000 0.099
6755.000 0.097
6760.000 0.097
6765.000 0.097
6770.000 0.096
6775.000 0.096
6780.000 0.096
6785.000 0.096
6790.000 0.095
6795.000 0.096
6800.000 0.095
6805.000 0.095
6810.000 0.094
6815.000 0.095
6820.000 0.094
6825.000 0.094
6830.000 0.094
6835.000 0.093
6840.000 0.093
6845.000 0.092
6850.000 0.092
6855.000 0.093
6860.000 0.092
6865.000 0.091
6870.000 0.093
6875.000 0.092
6880.000 0.091
6885.000 0.092
6890.000 0.091
6895.000 0.091
6900.000 0.090
6905.000 0.090
6910.000 0.090
6915.000 0.091
6920.000 0.091
6925.000 0.090
6930.000 0.090
6935.000 0.089
6940.000 0.090
6945.000 0.091
6950.000 0.090
6955.000 0.089
6960.000 0.088
6965.000 0.088
6970.000 0.090
6975.000 0.090
6980.000 0.090
6985.000 0.088
6990.000 0.090
6995.000 0.089
7000.000 0.088
7005.000 0.089
7010.000 0.088
7015.000 0.089
7020.000 0.085
7025.000 0.085
7030.000 0.086
7035.000 0.087
7040.000 0.088
7045.000 0.088
7050.000 0.087
7055.000 0.085
7060.000 0.085
7065.000 0.086
7070.000 0.086
7075.000 0.084
7080.000 0.087
7085.000 0.085
7090.000 0.087
7095.000 0.088
7100.000 0.086
7105.000 0.087
7110.000 0.086
7115.000 0.087
7120.000 0.087
7125.000 0.087
7130.000 0.087
7135.000 0.087
7140.000 0.088
7145.000 0.089
7150.000 0.090
7155.000 0.089
7160.000 0.091
7165.000 0.091
7170.000 0.091
7175.000 0.092
7180.000 0.093
7185.000 0.095
7190.000 0.098
7195.000 0.099
7200.000 0.100
7205.000 0.101
7210.000 0.104
7215.000 0.107
7220.000 0.109
7225.000 0.111
7230.000 0.114
7235.000 0.118
7240.000 0.123
7245.000 0.128
7250.000 0.134
7255.000 0.141
7260.000 0.150
7265.000 0.157
7270.000 0.170
7275.000 0.182
7280.000 0.197
7285.000 0.212
7290.000 0.216
7295.000 0.231
7300.000 0.249
7305.000 0.268
7310.000 0.287
7315.000 0.312
7320.000 0.342
7325.000 0.380
7330.000 0.426
7335.000 0.483
7340.000 0.563
7345.000 0.610
7350.000 0.737
7355.000 0.890
7360.000 1.073
7365.000 1.485
7370.000 1.998
7375.000 2.691
7380.000 3.597
7385.000 4.691
7390.000 5.587
7395.000 5.650
7400.000 4.491
7405.000 3.722
7410.000 2.415
7415.000 1.548
7420.000 1.243
7425.000 1.099
7430.000 0.947
7435.000 0.822
7440.000 0.721
7445.000 0.649
7450.000 0.599
7455.000 0.562
7460.000 0.530
7465.000 0.504
7470.000 0.491
7475.000 0.471
7480.000 0.450
7485.000 0.428
7490.000 0.405
7495.000 0.384
7500.000 0.367
7505.000 0.353
7510.000 0.340
7515.000 0.329
7520.000 0.317
7525.000 0.307
7530.000 0.304
7535.000 0.294
7540.000 0.287
7545.000 0.279
7550.000 0.273
7555.000 0.265
7560.000 0.264
7565.000 0.258
7570.000 0.253
7575.000 0.249
7580.000 0.245
7585.000 0.243
7590.000 0.239
7595.000 0.235
7600.000 0.232
7605.000 0.228
7610.000 0.227
7615.000 0.224
7620.000 0.222
7625.000 0.219
7630.000 0.217
7635.000 0.215
7640.000 0.213
7645.000 0.209
7650.000 0.209
7655.000 0.208
7660.000 0.206
7665.000 0.204
7670.000 0.204
7675.000 0.201
7680.000 0.200
7685.000 0.198
7690.000 0.198
7695.000 0.194
7700.000 0.194
7705.000 0.194
7710.000 0.192
7715.000 0.192
7720.000 0.190
7725.000 0.190
7730.000 0.189
7735.000 0.188
7740.000 0.186
7745.000 0.185
7750.000 0.186
7755.000 0.183
7760.000 0.183
7765.000 0.182
7770.000 0.180
7775.000 0.181
7780.000 0.180
7785.000 0.178
7790.000 0.178
7795.000 0.177
7800.000 0.176
7805.000 0.174
7810.000 0.174
7815.000 0.173
7820.000 0.170
7825.000 0.172
7830.000 0.172
7835.000 0.171
7840.000 0.168
7845.000 0.169
7850.000 0.167
7855.000 0.166
7860.000 0.165
7865.000 0.165
7870.000 0.162
7875.000 0.160
7880.000 0.160
7885.000 0.158
7890.000 0.156
7895.000 0.156
7900.000 0.154
7905.000 0.153
7910.000 0.150
7915.000 0.146
7920.000 0.145
7925.000 0.142
7930.000 0.137
7935.000 0.135
7940.000 0.127
7945.000 0.121
7950.000 0.115
7955.000 0.113
7960.000 0.102
7965.000 0.091
7970.000 0.076
7975.000 0.057
7980.000 0.041
7985.000 0.078
7990.000 0.225
7995.000 0.878
8000.000 1.661
8005.000 1.370
8010.000 1.668
8015.000 0.860
8020.000 0.886
8025.000 0.662
8030.000 0.558
8035.000 0.481
8040.000 0.419
8045.000 0.376
8050.000 0.346
8055.000 0.329
8060.000 0.318
8065.000 0.313
8070.000 0.302
8075.000 0.302
8080.000 0.299
8085.000 0.293
8090.000 0.292
8095.000 0.285
8100.000 0.277
8105.000 0.271
8110.000 0.268
8115.000 0.265
8120.000 0.266
8125.000 0.265
8130.000 0.267
8135.000 0.266
8140.000 0.265
8145.000 0.265
8150.000 0.265
8155.000 0.266
8160.000 0.265
8165.000 0.266
8170.000 0.266
8175.000 0.265
8180.000 0.268
8185.000 0.268
8190.000 0.269
8195.000 0.271
8200.000 0.271
8205.000 0.273
8210.000 0.272
8215.000 0.274
8220.000 0.275
8225.000 0.278
8230.000 0.279
8235.000 0.279
8240.000 0.282
8245.000 0.283
8250.000 0.282
8255.000 0.286
8260.000 0.287
8265.000 0.289
8270.000 0.291
8275.000 0.292
8280.000 0.295
8285.000 0.295
8290.000 0.299
8295.000 0.301
8300.000 0.305
8305.000 0.306
8310.000 0.308
8315.000 0.308
8320.000 0.314
8325.000 0.316
8330.000 0.322
8335.000 0.325
8340.000 0.330
8345.000 0.333
8350.000 0.338
8355.000 0.342
8360.000 0.345
8365.000 0.352
8370.000 0.359
8375.000 0.364
8380.000 0.367
8385.000 0.376
8390.000 0.386
8395.000 0.392
8400.000 0.401
8405.000 0.410
8410.000 0.422
8415.000 0.432
8420.000 0.446
8425.000 0.464
8430.000 0.481
8435.000 0.505
8440.000 0.516
8445.000 0.545
8450.000 0.584
8455.000 0.638
8460.000 0.730
8465.000 0.896
8470.000 1.272
8475.000 2.108
8480.000 2.850
8485.000 1.212
8490.000 0.618
8495.000 0.473
8500.000 0.430
8505.000 0.500
8510.000 0.607
8515.000 0.706
8520.000 0.813
8525.000 0.930
8530.000 1.068
8535.000 1.282
8540.000 1.492
8545.000 1.771
8550.000 2.135
8555.000 2.524
8560.000 2.788
8565.000 3.397
8570.000 4.042
8575.000 4.592
8580.000 4.720
8585.000 4.177
8590.000 3.168
8595.000 2.275
8600.000 1.634
8605.000 1.212
8610.000 0.955
8615.000 0.798
8620.000 0.659
8625.000 0.604
8630.000 0.525
8635.000 0.463
8640.000 0.414
8645.000 0.374
8650.000 0.334
8655.000 0.301
8660.000 0.270
8665.000 0.243
8670.000 0.219
8675.000 0.199
8680.000 0.179
8685.000 0.171
8690.000 0.157
8695.000 0.145
8700.000 0.133
8705.000 0.124
8710.000 0.114
8715.000 0.107
8720.000 0.099
8725.000 0.092
8730.000 0.089
8735.000 0.079
8740.000 0.077
8745.000 0.074
8750.000 0.073
8755.000 0.069
8760.000 0.065
8765.000 0.063
8770.000 0.061
8775.000 0.058
8780.000 0.056
8785.000 0.055
8790.000 0.053
8795.000 0.051
8800.000 0.052
8805.000 0.051
8810.000 0.051
8815.000 0.048
8820.000 0.052
8825.000 0.052
8830.000 0.044
8835.000 0.048
8840.000 0.047
8845.000 0.050
8850.000 0.050
8855.000 0.051
8860.000 0.050
8865.000 0.051
8870.000 0.052
8875.000 0.053
8880.000 0.053
8885.000 0.054
8890.000 0.054
8895.000 0.056
8900.000 0.056
8905.000 0.057
8910.000 0.058
8915.000 0.059
8920.000 0.060
8925.000 0.060
8930.000 0.061
8935.000 0.061
8940.000 0.062
8945.000 0.063
8950.000 0.065
8955.000 0.065
8960.000 0.067
8965.000 0.066
8970.000 0.068
8975.000 0.068
8980.000 0.070
8985.000 0.070
8990.000 0.069
8995.000 0.070
9000.000 0.073
9005.000 0.072
9010.000 0.075
9015.000 0.074
9020.000 0.078
9025.000 0.079
9030.000 0.078
9035.000 0.079
9040.000 0.080
9045.000 0.081
9050.000 0.082
9055.000 0.083
9060.000 0.084
9065.000 0.086
9070.000 0.086
9075.000 0.088
9080.000 0.088
9085.000 0.090
9090.000 0.092
9095.000 0.093
9100.000 0.093
9105.000 0.094
9110.000 0.094
9115.000 0.096
9120.000 0.097
9125.000 0.099
9130.000 0.100
9135.000 0.102
9140.000 0.102
9145.000 0.103
9150.000 0.105
9155.000 0.107
9160.000 0.108
9165.000 0.109
9170.000 0.109
9175.000 0.110
9180.000 0.111
9185.000 0.114
9190.000 0.115
9195.000 0.116
9200.000 0.119
9205.000 0.119
9210.000 0.120
9215.000 0.122
9220.000 0.124
9225.000 0.126
9230.000 0.128
9235.000 0.128
9240.000 0.130
9245.000 0.132
9250.000 0.134
9255.000 0.136
9260.000 0.138
9265.000 0.141
9270.000 0.144
9275.000 0.148
9280.000 0.149
9285.000 0.155
9290.000 0.158
9295.000 0.160
9300.000 0.165
9305.000 0.170
9310.000 0.176
9315.000 0.182
9320.000 0.189
9325.000 0.199
9330.000 0.207
9335.000 0.214
9340.000 0.225
9345.000 0.237
9350.000 0.245
9355.000 0.256
9360.000 0.275
9365.000 0.295
9370.000 0.323
9375.000 0.357
9380.000 0.412
9385.000 0.519
9390.000 0.690
9395.000 1.018
9400.000 1.619
9405.000 2.376
9410.000 2.879
9415.000 2.618
9420.000 1.235
9425.000 1.240
9430.000 0.868
9435.000 0.439
9440.000 0.306
9445.000 0.222
9450.000 0.166
9455.000 0.129
9460.000 0.101
9465.000 0.083
9470.000 0.067
9475.000 0.061
9480.000 0.052
9485.000 0.044
9490.000 0.038
9495.000 0.034
9500.000 0.031
9505.000 0.030
9510.000 0.029
9515.000 0.029
9520.000 0.029
9525.000 0.029
9530.000 0.030
9535.000 0.033
9540.000 0.032
9545.000 0.033
9550.000 0.035
9555.000 0.035
9560.000 0.036
9565.000 0.038
9570.000 0.039
9575.000 0.039
9580.000 0.040
9585.000 0.041
9590.000 0.042
9595.000 0.045
9600.000 0.045
9605.000 0.045
9610.000 0.045
9615.000 0.045
9620.000 0.046
9625.000 0.048
9630.000 0.048
9635.000 0.049
9640.000 0.048
9645.000 0.049
9650.000 0.049
9655.000 0.050
9660.000 0.051
9665.000 0.051
9670.000 0.050
9675.000 0.051
9680.000 0.050
9685.000 0.051
9690.000 0.051
9695.000 0.051
9700.000 0.050
9705.000 0.048
9710.000 0.048
9715.000 0.048
9720.000 0.047
9725.000 0.048
9730.000 0.053
9735.000 0.064
9740.000 0.085
9745.000 0.117
9750.000 0.156
9755.000 0.181
9760.000 0.188
9765.000 0.184
9770.000 0.180
9775.000 0.179
9780.000 0.184
9785.000 0.193
9790.000 0.210
9795.000 0.235
9800.000 0.272
9805.000 0.305
9810.000 0.272
9815.000 0.197
9820.000 0.135
9825.000 0.097
9830.000 0.077
9835.000 0.066
9840.000 0.061
9845.000 0.056
9850.000 0.055
9855.000 0.055
9860.000 0.053
9865.000 0.054
9870.000 0.055
9875.000 0.055
9880.000 0.056
9885.000 0.056
9890.000 0.057
9895.000 0.058
9900.000 0.057
9905.000 0.059
9910.000 0.058
9915.000 0.058
9920.000 0.059
9925.000 0.060
9930.000 0.060
9935.000 0.061
9940.000 0.060
9945.000 0.060
9950.000 0.060
9955.000 0.062
9960.000 0.060
9965.000 0.058
9970.000 0.060
9975.000 0.058
9980.000 0.059
9985.000 0.060
9990.000 0.057
9995.000 0.056
10000.000 0.058
10005.000 0.056
10010.000 0.054
10015.000 0.056
10020.000 0.051
10025.000 0.055
10030.000 0.052
10035.000 0.048
10040.000 0.047
10045.000 0.042
10050.000 0.041
10055.000 0.036
10060.000 0.032
10065.000 0.027
10070.000 0.020
10075.000 0.012
10080.000 0.009
10085.000 0.011
10090.000 0.031
10095.000 0.078
10100.000 0.272
10105.000 0.868
10110.000 1.377
10115.000 0.973
10120.000 0.532
10125.000 0.385
10130.000 0.286
10135.000 0.251
10140.000 0.214
10145.000 0.199
10150.000 0.176
10155.000 0.157
10160.000 0.142
10165.000 0.129
10170.000 0.121
10175.000 0.116
10180.000 0.114
10185.000 0.112
10190.000 0.112
10195.000 0.109
10200.000 0.108
10205.000 0.107
10210.000 0.106
10215.000 0.105
10220.000 0.103
10225.000 0.103
10230.000 0.102
10235.000 0.100
10240.000 0.099
10245.000 0.101
10250.000 0.101
10255.000 0.100
10260.000 0.098
10265.000 0.098
10270.000 0.096
10275.000 0.095
10280.000 0.095
10285.000 0.097
10290.000 0.095
10295.000 0.095
10300.000 0.093
10305.000 0.093
10310.000 0.093
10315.000 0.092
10320.000 0.091
10325.000 0.091
10330.000 0.092
10335.000 0.090
10340.000 0.089
10345.000 0.090
10350.000 0.087
10355.000 0.088
10360.000 0.088
10365.000 0.086
10370.000 0.085
10375.000 0.085
10380.000 0.086
10385.000 0.087
10390.000 0.085
10395.000 0.084
10400.000 0.083
10405.000 0.084
10410.000 0.083
10415.000 0.080
10420.000 0.080
10425.000 0.080
10430.000 0.081
10435.000 0.081
10440.000 0.078
10445.000 0.076
10450.000 0.076
10455.000 0.076
10460.000 0.074
10465.000 0.073
10470.000 0.072
10475.000 0.071
10480.000 0.071
10485.000 0.072
10490.000 0.071
10495.000 0.070
10500.000 0.068
10505.000 0.067
10510.000 0.069
10515.000 0.068
10520.000 0.066
10525.000 0.064
10530.000 0.063
10535.000 0.064
10540.000 0.060
10545.000 0.059
10550.000 0.057
10555.000 0.057
10560.000 0.056
10565.000 0.054
10570.000 0.054
10575.000 0.053
10580.000 0.049
10585.000 0.048
10590.000 0.047
10595.000 0.045
10600.000 0.043
10605.000 0.041
10610.000 0.039
10615.000 0.036
10620.000 0.034
10625.000 0.032
10630.000 0.031
10635.000 0.029
10640.000 0.027
10645.000 0.025
10650.000 0.023
10655.000 0.021
10660.000 0.019
10665.000 0.018
10670.000 0.016
10675.000 0.020
10680.000 0.020
10685.000 0.019
10690.000 0.023
10695.000 0.025
10700.000 0.031
10705.000 0.041
10710.000 0.049
10715.000 0.063
10720.000 0.086
10725.000 0.114
10730.000 0.152
10735.000 0.196
10740.000 0.249
10745.000 0.324
10750.000 0.432
10755.000 0.502
10760.000 0.691
10765.000 0.954
10770.000 1.218
10775.000 1.310
10780.000 1.060
10785.000 0.751
10790.000 0.552
10795.000 0.400
10800.000 0.223
10805.000 0.105
10810.000 0.137
10815.000 0.104
10820.000 0.082
10825.000 0.062
10830.000 0.044
10835.000 0.037
10840.000 0.036
10845.000 0.045
10850.000 0.060
10855.000 0.084
10860.000 0.125
10865.000 0.190
10870.000 0.290
10875.000 0.346
10880.000 0.470
10885.000 0.609
10890.000 0.775
10895.000 0.971
10900.000 1.182
10905.000 1.387
10910.000 1.533
10915.000 1.568
10920.000 1.483
10925.000 1.334
10930.000 1.170
10935.000 1.091
10940.000 0.946
10945.000 0.821
10950.000 0.712
10955.000 0.611
10960.000 0.532
10965.000 0.473
10970.000 0.444
10975.000 0.447
10980.000 0.492
10985.000 0.538
10990.000 0.532
10995.000 0.494
11000.000 0.469
11005.000 0.432
11010.000 0.398
11015.000 0.369
11020.000 0.352
11025.000 0.339
11030.000 0.335
11035.000 0.324
11040.000 0.325
11045.000 0.311
11050.000 0.298
11055.000 0.294
11060.000 0.285
11065.000 0.276
11070.000 0.271
11075.000 0.267
11080.000 0.262
11085.000 0.259
11090.000 0.257
11095.000 0.254
11100.000 0.250
11105.000 0.247
11110.000 0.242
11115.000 0.242
11120.000 0.238
11125.000 0.235
11130.000 0.233
11135.000 0.232
11140.000 0.228
11145.000 0.228
11150.000 0.224
11155.000 0.223
11160.000 0.219
11165.000 0.218
11170.000 0.216
11175.000 0.216
11180.000 0.216
11185.000 0.216
11190.000 0.213
11195.000 0.211
11200.000 0.211
11205.000 0.209
11210.000 0.208
11215.000 0.206
11220.000 0.207
11225.000 0.204
11230.000 0.203
11235.000 0.203
11240.000 0.203
11245.000 0.202
11250.000 0.200
11255.000 0.201
11260.000 0.201
11265.000 0.201
11270.000 0.198
11275.000 0.199
11280.000 0.198
11285.000 0.196
11290.000 0.196
11295.000 0.195
11300.000 0.195
11305.000 0.192
11310.000 0.191
11315.000 0.193
11320.000 0.193
11325.000 0.191
11330.000 0.191
11335.000 0.192
11340.000 0.190
11345.000 0.190
11350.000 0.189
11355.000 0.189
11360.000 0.189
11365.000 0.188
11370.000 0.188
11375.000 0.188
11380.000 0.186
11385.000 0.188
11390.000 0.188
11395.000 0.189
11400.000 0.186
11405.000 0.185
11410.000 0.185
11415.000 0.185
11420.000 0.187
11425.000 0.185
11430.000 0.184
11435.000 0.184
11440.000 0.185
11445.000 0.184
11450.000 0.182
11455.000 0.184
11460.000 0.184
11465.000 0.181
11470.000 0.183
11475.000 0.184
11480.000 0.183
11485.000 0.182
11490.000 0.182
11495.000 0.182
11500.000 0.182
11505.000 0.181
11510.000 0.180
11515.000 0.179
11520.000 0.180
11525.000 0.180
11530.000 0.178
11535.000 0.180
11540.000 0.179
11545.000 0.178
11550.000 0.177
11555.000 0.176
11560.000 0.174
11565.000 0.173
11570.000 0.171
11575.000 0.172
11580.000 0.169
11585.000 0.167
11590.000 0.165
11595.000 0.162
11600.000 0.158
11605.000 0.156
11610.000 0.150
11615.000 0.140
11620.000 0.130
11625.000 0.121
11630.000 0.131
11635.000 0.231
11640.000 0.398
11645.000 0.377
11650.000 0.565
11655.000 0.495
11660.000 0.375
11665.000 0.356
11670.000 0.311
11675.000 0.279
11680.000 0.260
11685.000 0.243
11690.000 0.232
11695.000 0.223
11700.000 0.221
11705.000 0.219
11710.000 0.217
11715.000 0.218
11720.000 0.217
11725.000 0.217
11730.000 0.217
11735.000 0.217
11740.000 0.216
11745.000 0.216
11750.000 0.215
11755.000 0.215
11760.000 0.216
11765.000 0.217
11770.000 0.220
11775.000 0.219
11780.000 0.218
11785.000 0.217
11790.000 0.219
11795.000 0.221
11800.000 0.221
11805.000 0.223
11810.000 0.222
11815.000 0.224
11820.000 0.226
11825.000 0.228
11830.000 0.229
11835.000 0.231
11840.000 0.233
11845.000 0.233
11850.000 0.237
11855.000 0.239
11860.000 0.241
11865.000 0.244
11870.000 0.248
11875.000 0.253
11880.000 0.255
11885.000 0.259
11890.000 0.265
11895.000 0.268
11900.000 0.278
11905.000 0.286
11910.000 0.287
11915.000 0.297
11920.000 0.307
11925.000 0.324
11930.000 0.340
11935.000 0.364
11940.000 0.398
11945.000 0.453
11950.000 0.543
11955.000 0.668
11960.000 0.700
11965.000 0.412
11970.000 0.186
11975.000 0.047
11980.000 0.115
11985.000 0.185
11990.000 0.254
11995.000 0.308
12000.000 0.353
