105.000 0.013
110.000 0.134
115.000 0.906
120.000 1.037
125.000 1.182
130.000 1.229
135.000 1.284
140.000 1.372
145.000 1.338
150.000 1.330
155.000 1.298
160.000 1.315
165.000 1.273
170.000 1.227
175.000 1.219
180.000 1.219
185.000 1.199
190.000 1.163
195.000 1.267
200.000 1.222
205.000 1.236
210.000 1.249
215.000 1.301
220.000 1.304
225.000 1.317
230.000 1.345
235.000 1.351
240.000 1.374
245.000 1.387
250.000 1.422
255.000 1.413
260.000 1.421
265.000 1.447
270.000 1.432
275.000 1.429
280.000 1.431
285.000 1.427
290.000 1.397
295.000 1.396
300.000 1.399
305.000 1.395
310.000 1.445
315.000 1.451
320.000 1.484
325.000 1.532
330.000 1.590
335.000 1.634
340.000 1.655
345.000 1.727
350.000 1.815
355.000 1.906
360.000 1.961
365.000 2.078
370.000 2.159
375.000 2.271
380.000 2.412
385.000 2.516
390.000 2.654
395.000 2.782
400.000 2.868
405.000 2.904
410.000 2.956
415.000 2.943
420.000 2.866
425.000 2.709
430.000 2.454
435.000 2.170
440.000 1.895
445.000 1.647
450.000 1.432
455.000 1.241
460.000 1.172
465.000 1.046
470.000 0.968
475.000 0.899
480.000 0.840
485.000 0.783
490.000 0.737
495.000 0.690
500.000 0.650
505.000 0.615
510.000 0.575
515.000 0.551
520.000 0.537
525.000 0.509
530.000 0.486
535.000 0.461
540.000 0.438
545.000 0.416
550.000 0.399
555.000 0.381
560.000 0.361
565.000 0.343
570.000 0.323
575.000 0.306
580.000 0.296
585.000 0.286
590.000 0.273
595.000 0.263
600.000 0.253
605.000 0.242
610.000 0.236
615.000 0.231
620.000 0.222
625.000 0.212
630.000 0.208
635.000 0.204
640.000 0.195
645.000 0.195
650.000 0.189
655.000 0.186
660.000 0.178
665.000 0.178
670.000 0.171
675.000 0.170
680.000 0.168
685.000 0.165
690.000 0.159
695.000 0.156
700.000 0.153
705.000 0.156
710.000 0.151
715.000 0.146
720.000 0.144
725.000 0.145
730.000 0.141
735.000 0.138
740.000 0.136
745.000 0.137
750.000 0.133
755.000 0.131
760.000 0.130
765.000 0.130
770.000 0.128
775.000 0.125
780.000 0.127
785.000 0.126
790.000 0.129
795.000 0.122
800.000 0.121
805.000 0.124
810.000 0.125
815.000 0.122
820.000 0.122
825.000 0.118
830.000 0.119
835.000 0.116
840.000 0.116
845.000 0.115
850.000 0.115
855.000 0.112
860.000 0.116
865.000 0.113
870.000 0.112
875.000 0.115
880.000 0.111
885.000 0.110
890.000 0.111
895.000 0.109
900.000 0.112
905.000 0.109
910.000 0.114
915.000 0.107
920.000 0.110
925.000 0.109
930.000 0.109
935.000 0.107
940.000 0.109
945.000 0.107
950.000 0.111
955.000 0.104
960.000 0.106
965.000 0.110
970.000 0.106
975.000 0.107
980.000 0.105
985.000 0.109
990.000 0.104
995.000 0.102
1000.000 0.110
1005.000 0.104
1010.000 0.101
1015.000 0.101
1020.000 0.110
1025.000 0.113
1030.000 0.110
1035.000 0.104
1040.000 0.102
1045.000 0.103
1050.000 0.107
1055.000 0.102
1060.000 0.104
1065.000 0.106
1070.000 0.107
1075.000 0.107
1080.000 0.107
1085.000 0.104
1090.000 0.105
1095.000 0.105
1100.000 0.104
1105.000 0.103
1110.000 0.106
1115.000 0.108
1120.000 0.104
1125.000 0.106
1130.000 0.102
1135.000 0.104
1140.000 0.105
1145.000 0.103
1150.000 0.106
1155.000 0.106
1160.000 0.108
1165.000 0.105
1170.000 0.107
1175.000 0.106
1180.000 0.108
1185.000 0.107
1190.000 0.106
1195.000 0.105
1200.000 0.107
1205.000 0.109
1210.000 0.107
1215.000 0.108
1220.000 0.107
1225.000 0.106
1230.000 0.108
1235.000 0.107
1240.000 0.111
1245.000 0.108
1250.000 0.109
1255.000 0.112
1260.000 0.109
1265.000 0.111
1270.000 0.108
1275.000 0.112
1280.000 0.110
1285.000 0.111
1290.000 0.112
1295.000 0.113
1300.000 0.113
1305.000 0.114
1310.000 0.114
1315.000 0.114
1320.000 0.112
1325.000 0.115
1330.000 0.115
1335.000 0.114
1340.000 0.116
1345.000 0.116
1350.000 0.115
1355.000 0.116
1360.000 0.118
1365.000 0.119
1370.000 0.118
1375.000 0.118
1380.000 0.119
1385.000 0.120
1390.000 0.121
1395.000 0.120
1400.000 0.124
1405.000 0.122
1410.000 0.124
1415.000 0.121
1420.000 0.124
1425.000 0.124
1430.000 0.123
1435.000 0.125
1440.000 0.122
1445.000 0.124
1450.000 0.123
1455.000 0.122
1460.000 0.124
1465.000 0.122
1470.000 0.121
1475.000 0.119
1480.000 0.117
1485.000 0.119
1490.000 0.120
1495.000 0.120
1500.000 0.118
1505.000 0.121
1510.000 0.124
1515.000 0.127
1520.000 0.130
1525.000 0.130
1530.000 0.134
1535.000 0.137
1540.000 0.139
1545.000 0.136
1550.000 0.144
1555.000 0.146
1560.000 0.148
1565.000 0.148
1570.000 0.151
1575.000 0.153
1580.000 0.157
1585.000 0.160
1590.000 0.165
1595.000 0.163
1600.000 0.166
1605.000 0.169
1610.000 0.171
1615.000 0.175
1620.000 0.177
1625.000 0.182
1630.000 0.183
1635.000 0.187
1640.000 0.190
1645.000 0.194
1650.000 0.199
1655.000 0.200
1660.000 0.203
1665.000 0.208
1670.000 0.213
1675.000 0.216
1680.000 0.218
1685.000 0.224
1690.000 0.227
1695.000 0.233
1700.000 0.236
1705.000 0.240
1710.000 0.251
1715.000 0.252
1720.000 0.255
1725.000 0.265
1730.000 0.271
1735.000 0.275
1740.000 0.280
1745.000 0.284
1750.000 0.291
1755.000 0.302
1760.000 0.305
1765.000 0.311
1770.000 0.316
1775.000 0.324
1780.000 0.329
1785.000 0.335
1790.000 0.345
1795.000 0.347
1800.000 0.350
1805.000 0.357
1810.000 0.364
1815.000 0.369
1820.000 0.372
1825.000 0.376
1830.000 0.376
1835.000 0.381
1840.000 0.387
1845.000 0.392
1850.000 0.393
1855.000 0.393
1860.000 0.395
1865.000 0.397
1870.000 0.397
1875.000 0.398
1880.000 0.397
1885.000 0.396
1890.000 0.397
1895.000 0.396
1900.000 0.398
1905.000 0.395
1910.000 0.391
1915.000 0.391
1920.000 0.388
1925.000 0.387
1930.000 0.385
1935.000 0.380
1940.000 0.380
1945.000 0.376
1950.000 0.376
1955.000 0.371
1960.000 0.374
1965.000 0.367
1970.000 0.364
1975.000 0.359
1980.000 0.360
1985.000 0.360
1990.000 0.353
1995.000 0.353
2000.000 0.349
2005.000 0.355
2010.000 0.355
2015.000 0.347
2020.000 0.352
2025.000 0.344
2030.000 0.346
2035.000 0.336
2040.000 0.336
2045.000 0.336
2050.000 0.338
2055.000 0.335
2060.000 0.332
2065.000 0.336
2070.000 0.333
2075.000 0.335
2080.000 0.332
2085.000 0.335
2090.000 0.336
2095.000 0.335
2100.000 0.337
2105.000 0.336
2110.000 0.339
2115.000 0.337
2120.000 0.341
2125.000 0.345
2130.000 0.345
2135.000 0.347
2140.000 0.348
2145.000 0.353
2150.000 0.354
2155.000 0.359
2160.000 0.365
2165.000 0.370
2170.000 0.372
2175.000 0.377
2180.000 0.386
2185.000 0.392
2190.000 0.402
2195.000 0.409
2200.000 0.421
2205.000 0.434
2210.000 0.444
2215.000 0.460
2220.000 0.478
2225.000 0.487
2230.000 0.510
2235.000 0.536
2240.000 0.568
2245.000 0.602
2250.000 0.651
2255.000 0.714
2260.000 0.792
2265.000 0.910
2270.000 1.077
2275.000 1.339
2280.000 1.749
2285.000 2.095
2290.000 3.919
2295.000 8.741
2300.000 11.964
2305.000 6.246
2310.000 2.945
2315.000 1.708
2320.000 1.112
2325.000 0.777
2330.000 0.572
2335.000 0.432
2340.000 0.338
2345.000 0.273
2350.000 0.247
2355.000 0.205
2360.000 0.171
2365.000 0.146
2370.000 0.125
2375.000 0.107
2380.000 0.094
2385.000 0.081
2390.000 0.070
2395.000 0.061
2400.000 0.054
2405.000 0.046
2410.000 0.044
2415.000 0.038
2420.000 0.033
2425.000 0.028
2430.000 0.025
2435.000 0.021
2440.000 0.019
2445.000 0.017
2450.000 0.014
2455.000 0.013
2460.000 0.012
2465.000 0.011
2470.000 0.011
2475.000 0.012
2480.000 0.013
2485.000 0.014
2490.000 0.015
2495.000 0.016
2500.000 0.018
2505.000 0.018
2510.000 0.019
2515.000 0.019
2520.000 0.020
2525.000 0.022
2530.000 0.022
2535.000 0.023
2540.000 0.022
2545.000 0.025
2550.000 0.025
2555.000 0.025
2560.000 0.027
2565.000 0.028
2570.000 0.028
2575.000 0.028
2580.000 0.029
2585.000 0.029
2590.000 0.028
2595.000 0.029
2600.000 0.028
2605.000 0.030
2610.000 0.030
2615.000 0.030
2620.000 0.030
2625.000 0.029
2630.000 0.030
2635.000 0.032
2640.000 0.031
2645.000 0.031
2650.000 0.031
2655.000 0.030
2660.000 0.031
2665.000 0.029
2670.000 0.030
2675.000 0.029
2680.000 0.030
2685.000 0.030
2690.000 0.030
2695.000 0.029
2700.000 0.028
2705.000 0.028
2710.000 0.028
2715.000 0.027
2720.000 0.027
2725.000 0.027
2730.000 0.025
2735.000 0.024
2740.000 0.024
2745.000 0.023
2750.000 0.023
2755.000 0.022
2760.000 0.022
2765.000 0.020
2770.000 0.020
2775.000 0.019
2780.000 0.019
2785.000 0.017
2790.000 0.017
2795.000 0.016
2800.000 0.016
2805.000 0.015
2810.000 0.014
2815.000 0.014
2820.000 0.014
2825.000 0.014
2830.000 0.013
2835.000 0.013
2840.000 0.013
2845.000 0.014
2850.000 0.014
2855.000 0.015
2860.000 0.016
2865.000 0.017
2870.000 0.017
2875.000 0.019
2880.000 0.019
2885.000 0.021
2890.000 0.022
2895.000 0.023
2900.000 0.025
2905.000 0.025
2910.000 0.026
2915.000 0.028
2920.000 0.030
2925.000 0.030
2930.000 0.033
2935.000 0.033
2940.000 0.036
2945.000 0.037
2950.000 0.039
2955.000 0.038
2960.000 0.042
2965.000 0.044
2970.000 0.041
2975.000 0.045
2980.000 0.047
2985.000 0.045
2990.000 0.049
2995.000 0.049
3000.000 0.050
3005.000 0.052
3010.000 0.053
3015.000 0.050
3020.000 0.056
3025.000 0.055
3030.000 0.057
3035.000 0.058
3040.000 0.061
3045.000 0.061
3050.000 0.058
3055.000 0.061
3060.000 0.060
3065.000 0.062
3070.000 0.062
3075.000 0.062
3080.000 0.063
3085.000 0.065
3090.000 0.066
3095.000 0.067
3100.000 0.067
3105.000 0.067
3110.000 0.068
3115.000 0.070
3120.000 0.069
3125.000 0.070
3130.000 0.070
3135.000 0.070
3140.000 0.069
3145.000 0.070
3150.000 0.072
3155.000 0.072
3160.000 0.072
3165.000 0.073
3170.000 0.074
3175.000 0.075
3180.000 0.075
3185.000 0.075
3190.000 0.076
3195.000 0.076
3200.000 0.077
3205.000 0.077
3210.000 0.077
3215.000 0.077
3220.000 0.078
3225.000 0.078
3230.000 0.079
3235.000 0.079
3240.000 0.079
3245.000 0.079
3250.000 0.080
3255.000 0.081
3260.000 0.081
3265.000 0.081
3270.000 0.081
3275.000 0.082
3280.000 0.081
3285.000 0.081
3290.000 0.082
3295.000 0.083
3300.000 0.082
3305.000 0.085
3310.000 0.083
3315.000 0.084
3320.000 0.085
3325.000 0.085
3330.000 0.087
3335.000 0.087
3340.000 0.090
3345.000 0.095
3350.000 0.093
3355.000 0.092
3360.000 0.095
3365.000 0.092
3370.000 0.092
3375.000 0.092
3380.000 0.092
3385.000 0.092
3390.000 0.091
3395.000 0.091
3400.000 0.093
3405.000 0.092
3410.000 0.093
3415.000 0.094
3420.000 0.094
3425.000 0.094
3430.000 0.094
3435.000 0.095
3440.000 0.096
3445.000 0.097
3450.000 0.098
3455.000 0.097
3460.000 0.097
3465.000 0.099
3470.000 0.101
3475.000 0.101
3480.000 0.102
3485.000 0.105
3490.000 0.106
3495.000 0.105
3500.000 0.107
3505.000 0.109
3510.000 0.110
3515.000 0.112
3520.000 0.112
3525.000 0.115
3530.000 0.116
3535.000 0.118
3540.000 0.121
3545.000 0.123
3550.000 0.126
3555.000 0.128
3560.000 0.130
3565.000 0.133
3570.000 0.135
3575.000 0.138
3580.000 0.142
3585.000 0.146
3590.000 0.150
3595.000 0.158
3600.000 0.163
3605.000 0.171
3610.000 0.182
3615.000 0.194
3620.000 0.207
3625.000 0.227
3630.000 0.238
3635.000 0.269
3640.000 0.316
3645.000 0.391
3650.000 0.516
3655.000 0.739
3660.000 1.183
3665.000 1.929
3670.000 2.519
3675.000 1.600
3680.000 4.739
3685.000 5.501
3690.000 2.852
3695.000 1.709
3700.000 1.105
3705.000 0.773
3710.000 0.578
3715.000 0.455
3720.000 0.371
3725.000 0.310
3730.000 0.267
3735.000 0.232
3740.000 0.208
3745.000 0.198
3750.000 0.181
3755.000 0.167
3760.000 0.157
3765.000 0.147
3770.000 0.139
3775.000 0.134
3780.000 0.130
3785.000 0.126
3790.000 0.122
3795.000 0.118
3800.000 0.116
3805.000 0.112
3810.000 0.114
3815.000 0.110
3820.000 0.108
3825.000 0.108
3830.000 0.105
3835.000 0.103
3840.000 0.103
3845.000 0.101
3850.000 0.101
3855.000 0.100
3860.000 0.099
3865.000 0.098
3870.000 0.098
3875.000 0.098
3880.000 0.097
3885.000 0.096
3890.000 0.095
3895.000 0.094
3900.000 0.094
3905.000 0.094
3910.000 0.093
3915.000 0.092
3920.000 0.093
3925.000 0.093
3930.000 0.093
3935.000 0.093
3940.000 0.092
3945.000 0.092
3950.000 0.091
3955.000 0.092
3960.000 0.090
3965.000 0.089
3970.000 0.091
3975.000 0.092
3980.000 0.094
3985.000 0.088
3990.000 0.091
3995.000 0.088
4000.000 0.093
4005.000 0.088
4010.000 0.088
4015.000 0.088
4020.000 0.093
4025.000 0.092
4030.000 0.092
4035.000 0.089
4040.000 0.087
4045.000 0.089
4050.000 0.092
4055.000 0.088
4060.000 0.090
4065.000 0.091
4070.000 0.089
4075.000 0.091
4080.000 0.091
4085.000 0.092
4090.000 0.092
4095.000 0.091
4100.000 0.092
4105.000 0.094
4110.000 0.093
4115.000 0.093
4120.000 0.094
4125.000 0.094
4130.000 0.095
4135.000 0.095
4140.000 0.094
4145.000 0.095
4150.000 0.096
4155.000 0.097
4160.000 0.098
4165.000 0.097
4170.000 0.097
4175.000 0.098
4180.000 0.098
4185.000 0.100
4190.000 0.100
4195.000 0.100
4200.000 0.101
4205.000 0.101
4210.000 0.102
4215.000 0.102
4220.000 0.103
4225.000 0.103
4230.000 0.102
4235.000 0.104
4240.000 0.104
4245.000 0.105
4250.000 0.106
4255.000 0.107
4260.000 0.105
4265.000 0.106
4270.000 0.108
4275.000 0.107
4280.000 0.107
4285.000 0.106
4290.000 0.106
4295.000 0.107
4300.000 0.105
4305.000 0.106
4310.000 0.104
4315.000 0.103
4320.000 0.102
4325.000 0.103
4330.000 0.103
4335.000 0.102
4340.000 0.101
4345.000 0.101
4350.000 0.101
4355.000 0.101
4360.000 0.100
4365.000 0.102
4370.000 0.101
4375.000 0.100
4380.000 0.102
4385.000 0.102
4390.000 0.101
4395.000 0.104
4400.000 0.104
4405.000 0.105
4410.000 0.104
4415.000 0.104
4420.000 0.106
4425.000 0.106
4430.000 0.106
4435.000 0.106
4440.000 0.106
4445.000 0.107
4450.000 0.105
4455.000 0.107
4460.000 0.107
4465.000 0.107
4470.000 0.108
4475.000 0.108
4480.000 0.108
4485.000 0.107
4490.000 0.111
4495.000 0.109
4500.000 0.109
4505.000 0.111
4510.000 0.110
4515.000 0.110
4520.000 0.110
4525.000 0.111
4530.000 0.113
4535.000 0.112
4540.000 0.113
4545.000 0.113
4550.000 0.114
4555.000 0.112
4560.000 0.112
4565.000 0.114
4570.000 0.114
4575.000 0.117
4580.000 0.116
4585.000 0.116
4590.000 0.116
4595.000 0.117
4600.000 0.116
4605.000 0.118
4610.000 0.118
4615.000 0.119
4620.000 0.118
4625.000 0.120
4630.000 0.122
4635.000 0.121
4640.000 0.123
4645.000 0.124
4650.000 0.125
4655.000 0.125
4660.000 0.126
4665.000 0.127
4670.000 0.129
4675.000 0.129
4680.000 0.129
4685.000 0.132
4690.000 0.132
4695.000 0.134
4700.000 0.137
4705.000 0.139
4710.000 0.140
4715.000 0.142
4720.000 0.142
4725.000 0.146
4730.000 0.147
4735.000 0.148
4740.000 0.152
4745.000 0.155
4750.000 0.158
4755.000 0.162
4760.000 0.165
4765.000 0.170
4770.000 0.174
4775.000 0.179
4780.000 0.180
4785.000 0.186
4790.000 0.193
4795.000 0.199
4800.000 0.207
4805.000 0.213
4810.000 0.220
4815.000 0.229
4820.000 0.239
4825.000 0.248
4830.000 0.258
4835.000 0.272
4840.000 0.283
4845.000 0.291
4850.000 0.307
4855.000 0.326
4860.000 0.348
4865.000 0.370
4870.000 0.400
4875.000 0.431
4880.000 0.470
4885.000 0.519
4890.000 0.582
4895.000 0.667
4900.000 0.782
4905.000 0.855
4910.000 1.048
4915.000 1.405
4920.000 1.920
4925.000 2.785
4930.000 4.138
4935.000 5.824
4940.000 4.456
4945.000 4.382
4950.000 5.549
4955.000 8.371
4960.000 9.025
4965.000 7.192
4970.000 4.411
4975.000 2.998
4980.000 2.136
4985.000 1.632
4990.000 1.300
4995.000 1.081
5000.000 0.923
5005.000 0.812
5010.000 0.743
5015.000 0.680
5020.000 0.628
5025.000 0.597
5030.000 0.550
5035.000 0.515
5040.000 0.482
5045.000 0.453
5050.000 0.429
5055.000 0.411
5060.000 0.394
5065.000 0.378
5070.000 0.365
5075.000 0.353
5080.000 0.344
5085.000 0.340
5090.000 0.332
5095.000 0.325
5100.000 0.317
5105.000 0.312
5110.000 0.307
5115.000 0.302
5120.000 0.296
5125.000 0.291
5130.000 0.289
5135.000 0.286
5140.000 0.282
5145.000 0.279
5150.000 0.277
5155.000 0.274
5160.000 0.272
5165.000 0.268
5170.000 0.267
5175.000 0.264
5180.000 0.263
5185.000 0.262
5190.000 0.259
5195.000 0.260
5200.000 0.259
5205.000 0.258
5210.000 0.255
5215.000 0.253
5220.000 0.252
5225.000 0.250
5230.000 0.250
5235.000 0.248
5240.000 0.247
5245.000 0.246
5250.000 0.245
5255.000 0.245
5260.000 0.243
5265.000 0.242
5270.000 0.241
5275.000 0.241
5280.000 0.239
5285.000 0.238
5290.000 0.237
5295.000 0.236
5300.000 0.235
5305.000 0.233
5310.000 0.233
5315.000 0.233
5320.000 0.231
5325.000 0.230
5330.000 0.229
5335.000 0.227
5340.000 0.226
5345.000 0.226
5350.000 0.223
5355.000 0.223
5360.000 0.221
5365.000 0.220
5370.000 0.219
5375.000 0.217
5380.000 0.216
5385.000 0.215
5390.000 0.214
5395.000 0.212
5400.000 0.212
5405.000 0.211
5410.000 0.208
5415.000 0.207
5420.000 0.206
5425.000 0.205
5430.000 0.204
5435.000 0.202
5440.000 0.200
5445.000 0.199
5450.000 0.199
5455.000 0.197
5460.000 0.195
5465.000 0.194
5470.000 0.193
5475.000 0.192
5480.000 0.189
5485.000 0.188
5490.000 0.188
5495.000 0.186
5500.000 0.185
5505.000 0.184
5510.000 0.184
5515.000 0.183
5520.000 0.184
5525.000 0.183
5530.000 0.180
5535.000 0.179
5540.000 0.177
5545.000 0.176
5550.000 0.174
5555.000 0.175
5560.000 0.174
5565.000 0.172
5570.000 0.172
5575.000 0.171
5580.000 0.170
5585.000 0.169
5590.000 0.169
5595.000 0.168
5600.000 0.167
5605.000 0.166
5610.000 0.166
5615.000 0.164
5620.000 0.165
5625.000 0.164
5630.000 0.164
5635.000 0.163
5640.000 0.163
5645.000 0.162
5650.000 0.163
5655.000 0.160
5660.000 0.161
5665.000 0.161
5670.000 0.160
5675.000 0.160
5680.000 0.159
5685.000 0.160
5690.000 0.159
5695.000 0.161
5700.000 0.158
5705.000 0.158
5710.000 0.160
5715.000 0.158
5720.000 0.158
5725.000 0.159
5730.000 0.158
5735.000 0.159
5740.000 0.158
5745.000 0.159
5750.000 0.160
5755.000 0.160
5760.000 0.160
5765.000 0.159
5770.000 0.160
5775.000 0.160
5780.000 0.160
5785.000 0.161
5790.000 0.161
5795.000 0.161
5800.000 0.162
5805.000 0.163
5810.000 0.163
5815.000 0.162
5820.000 0.164
5825.000 0.166
5830.000 0.166
5835.000 0.166
5840.000 0.167
5845.000 0.167
5850.000 0.170
5855.000 0.170
5860.000 0.172
5865.000 0.171
5870.000 0.175
5875.000 0.176
5880.000 0.176
5885.000 0.176
5890.000 0.178
5895.000 0.182
5900.000 0.183
5905.000 0.184
5910.000 0.187
5915.000 0.187
5920.000 0.191
5925.000 0.191
5930.000 0.193
5935.000 0.195
5940.000 0.198
5945.000 0.200
5950.000 0.203
5955.000 0.210
5960.000 0.213
5965.000 0.216
5970.000 0.218
5975.000 0.223
5980.000 0.226
5985.000 0.224
5990.000 0.230
5995.000 0.228
6000.000 0.236
6005.000 0.232
6010.000 0.241
6015.000 0.241
6020.000 0.253
6025.000 0.255
6030.000 0.262
6035.000 0.261
6040.000 0.268
6045.000 0.275
6050.000 0.285
6055.000 0.290
6060.000 0.298
6065.000 0.305
6070.000 0.317
6075.000 0.327
6080.000 0.337
6085.000 0.352
6090.000 0.367
6095.000 0.384
6100.000 0.401
6105.000 0.421
6110.000 0.445
6115.000 0.476
6120.000 0.490
6125.000 0.526
6130.000 0.574
6135.000 0.631
6140.000 0.708
6145.000 0.816
6150.000 0.980
6155.000 1.218
6160.000 1.593
6165.000 2.198
6170.000 3.136
6175.000 4.463
6180.000 5.237
6185.000 6.823
6190.000 7.703
6195.000 6.468
6200.000 3.769
6205.000 1.796
6210.000 0.941
6215.000 0.724
6220.000 0.595
6225.000 0.518
6230.000 0.468
6235.000 0.435
6240.000 0.422
6245.000 0.402
6250.000 0.382
6255.000 0.362
6260.000 0.340
6265.000 0.323
6270.000 0.304
6275.000 0.287
6280.000 0.271
6285.000 0.258
6290.000 0.245
6295.000 0.233
6300.000 0.222
6305.000 0.216
6310.000 0.206
6315.000 0.199
6320.000 0.193
6325.000 0.184
6330.000 0.178
6335.000 0.171
6340.000 0.166
6345.000 0.161
6350.000 0.156
6355.000 0.151
6360.000 0.146
6365.000 0.145
6370.000 0.140
6375.000 0.137
6380.000 0.133
6385.000 0.129
6390.000 0.126
6395.000 0.122
6400.000 0.119
6405.000 0.116
6410.000 0.113
6415.000 0.111
6420.000 0.108
6425.000 0.105
6430.000 0.103
6435.000 0.100
6440.000 0.097
6445.000 0.095
6450.000 0.092
6455.000 0.090
6460.000 0.088
6465.000 0.086
6470.000 0.086
6475.000 0.086
6480.000 0.090
6485.000 0.092
6490.000 0.101
6495.000 0.117
6500.000 0.145
6505.000 0.196
6510.000 0.302
6515.000 0.679
6520.000 1.939
6525.000 3.455
6530.000 4.641
6535.000 2.402
6540.000 1.469
6545.000 0.775
6550.000 0.694
6555.000 0.482
6560.000 0.401
6565.000 0.341
6570.000 0.295
6575.000 0.264
6580.000 0.240
6585.000 0.221
6590.000 0.208
6595.000 0.197
6600.000 0.187
6605.000 0.178
6610.000 0.175
6615.000 0.170
6620.000 0.165
6625.000 0.162
6630.000 0.159
6635.000 0.155
6640.000 0.153
6645.000 0.149
6650.000 0.146
6655.000 0.146
6660.000 0.143
6665.000 0.142
6670.000 0.141
6675.000 0.140
6680.000 0.139
6685.000 0.137
6690.000 0.136
6695.000 0.134
6700.000 0.134
6705.000 0.133
6710.000 0.133
6715.000 0.132
6720.000 0.129
6725.000 0.130
6730.000 0.129
6735.000 0.128
6740.000 0.128
6745.000 0.127
6750.000 0.127
6755.000 0.126
6760.000 0.125
6765.000 0.125
6770.000 0.124
6775.000 0.123
6780.000 0.122
6785.000 0.122
6790.000 0.123
6795.000 0.122
6800.000 0.121
6805.000 0.121
6810.000 0.121
6815.000 0.120
6820.000 0.120
6825.000 0.119
6830.000 0.119
6835.000 0.119
6840.000 0.119
6845.000 0.119
6850.000 0.118
6855.000 0.118
6860.000 0.117
6865.000 0.118
6870.000 0.117
6875.000 0.115
6880.000 0.115
6885.000 0.114
6890.000 0.115
6895.000 0.113
6900.000 0.114
6905.000 0.115
6910.000 0.114
6915.000 0.114
6920.000 0.113
6925.000 0.112
6930.000 0.112
6935.000 0.112
6940.000 0.113
6945.000 0.113
6950.000 0.111
6955.000 0.112
6960.000 0.110
6965.000 0.110
6970.000 0.109
6975.000 0.112
6980.000 0.110
6985.000 0.108
6990.000 0.110
6995.000 0.112
7000.000 0.108
7005.000 0.110
7010.000 0.109
7015.000 0.110
7020.000 0.106
7025.000 0.105
7030.000 0.108
7035.000 0.105
7040.000 0.105
7045.000 0.105
7050.000 0.105
7055.000 0.105
7060.000 0.104
7065.000 0.105
7070.000 0.105
7075.000 0.103
7080.000 0.105
7085.000 0.103
7090.000 0.103
7095.000 0.104
7100.000 0.102
7105.000 0.103
7110.000 0.102
7115.000 0.101
7120.000 0.100
7125.000 0.100
7130.000 0.100
7135.000 0.098
7140.000 0.098
7145.000 0.097
7150.000 0.098
7155.000 0.096
7160.000 0.096
7165.000 0.096
7170.000 0.095
7175.000 0.093
7180.000 0.093
7185.000 0.094
7190.000 0.091
7195.000 0.091
7200.000 0.091
7205.000 0.090
7210.000 0.090
7215.000 0.089
7220.000 0.087
7225.000 0.087
7230.000 0.085
7235.000 0.084
7240.000 0.083
7245.000 0.082
7250.000 0.080
7255.000 0.079
7260.000 0.079
7265.000 0.078
7270.000 0.076
7275.000 0.075
7280.000 0.075
7285.000 0.075
7290.000 0.074
7295.000 0.073
7300.000 0.074
7305.000 0.072
7310.000 0.075
7315.000 0.077
7320.000 0.080
7325.000 0.087
7330.000 0.093
7335.000 0.105
7340.000 0.111
7345.000 0.131
7350.000 0.163
7355.000 0.208
7360.000 0.278
7365.000 0.442
7370.000 0.647
7375.000 0.905
7380.000 1.256
7385.000 1.732
7390.000 2.240
7395.000 2.392
7400.000 2.269
7405.000 1.739
7410.000 1.263
7415.000 0.945
7420.000 0.805
7425.000 0.716
7430.000 0.549
7435.000 0.444
7440.000 0.394
7445.000 0.359
7450.000 0.330
7455.000 0.321
7460.000 0.304
7465.000 0.294
7470.000 0.283
7475.000 0.276
7480.000 0.269
7485.000 0.261
7490.000 0.256
7495.000 0.252
7500.000 0.246
7505.000 0.242
7510.000 0.238
7515.000 0.236
7520.000 0.234
7525.000 0.230
7530.000 0.229
7535.000 0.227
7540.000 0.223
7545.000 0.219
7550.000 0.218
7555.000 0.217
7560.000 0.214
7565.000 0.213
7570.000 0.209
7575.000 0.211
7580.000 0.209
7585.000 0.206
7590.000 0.204
7595.000 0.205
7600.000 0.204
7605.000 0.204
7610.000 0.200
7615.000 0.200
7620.000 0.198
7625.000 0.199
7630.000 0.199
7635.000 0.198
7640.000 0.197
7645.000 0.194
7650.000 0.195
7655.000 0.193
7660.000 0.192
7665.000 0.193
7670.000 0.192
7675.000 0.191
7680.000 0.193
7685.000 0.191
7690.000 0.192
7695.000 0.190
7700.000 0.191
7705.000 0.189
7710.000 0.189
7715.000 0.189
7720.000 0.187
7725.000 0.187
7730.000 0.186
7735.000 0.186
7740.000 0.185
7745.000 0.186
7750.000 0.184
7755.000 0.184
7760.000 0.184
7765.000 0.183
7770.000 0.184
7775.000 0.183
7780.000 0.184
7785.000 0.183
7790.000 0.182
7795.000 0.181
7800.000 0.182
7805.000 0.180
7810.000 0.181
7815.000 0.180
7820.000 0.180
7825.000 0.180
7830.000 0.180
7835.000 0.179
7840.000 0.182
7845.000 0.180
7850.000 0.179
7855.000 0.176
7860.000 0.175
7865.000 0.176
7870.000 0.175
7875.000 0.175
7880.000 0.175
7885.000 0.174
7890.000 0.174
7895.000 0.173
7900.000 0.171
7905.000 0.171
7910.000 0.169
7915.000 0.168
7920.000 0.168
7925.000 0.166
7930.000 0.162
7935.000 0.162
7940.000 0.157
7945.000 0.154
7950.000 0.149
7955.000 0.147
7960.000 0.138
7965.000 0.130
7970.000 0.119
7975.000 0.099
7980.000 0.069
7985.000 0.025
7990.000 0.102
7995.000 0.719
8000.000 1.574
8005.000 1.652
8010.000 0.167
8015.000 0.997
8020.000 0.670
8025.000 0.524
8030.000 0.460
8035.000 0.424
8040.000 0.396
8045.000 0.375
8050.000 0.354
8055.000 0.348
8060.000 0.342
8065.000 0.340
8070.000 0.338
8075.000 0.330
8080.000 0.320
8085.000 0.307
8090.000 0.298
8095.000 0.286
8100.000 0.275
8105.000 0.266
8110.000 0.256
8115.000 0.247
8120.000 0.241
8125.000 0.236
8130.000 0.236
8135.000 0.234
8140.000 0.236
8145.000 0.236
8150.000 0.235
8155.000 0.236
8160.000 0.238
8165.000 0.239
8170.000 0.240
8175.000 0.239
8180.000 0.240
8185.000 0.242
8190.000 0.244
8195.000 0.244
8200.000 0.245
8205.000 0.246
8210.000 0.250
8215.000 0.252
8220.000 0.252
8225.000 0.255
8230.000 0.253
8235.000 0.256
8240.000 0.259
8245.000 0.260
8250.000 0.262
8255.000 0.262
8260.000 0.265
8265.000 0.268
8270.000 0.270
8275.000 0.274
8280.000 0.275
8285.000 0.278
8290.000 0.280
8295.000 0.282
8300.000 0.286
8305.000 0.290
8310.000 0.290
8315.000 0.294
8320.000 0.298
8325.000 0.302
8330.000 0.305
8335.000 0.309
8340.000 0.316
8345.000 0.319
8350.000 0.323
8355.000 0.329
8360.000 0.335
8365.000 0.339
8370.000 0.347
8375.000 0.349
8380.000 0.355
8385.000 0.362
8390.000 0.373
8395.000 0.381
8400.000 0.390
8405.000 0.401
8410.000 0.411
8415.000 0.427
8420.000 0.440
8425.000 0.457
8430.000 0.466
8435.000 0.485
8440.000 0.510
8445.000 0.542
8450.000 0.577
8455.000 0.632
8460.000 0.721
8465.000 0.880
8470.000 1.232
8475.000 2.015
8480.000 2.817
8485.000 1.377
8490.000 0.510
8495.000 0.185
8500.000 0.425
8505.000 0.537
8510.000 0.658
8515.000 0.769
8520.000 0.886
8525.000 1.021
8530.000 1.151
8535.000 1.324
8540.000 1.557
8545.000 1.849
8550.000 2.236
8555.000 2.473
8560.000 3.028
8565.000 3.694
8570.000 4.425
8575.000 5.093
8580.000 5.370
8585.000 4.961
8590.000 3.937
8595.000 2.910
8600.000 2.147
8605.000 1.629
8610.000 1.261
8615.000 1.094
8620.000 0.800
8625.000 0.578
8630.000 0.474
8635.000 0.449
8640.000 0.420
8645.000 0.391
8650.000 0.362
8655.000 0.332
8660.000 0.306
8665.000 0.280
8670.000 0.269
8675.000 0.246
8680.000 0.228
8685.000 0.210
8690.000 0.196
8695.000 0.184
8700.000 0.171
8705.000 0.161
8710.000 0.152
8715.000 0.143
8720.000 0.136
8725.000 0.129
8730.000 0.124
8735.000 0.122
8740.000 0.116
8745.000 0.110
8750.000 0.105
8755.000 0.101
8760.000 0.097
8765.000 0.093
8770.000 0.089
8775.000 0.087
8780.000 0.084
8785.000 0.081
8790.000 0.078
8795.000 0.078
8800.000 0.075
8805.000 0.073
8810.000 0.071
8815.000 0.067
8820.000 0.066
8825.000 0.061
8830.000 0.067
8835.000 0.061
8840.000 0.063
8845.000 0.060
8850.000 0.060
8855.000 0.058
8860.000 0.058
8865.000 0.056
8870.000 0.056
8875.000 0.056
8880.000 0.054
8885.000 0.053
8890.000 0.053
8895.000 0.052
8900.000 0.052
8905.000 0.052
8910.000 0.051
8915.000 0.051
8920.000 0.049
8925.000 0.051
8930.000 0.050
8935.000 0.051
8940.000 0.050
8945.000 0.050
8950.000 0.050
8955.000 0.049
8960.000 0.052
8965.000 0.050
8970.000 0.051
8975.000 0.049
8980.000 0.049
8985.000 0.051
8990.000 0.049
8995.000 0.050
9000.000 0.050
9005.000 0.051
9010.000 0.052
9015.000 0.050
9020.000 0.053
9025.000 0.053
9030.000 0.054
9035.000 0.052
9040.000 0.051
9045.000 0.052
9050.000 0.054
9055.000 0.053
9060.000 0.054
9065.000 0.055
9070.000 0.056
9075.000 0.055
9080.000 0.056
9085.000 0.056
9090.000 0.057
9095.000 0.057
9100.000 0.057
9105.000 0.059
9110.000 0.059
9115.000 0.059
9120.000 0.060
9125.000 0.060
9130.000 0.061
9135.000 0.061
9140.000 0.062
9145.000 0.062
9150.000 0.063
9155.000 0.065
9160.000 0.064
9165.000 0.064
9170.000 0.065
9175.000 0.066
9180.000 0.067
9185.000 0.068
9190.000 0.069
9195.000 0.070
9200.000 0.070
9205.000 0.071
9210.000 0.072
9215.000 0.073
9220.000 0.074
9225.000 0.076
9230.000 0.076
9235.000 0.077
9240.000 0.079
9245.000 0.080
9250.000 0.083
9255.000 0.084
9260.000 0.087
9265.000 0.088
9270.000 0.089
9275.000 0.091
9280.000 0.094
9285.000 0.097
9290.000 0.099
9295.000 0.101
9300.000 0.104
9305.000 0.108
9310.000 0.111
9315.000 0.115
9320.000 0.120
9325.000 0.124
9330.000 0.132
9335.000 0.138
9340.000 0.146
9345.000 0.151
9350.000 0.164
9355.000 0.176
9360.000 0.194
9365.000 0.217
9370.000 0.244
9375.000 0.281
9380.000 0.333
9385.000 0.421
9390.000 0.575
9395.000 0.875
9400.000 1.111
9405.000 1.773
9410.000 2.547
9415.000 2.636
9420.000 1.197
9425.000 1.359
9430.000 1.012
9435.000 0.515
9440.000 0.396
9445.000 0.304
9450.000 0.242
9455.000 0.202
9460.000 0.174
9465.000 0.163
9470.000 0.145
9475.000 0.128
9480.000 0.116
9485.000 0.106
9490.000 0.098
9495.000 0.092
9500.000 0.086
9505.000 0.082
9510.000 0.078
9515.000 0.075
9520.000 0.073
9525.000 0.073
9530.000 0.070
9535.000 0.070
9540.000 0.068
9545.000 0.067
9550.000 0.067
9555.000 0.068
9560.000 0.068
9565.000 0.068
9570.000 0.070
9575.000 0.071
9580.000 0.073
9585.000 0.075
9590.000 0.076
9595.000 0.078
9600.000 0.082
9605.000 0.084
9610.000 0.090
9615.000 0.094
9620.000 0.099
9625.000 0.107
9630.000 0.114
9635.000 0.123
9640.000 0.133
9645.000 0.137
9650.000 0.148
9655.000 0.160
9660.000 0.175
9665.000 0.190
9670.000 0.208
9675.000 0.228
9680.000 0.251
9685.000 0.278
9690.000 0.311
9695.000 0.356
9700.000 0.415
9705.000 0.452
9710.000 0.547
9715.000 0.680
9720.000 0.866
9725.000 1.118
9730.000 1.447
9735.000 1.826
9740.000 2.216
9745.000 2.504
9750.000 2.555
9755.000 2.289
9760.000 1.837
9765.000 1.430
9770.000 1.260
9775.000 0.992
9780.000 0.802
9785.000 0.666
9790.000 0.567
9795.000 0.496
9800.000 0.460
9805.000 0.436
9810.000 0.379
9815.000 0.318
9820.000 0.294
9825.000 0.287
9830.000 0.280
9835.000 0.278
9840.000 0.272
9845.000 0.265
9850.000 0.256
9855.000 0.251
9860.000 0.244
9865.000 0.239
9870.000 0.232
9875.000 0.226
9880.000 0.222
9885.000 0.217
9890.000 0.213
9895.000 0.210
9900.000 0.207
9905.000 0.203
9910.000 0.198
9915.000 0.195
9920.000 0.193
9925.000 0.189
9930.000 0.185
9935.000 0.183
9940.000 0.180
9945.000 0.178
9950.000 0.176
9955.000 0.172
9960.000 0.170
9965.000 0.165
9970.000 0.164
9975.000 0.159
9980.000 0.156
9985.000 0.156
9990.000 0.151
9995.000 0.148
10000.000 0.149
10005.000 0.144
10010.000 0.139
10015.000 0.138
10020.000 0.138
10025.000 0.135
10030.000 0.131
10035.000 0.125
10040.000 0.122
10045.000 0.117
10050.000 0.113
10055.000 0.105
10060.000 0.097
10065.000 0.090
10070.000 0.077
10075.000 0.071
10080.000 0.057
10085.000 0.035
10090.000 0.022
10095.000 0.070
10100.000 0.248
10105.000 0.659
10110.000 1.218
10115.000 1.179
10120.000 0.622
10125.000 0.494
10130.000 0.432
10135.000 0.390
10140.000 0.344
10145.000 0.305
10150.000 0.271
10155.000 0.246
10160.000 0.224
10165.000 0.207
10170.000 0.193
10175.000 0.184
10180.000 0.177
10185.000 0.174
10190.000 0.172
10195.000 0.171
10200.000 0.168
10205.000 0.167
10210.000 0.164
10215.000 0.163
10220.000 0.162
10225.000 0.159
10230.000 0.158
10235.000 0.159
10240.000 0.158
10245.000 0.155
10250.000 0.156
10255.000 0.155
10260.000 0.153
10265.000 0.153
10270.000 0.150
10275.000 0.151
10280.000 0.152
10285.000 0.151
10290.000 0.149
10295.000 0.148
10300.000 0.148
10305.000 0.145
10310.000 0.145
10315.000 0.145
10320.000 0.145
10325.000 0.144
10330.000 0.143
10335.000 0.142
10340.000 0.141
10345.000 0.140
10350.000 0.139
10355.000 0.140
10360.000 0.139
10365.000 0.138
10370.000 0.138
10375.000 0.139
10380.000 0.137
10385.000 0.138
10390.000 0.134
10395.000 0.132
10400.000 0.134
10405.000 0.131
10410.000 0.132
10415.000 0.131
10420.000 0.131
10425.000 0.129
10430.000 0.130
10435.000 0.130
10440.000 0.127
10445.000 0.127
10450.000 0.127
10455.000 0.127
10460.000 0.125
10465.000 0.126
10470.000 0.122
10475.000 0.123
10480.000 0.123
10485.000 0.123
10490.000 0.122
10495.000 0.120
10500.000 0.120
10505.000 0.118
10510.000 0.117
10515.000 0.116
10520.000 0.116
10525.000 0.118
10530.000 0.114
10535.000 0.115
10540.000 0.114
10545.000 0.111
10550.000 0.110
10555.000 0.109
10560.000 0.109
10565.000 0.108
10570.000 0.107
10575.000 0.106
10580.000 0.104
10585.000 0.103
10590.000 0.102
10595.000 0.101
10600.000 0.099
10605.000 0.096
10610.000 0.096
10615.000 0.095
10620.000 0.094
10625.000 0.092
10630.000 0.090
10635.000 0.087
10640.000 0.085
10645.000 0.083
10650.000 0.081
10655.000 0.078
10660.000 0.075
10665.000 0.070
10670.000 0.070
10675.000 0.066
10680.000 0.061
10685.000 0.057
10690.000 0.055
10695.000 0.049
10700.000 0.043
10705.000 0.038
10710.000 0.034
10715.000 0.030
10720.000 0.031
10725.000 0.037
10730.000 0.050
10735.000 0.077
10740.000 0.133
10745.000 0.170
10750.000 0.270
10755.000 0.414
10760.000 0.620
10765.000 0.899
10770.000 1.222
10775.000 1.425
10780.000 1.270
10785.000 0.961
10790.000 0.753
10795.000 0.649
10800.000 0.531
10805.000 0.397
10810.000 0.425
10815.000 0.372
10820.000 0.327
10825.000 0.285
10830.000 0.252
10835.000 0.223
10840.000 0.201
10845.000 0.183
10850.000 0.167
10855.000 0.154
10860.000 0.149
10865.000 0.139
10870.000 0.129
10875.000 0.119
10880.000 0.110
10885.000 0.103
10890.000 0.098
10895.000 0.102
10900.000 0.122
10905.000 0.160
10910.000 0.214
10915.000 0.257
10920.000 0.268
10925.000 0.266
10930.000 0.247
10935.000 0.225
10940.000 0.206
10945.000 0.191
10950.000 0.183
10955.000 0.182
10960.000 0.195
10965.000 0.219
10970.000 0.267
10975.000 0.358
10980.000 0.492
10985.000 0.568
10990.000 0.667
10995.000 0.660
11000.000 0.588
11005.000 0.510
11010.000 0.442
11015.000 0.392
11020.000 0.350
11025.000 0.322
11030.000 0.307
11035.000 0.292
11040.000 0.311
11045.000 0.294
11050.000 0.282
11055.000 0.269
11060.000 0.259
11065.000 0.252
11070.000 0.248
11075.000 0.242
11080.000 0.239
11085.000 0.234
11090.000 0.229
11095.000 0.228
11100.000 0.226
11105.000 0.225
11110.000 0.223
11115.000 0.220
11120.000 0.217
11125.000 0.216
11130.000 0.213
11135.000 0.211
11140.000 0.209
11145.000 0.209
11150.000 0.205
11155.000 0.204
11160.000 0.203
11165.000 0.203
11170.000 0.200
11175.000 0.201
11180.000 0.203
11185.000 0.200
11190.000 0.198
11195.000 0.197
11200.000 0.199
11205.000 0.197
11210.000 0.195
11215.000 0.195
11220.000 0.194
11225.000 0.193
11230.000 0.192
11235.000 0.192
11240.000 0.189
11245.000 0.190
11250.000 0.188
11255.000 0.186
11260.000 0.188
11265.000 0.187
11270.000 0.187
11275.000 0.186
11280.000 0.185
11285.000 0.187
11290.000 0.186
11295.000 0.188
11300.000 0.185
11305.000 0.184
11310.000 0.185
11315.000 0.182
11320.000 0.183
11325.000 0.182
11330.000 0.182
11335.000 0.181
11340.000 0.182
11345.000 0.181
11350.000 0.182
11355.000 0.182
11360.000 0.182
11365.000 0.182
11370.000 0.182
11375.000 0.181
11380.000 0.181
11385.000 0.181
11390.000 0.180
11395.000 0.178
11400.000 0.180
11405.000 0.179
11410.000 0.178
11415.000 0.178
11420.000 0.178
11425.000 0.180
11430.000 0.179
11435.000 0.179
11440.000 0.178
11445.000 0.178
11450.000 0.178
11455.000 0.179
11460.000 0.178
11465.000 0.178
11470.000 0.179
11475.000 0.179
11480.000 0.178
11485.000 0.176
11490.000 0.176
11495.000 0.178
11500.000 0.178
11505.000 0.178
11510.000 0.180
11515.000 0.177
11520.000 0.181
11525.000 0.177
11530.000 0.179
11535.000 0.178
11540.000 0.179
11545.000 0.178
11550.000 0.179
11555.000 0.177
11560.000 0.177
11565.000 0.179
11570.000 0.178
11575.000 0.176
11580.000 0.178
11585.000 0.177
11590.000 0.177
11595.000 0.175
11600.000 0.175
11605.000 0.174
11610.000 0.170
11615.000 0.167
11620.000 0.162
11625.000 0.152
11630.000 0.149
11635.000 0.186
11640.000 0.331
11645.000 0.356
11650.000 0.295
11655.000 0.280
11660.000 0.241
11665.000 0.230
11670.000 0.212
11675.000 0.205
11680.000 0.202
11685.000 0.202
11690.000 0.201
11695.000 0.201
11700.000 0.204
11705.000 0.204
11710.000 0.204
11715.000 0.203
11720.000 0.206
11725.000 0.204
11730.000 0.206
11735.000 0.205
11740.000 0.207
11745.000 0.207
11750.000 0.210
11755.000 0.210
11760.000 0.210
11765.000 0.210
11770.000 0.213
11775.000 0.214
11780.000 0.215
11785.000 0.215
11790.000 0.218
11795.000 0.220
11800.000 0.220
11805.000 0.224
11810.000 0.226
11815.000 0.229
11820.000 0.230
11825.000 0.232
11830.000 0.233
11835.000 0.239
11840.000 0.243
11845.000 0.242
11850.000 0.247
11855.000 0.248
11860.000 0.252
11865.000 0.255
11870.000 0.258
11875.000 0.264
11880.000 0.268
11885.000 0.276
11890.000 0.282
11895.000 0.286
11900.000 0.295
11905.000 0.304
11910.000 0.311
11915.000 0.323
11920.000 0.337
11925.000 0.353
11930.000 0.374
11935.000 0.401
11940.000 0.440
11945.000 0.500
11950.000 0.593
11955.000 0.730
11960.000 0.788
11965.000 0.630
11970.000 0.143
11975.000 0.096
11980.000 0.180
11985.000 0.263
11990.000 0.353
11995.000 0.433
12000.000 0.506
