105.000 0.023
110.000 1.094
115.000 1.517
120.000 1.994
125.000 2.059
130.000 2.383
135.000 2.565
140.000 2.738
145.000 3.419
150.000 3.769
155.000 4.615
160.000 5.037
165.000 5.066
170.000 4.927
175.000 4.818
180.000 4.521
185.000 3.912
190.000 3.623
195.000 3.277
200.000 3.191
205.000 2.957
210.000 2.826
215.000 2.713
220.000 2.675
225.000 2.528
230.000 2.650
235.000 2.522
240.000 2.444
245.000 2.232
250.000 2.142
255.000 2.199
260.000 2.445
265.000 2.496
270.000 2.774
275.000 3.010
280.000 3.242
285.000 3.690
290.000 3.926
295.000 4.430
300.000 4.711
305.000 5.316
310.000 5.981
315.000 6.306
320.000 6.935
325.000 7.438
330.000 8.303
335.000 9.459
340.000 9.906
345.000 11.136
350.000 11.844
355.000 13.569
360.000 14.913
365.000 18.143
370.000 21.425
375.000 23.272
380.000 26.796
385.000 28.486
390.000 31.640
395.000 33.996
400.000 35.000
405.000 36.487
410.000 36.999
415.000 37.540
420.000 37.460
425.000 37.220
430.000 36.234
435.000 35.530
440.000 34.004
445.000 32.177
450.000 31.256
455.000 29.189
460.000 28.138
465.000 25.999
470.000 23.844
475.000 22.853
480.000 20.858
485.000 19.862
490.000 17.920
495.000 16.119
500.000 15.226
505.000 13.496
510.000 12.682
515.000 11.222
520.000 9.989
525.000 9.447
530.000 8.471
535.000 8.005
540.000 7.276
545.000 6.661
550.000 6.357
555.000 5.878
560.000 5.660
565.000 5.261
570.000 4.925
575.000 4.761
580.000 4.480
585.000 4.376
590.000 4.169
595.000 3.903
600.000 3.736
605.000 3.456
610.000 3.309
615.000 3.050
620.000 2.843
625.000 2.741
630.000 2.567
635.000 2.500
640.000 2.394
645.000 2.378
650.000 2.381
655.000 2.395
660.000 2.434
665.000 2.504
670.000 2.602
675.000 2.591
680.000 2.889
685.000 3.076
690.000 3.251
695.000 3.497
700.000 3.963
705.000 4.428
710.000 4.540
715.000 4.828
720.000 4.720
725.000 4.428
730.000 3.778
735.000 3.420
740.000 2.889
745.000 2.413
750.000 2.218
755.000 1.889
760.000 1.753
765.000 1.535
770.000 1.358
775.000 1.269
780.000 1.102
785.000 1.025
790.000 0.903
795.000 0.803
800.000 0.758
805.000 0.691
810.000 0.665
815.000 0.623
820.000 0.582
825.000 0.562
830.000 0.531
835.000 0.511
840.000 0.481
845.000 0.455
850.000 0.442
855.000 0.422
860.000 0.412
865.000 0.397
870.000 0.382
875.000 0.375
880.000 0.365
885.000 0.361
890.000 0.351
895.000 0.344
900.000 0.344
905.000 0.338
910.000 0.337
915.000 0.336
920.000 0.335
925.000 0.334
930.000 0.337
935.000 0.338
940.000 0.343
945.000 0.345
950.000 0.354
955.000 0.364
960.000 0.369
965.000 0.384
970.000 0.396
975.000 0.412
980.000 0.438
985.000 0.456
990.000 0.493
995.000 0.517
1000.000 0.580
1005.000 0.653
1010.000 0.703
1015.000 0.841
1020.000 0.940
1025.000 1.198
1030.000 1.555
1035.000 1.746
1040.000 2.000
1045.000 1.987
1050.000 1.700
1055.000 1.324
1060.000 1.157
1065.000 0.900
1070.000 0.802
1075.000 0.650
1080.000 0.538
1085.000 0.496
1090.000 0.424
1095.000 0.397
1100.000 0.349
1105.000 0.314
1110.000 0.296
1115.000 0.273
1120.000 0.261
1125.000 0.242
1130.000 0.228
1135.000 0.219
1140.000 0.206
1145.000 0.201
1150.000 0.193
1155.000 0.186
1160.000 0.182
1165.000 0.176
1170.000 0.175
1175.000 0.171
1180.000 0.167
1185.000 0.165
1190.000 0.165
1195.000 0.164
1200.000 0.162
1205.000 0.159
1210.000 0.159
1215.000 0.159
1220.000 0.161
1225.000 0.160
1230.000 0.161
1235.000 0.162
1240.000 0.164
1245.000 0.166
1250.000 0.168
1255.000 0.169
1260.000 0.172
1265.000 0.176
1270.000 0.178
1275.000 0.183
1280.000 0.187
1285.000 0.193
1290.000 0.198
1295.000 0.202
1300.000 0.212
1305.000 0.216
1310.000 0.225
1315.000 0.237
1320.000 0.244
1325.000 0.256
1330.000 0.264
1335.000 0.280
1340.000 0.298
1345.000 0.308
1350.000 0.332
1355.000 0.346
1360.000 0.376
1365.000 0.412
1370.000 0.434
1375.000 0.482
1380.000 0.512
1385.000 0.582
1390.000 0.681
1395.000 0.747
1400.000 0.933
1405.000 1.243
1410.000 1.477
1415.000 2.184
1420.000 2.681
1425.000 3.921
1430.000 5.254
1435.000 5.857
1440.000 6.786
1445.000 6.991
1450.000 6.672
1455.000 5.557
1460.000 4.919
1465.000 3.791
1470.000 3.339
1475.000 2.612
1480.000 2.108
1485.000 1.915
1490.000 1.618
1495.000 1.505
1500.000 1.320
1505.000 1.180
1510.000 1.131
1515.000 1.059
1520.000 1.032
1525.000 0.973
1530.000 0.940
1535.000 0.922
1540.000 0.900
1545.000 0.893
1550.000 0.891
1555.000 0.889
1560.000 0.884
1565.000 0.883
1570.000 0.884
1575.000 0.890
1580.000 0.892
1585.000 0.928
1590.000 0.991
1595.000 0.991
1600.000 1.002
1605.000 1.010
1610.000 1.033
1615.000 1.061
1620.000 1.079
1625.000 1.142
1630.000 1.210
1635.000 1.270
1640.000 1.409
1645.000 1.457
1650.000 1.539
1655.000 1.593
1660.000 1.750
1665.000 2.020
1670.000 2.180
1675.000 2.648
1680.000 2.947
1685.000 3.792
1690.000 4.933
1695.000 5.531
1700.000 6.462
1705.000 6.648
1710.000 6.264
1715.000 5.280
1720.000 4.781
1725.000 3.905
1730.000 3.548
1735.000 2.983
1740.000 2.566
1745.000 2.402
1750.000 2.151
1755.000 2.055
1760.000 1.924
1765.000 1.819
1770.000 1.772
1775.000 1.698
1780.000 1.661
1785.000 1.598
1790.000 1.535
1795.000 1.506
1800.000 1.458
1805.000 1.440
1810.000 1.406
1815.000 1.385
1820.000 1.377
1825.000 1.366
1830.000 1.363
1835.000 1.362
1840.000 1.367
1845.000 1.376
1850.000 1.393
1855.000 1.407
1860.000 1.439
1865.000 1.455
1870.000 1.493
1875.000 1.542
1880.000 1.570
1885.000 1.637
1890.000 1.677
1895.000 1.766
1900.000 1.866
1905.000 1.917
1910.000 2.039
1915.000 2.109
1920.000 2.280
1925.000 2.503
1930.000 2.643
1935.000 2.994
1940.000 3.205
1945.000 3.760
1950.000 4.456
1955.000 4.887
1960.000 5.969
1965.000 6.606
1970.000 8.044
1975.000 9.381
1980.000 9.838
1985.000 10.095
1990.000 9.698
1995.000 8.271
2000.000 6.737
2005.000 6.030
2010.000 4.894
2015.000 4.443
2020.000 3.711
2025.000 3.198
2030.000 3.028
2035.000 2.745
2040.000 2.634
2045.000 2.431
2050.000 2.260
2055.000 2.193
2060.000 2.064
2065.000 2.000
2070.000 1.890
2075.000 1.781
2080.000 1.729
2085.000 1.638
2090.000 1.604
2095.000 1.534
2100.000 1.478
2105.000 1.452
2110.000 1.418
2115.000 1.398
2120.000 1.371
2125.000 1.350
2130.000 1.343
2135.000 1.337
2140.000 1.339
2145.000 1.348
2150.000 1.369
2155.000 1.385
2160.000 1.435
2165.000 1.459
2170.000 1.522
2175.000 1.613
2180.000 1.667
2185.000 1.797
2190.000 1.887
2195.000 2.138
2200.000 2.512
2205.000 2.755
2210.000 3.360
2215.000 3.699
2220.000 4.184
2225.000 3.942
2230.000 3.555
2235.000 2.604
2240.000 2.184
2245.000 1.553
2250.000 1.148
2255.000 1.006
2260.000 0.778
2265.000 0.683
2270.000 0.533
2275.000 0.424
2280.000 0.382
2285.000 0.310
2290.000 0.282
2295.000 0.233
2300.000 0.196
2305.000 0.181
2310.000 0.153
2315.000 0.142
2320.000 0.122
2325.000 0.105
2330.000 0.098
2335.000 0.086
2340.000 0.080
2345.000 0.071
2350.000 0.064
2355.000 0.060
2360.000 0.055
2365.000 0.052
2370.000 0.048
2375.000 0.046
2380.000 0.045
2385.000 0.044
2390.000 0.043
2395.000 0.042
2400.000 0.043
2405.000 0.042
2410.000 0.042
2415.000 0.042
2420.000 0.043
2425.000 0.043
2430.000 0.044
2435.000 0.045
2440.000 0.045
2445.000 0.045
2450.000 0.046
2455.000 0.047
2460.000 0.047
2465.000 0.047
2470.000 0.047
2475.000 0.048
2480.000 0.048
2485.000 0.049
2490.000 0.049
2495.000 0.050
2500.000 0.051
2505.000 0.051
2510.000 0.053
2515.000 0.051
2520.000 0.051
2525.000 0.052
2530.000 0.053
2535.000 0.053
2540.000 0.054
2545.000 0.053
2550.000 0.054
2555.000 0.054
2560.000 0.054
2565.000 0.054
2570.000 0.054
2575.000 0.055
2580.000 0.056
2585.000 0.056
2590.000 0.055
2595.000 0.055
2600.000 0.056
2605.000 0.056
2610.000 0.056
2615.000 0.056
2620.000 0.056
2625.000 0.057
2630.000 0.056
2635.000 0.056
2640.000 0.056
2645.000 0.057
2650.000 0.057
2655.000 0.058
2660.000 0.058
2665.000 0.057
2670.000 0.058
2675.000 0.058
2680.000 0.057
2685.000 0.058
2690.000 0.057
2695.000 0.058
2700.000 0.057
2705.000 0.058
2710.000 0.058
2715.000 0.057
2720.000 0.059
2725.000 0.059
2730.000 0.059
2735.000 0.058
2740.000 0.059
2745.000 0.059
2750.000 0.059
2755.000 0.059
2760.000 0.059
2765.000 0.059
2770.000 0.059
2775.000 0.059
2780.000 0.060
2785.000 0.060
2790.000 0.059
2795.000 0.060
2800.000 0.059
2805.000 0.059
2810.000 0.060
2815.000 0.059
2820.000 0.060
2825.000 0.060
2830.000 0.060
2835.000 0.061
2840.000 0.060
2845.000 0.059
2850.000 0.060
2855.000 0.059
2860.000 0.060
2865.000 0.060
2870.000 0.060
2875.000 0.059
2880.000 0.060
2885.000 0.061
2890.000 0.060
2895.000 0.061
2900.000 0.061
2905.000 0.061
2910.000 0.061
2915.000 0.061
2920.000 0.061
2925.000 0.061
2930.000 0.062
2935.000 0.061
2940.000 0.062
2945.000 0.061
2950.000 0.061
2955.000 0.062
2960.000 0.063
2965.000 0.059
2970.000 0.061
2975.000 0.060
2980.000 0.059
2985.000 0.063
2990.000 0.061
2995.000 0.063
3000.000 0.062
3005.000 0.061
3010.000 0.063
3015.000 0.062
3020.000 0.062
3025.000 0.063
3030.000 0.062
3035.000 0.065
3040.000 0.062
3045.000 0.062
3050.000 0.064
3055.000 0.063
3060.000 0.065
3065.000 0.064
3070.000 0.064
3075.000 0.064
3080.000 0.064
3085.000 0.064
3090.000 0.065
3095.000 0.064
3100.000 0.065
3105.000 0.065
3110.000 0.065
3115.000 0.065
3120.000 0.065
3125.000 0.066
3130.000 0.066
3135.000 0.068
3140.000 0.068
3145.000 0.073
3150.000 0.076
3155.000 0.075
3160.000 0.075
3165.000 0.076
3170.000 0.077
3175.000 0.078
3180.000 0.078
3185.000 0.079
3190.000 0.081
3195.000 0.083
3200.000 0.085
3205.000 0.087
3210.000 0.089
3215.000 0.095
3220.000 0.099
3225.000 0.101
3230.000 0.106
3235.000 0.108
3240.000 0.115
3245.000 0.125
3250.000 0.131
3255.000 0.140
3260.000 0.146
3265.000 0.161
3270.000 0.178
3275.000 0.187
3280.000 0.215
3285.000 0.228
3290.000 0.267
3295.000 0.319
3300.000 0.356
3305.000 0.453
3310.000 0.523
3315.000 0.754
3320.000 1.123
3325.000 1.377
3330.000 1.995
3335.000 2.359
3340.000 3.246
3345.000 4.426
3350.000 5.122
3355.000 6.425
3360.000 6.808
3365.000 6.554
3370.000 5.481
3375.000 4.990
3380.000 4.222
3385.000 3.926
3390.000 3.424
3395.000 3.032
3400.000 2.873
3405.000 2.642
3410.000 2.553
3415.000 2.439
3420.000 2.432
3425.000 2.470
3430.000 2.631
3435.000 2.766
3440.000 3.151
3445.000 3.738
3450.000 4.165
3455.000 5.087
3460.000 5.609
3465.000 6.615
3470.000 7.052
3475.000 6.853
3480.000 5.657
3485.000 4.946
3490.000 3.686
3495.000 2.745
3500.000 2.400
3505.000 1.895
3510.000 1.708
3515.000 1.415
3520.000 1.230
3525.000 1.169
3530.000 1.078
3535.000 1.040
3540.000 0.979
3545.000 0.928
3550.000 0.905
3555.000 0.870
3560.000 0.852
3565.000 0.833
3570.000 0.815
3575.000 0.811
3580.000 0.808
3585.000 0.806
3590.000 0.814
3595.000 0.827
3600.000 0.835
3605.000 0.858
3610.000 0.873
3615.000 0.915
3620.000 0.941
3625.000 0.998
3630.000 1.071
3635.000 1.115
3640.000 1.241
3645.000 1.322
3650.000 1.544
3655.000 1.873
3660.000 2.098
3665.000 2.713
3670.000 3.117
3675.000 4.108
3680.000 5.076
3685.000 5.359
3690.000 5.124
3695.000 4.641
3700.000 3.519
3705.000 2.591
3710.000 2.248
3715.000 1.742
3720.000 1.554
3725.000 1.272
3730.000 1.080
3735.000 1.014
3740.000 0.914
3745.000 0.874
3750.000 0.805
3755.000 0.750
3760.000 0.725
3765.000 0.681
3770.000 0.664
3775.000 0.634
3780.000 0.606
3785.000 0.594
3790.000 0.572
3795.000 0.561
3800.000 0.542
3805.000 0.523
3810.000 0.519
3815.000 0.509
3820.000 0.507
3825.000 0.505
3830.000 0.503
3835.000 0.504
3840.000 0.508
3845.000 0.513
3850.000 0.522
3855.000 0.538
3860.000 0.549
3865.000 0.575
3870.000 0.591
3875.000 0.623
3880.000 0.663
3885.000 0.689
3890.000 0.752
3895.000 0.791
3900.000 0.907
3905.000 1.079
3910.000 1.214
3915.000 1.538
3920.000 1.747
3925.000 2.225
3930.000 2.552
3935.000 2.530
3940.000 2.098
3945.000 1.801
3950.000 1.279
3955.000 0.936
3960.000 0.810
3965.000 0.627
3970.000 0.564
3975.000 0.460
3980.000 0.390
3985.000 0.366
3990.000 0.317
3995.000 0.300
4000.000 0.263
4005.000 0.225
4010.000 0.211
4015.000 0.191
4020.000 0.185
4025.000 0.166
4030.000 0.154
4035.000 0.147
4040.000 0.141
4045.000 0.136
4050.000 0.127
4055.000 0.122
4060.000 0.121
4065.000 0.117
4070.000 0.114
4075.000 0.111
4080.000 0.109
4085.000 0.106
4090.000 0.105
4095.000 0.104
4100.000 0.102
4105.000 0.101
4110.000 0.101
4115.000 0.100
4120.000 0.099
4125.000 0.100
4130.000 0.098
4135.000 0.097
4140.000 0.098
4145.000 0.098
4150.000 0.098
4155.000 0.099
4160.000 0.099
4165.000 0.099
4170.000 0.100
4175.000 0.101
4180.000 0.102
4185.000 0.102
4190.000 0.103
4195.000 0.105
4200.000 0.106
4205.000 0.107
4210.000 0.109
4215.000 0.111
4220.000 0.113
4225.000 0.117
4230.000 0.118
4235.000 0.122
4240.000 0.127
4245.000 0.129
4250.000 0.136
4255.000 0.139
4260.000 0.147
4265.000 0.157
4270.000 0.162
4275.000 0.176
4280.000 0.183
4285.000 0.198
4290.000 0.210
4295.000 0.216
4300.000 0.233
4305.000 0.242
4310.000 0.261
4315.000 0.289
4320.000 0.304
4325.000 0.351
4330.000 0.382
4335.000 0.466
4340.000 0.600
4345.000 0.697
4350.000 0.982
4355.000 1.186
4360.000 1.708
4365.000 2.324
4370.000 2.630
4375.000 3.071
4380.000 3.119
4385.000 2.797
4390.000 2.188
4395.000 1.905
4400.000 1.460
4405.000 1.289
4410.000 1.034
4415.000 0.859
4420.000 0.796
4425.000 0.706
4430.000 0.667
4435.000 0.609
4440.000 0.579
4445.000 0.571
4450.000 0.561
4455.000 0.558
4460.000 0.558
4465.000 0.564
4470.000 0.569
4475.000 0.586
4480.000 0.592
4485.000 0.618
4490.000 0.647
4495.000 0.667
4500.000 0.719
4505.000 0.758
4510.000 0.852
4515.000 0.914
4520.000 1.080
4525.000 1.320
4530.000 1.462
4535.000 1.748
4540.000 1.853
4545.000 1.870
4550.000 1.580
4555.000 1.393
4560.000 1.061
4565.000 0.930
4570.000 0.722
4575.000 0.595
4580.000 0.543
4585.000 0.470
4590.000 0.439
4595.000 0.390
4600.000 0.349
4605.000 0.332
4610.000 0.307
4615.000 0.290
4620.000 0.281
4625.000 0.266
4630.000 0.261
4635.000 0.257
4640.000 0.255
4645.000 0.254
4650.000 0.255
4655.000 0.257
4660.000 0.264
4665.000 0.272
4670.000 0.278
4675.000 0.296
4680.000 0.304
4685.000 0.326
4690.000 0.350
4695.000 0.364
4700.000 0.409
4705.000 0.441
4710.000 0.523
4715.000 0.632
4720.000 0.704
4725.000 0.899
4730.000 1.025
4735.000 1.355
4740.000 1.757
4745.000 1.967
4750.000 2.174
4755.000 2.105
4760.000 1.693
4765.000 1.235
4770.000 1.052
4775.000 0.783
4780.000 0.689
4785.000 0.549
4790.000 0.450
4795.000 0.411
4800.000 0.353
4805.000 0.333
4810.000 0.314
4815.000 0.332
4820.000 0.310
4825.000 0.287
4830.000 0.276
4835.000 0.347
4840.000 0.362
4845.000 0.368
4850.000 0.372
4855.000 0.356
4860.000 0.320
4865.000 0.303
4870.000 0.285
4875.000 0.275
4880.000 0.274
4885.000 0.278
4890.000 0.282
4895.000 0.298
4900.000 0.294
4905.000 0.279
4910.000 0.224
4915.000 0.191
4920.000 0.123
4925.000 0.078
4930.000 0.064
4935.000 0.052
4940.000 0.048
4945.000 0.049
4950.000 0.052
4955.000 0.054
4960.000 0.056
4965.000 0.061
4970.000 0.062
4975.000 0.067
4980.000 0.070
4985.000 0.069
4990.000 0.069
4995.000 0.073
5000.000 0.077
5005.000 0.075
5010.000 0.078
5015.000 0.077
5020.000 0.084
5025.000 0.084
5030.000 0.085
5035.000 0.086
5040.000 0.085
5045.000 0.087
5050.000 0.092
5055.000 0.091
5060.000 0.093
5065.000 0.093
5070.000 0.093
5075.000 0.095
5080.000 0.096
5085.000 0.097
5090.000 0.097
5095.000 0.100
5100.000 0.099
5105.000 0.101
5110.000 0.102
5115.000 0.102
5120.000 0.104
5125.000 0.104
5130.000 0.106
5135.000 0.107
5140.000 0.105
5145.000 0.107
5150.000 0.107
5155.000 0.108
5160.000 0.108
5165.000 0.109
5170.000 0.110
5175.000 0.108
5180.000 0.109
5185.000 0.109
5190.000 0.110
5195.000 0.109
5200.000 0.111
5205.000 0.110
5210.000 0.111
5215.000 0.112
5220.000 0.112
5225.000 0.111
5230.000 0.111
5235.000 0.112
5240.000 0.114
5245.000 0.111
5250.000 0.114
5255.000 0.114
5260.000 0.114
5265.000 0.113
5270.000 0.115
5275.000 0.116
5280.000 0.115
5285.000 0.116
5290.000 0.114
5295.000 0.115
5300.000 0.115
5305.000 0.114
5310.000 0.115
5315.000 0.114
5320.000 0.115
5325.000 0.114
5330.000 0.115
5335.000 0.115
5340.000 0.115
5345.000 0.116
5350.000 0.117
5355.000 0.116
5360.000 0.116
5365.000 0.117
5370.000 0.116
5375.000 0.117
5380.000 0.117
5385.000 0.117
5390.000 0.117
5395.000 0.117
5400.000 0.117
5405.000 0.117
5410.000 0.117
5415.000 0.117
5420.000 0.117
5425.000 0.118
5430.000 0.117
5435.000 0.118
5440.000 0.117
5445.000 0.117
5450.000 0.119
5455.000 0.119
5460.000 0.120
5465.000 0.119
5470.000 0.117
5475.000 0.120
5480.000 0.119
5485.000 0.119
5490.000 0.119
5495.000 0.119
5500.000 0.120
5505.000 0.121
5510.000 0.118
5515.000 0.120
5520.000 0.122
5525.000 0.125
5530.000 0.124
5535.000 0.123
5540.000 0.122
5545.000 0.121
5550.000 0.121
5555.000 0.122
5560.000 0.121
5565.000 0.119
5570.000 0.120
5575.000 0.120
5580.000 0.120
5585.000 0.121
5590.000 0.122
5595.000 0.123
5600.000 0.123
5605.000 0.123
5610.000 0.122
5615.000 0.124
5620.000 0.122
5625.000 0.122
5630.000 0.123
5635.000 0.122
5640.000 0.121
5645.000 0.129
5650.000 0.129
5655.000 0.126
5660.000 0.130
5665.000 0.127
5670.000 0.132
5675.000 0.131
5680.000 0.129
5685.000 0.128
5690.000 0.129
5695.000 0.125
5700.000 0.126
5705.000 0.126
5710.000 0.124
5715.000 0.126
5720.000 0.123
5725.000 0.122
5730.000 0.125
5735.000 0.123
5740.000 0.122
5745.000 0.123
5750.000 0.124
5755.000 0.124
5760.000 0.123
5765.000 0.123
5770.000 0.125
5775.000 0.126
5780.000 0.125
5785.000 0.125
5790.000 0.124
5795.000 0.125
5800.000 0.123
5805.000 0.125
5810.000 0.125
5815.000 0.124
5820.000 0.125
5825.000 0.126
5830.000 0.126
5835.000 0.125
5840.000 0.126
5845.000 0.125
5850.000 0.126
5855.000 0.128
5860.000 0.128
5865.000 0.127
5870.000 0.128
5875.000 0.128
5880.000 0.129
5885.000 0.128
5890.000 0.130
5895.000 0.131
5900.000 0.129
5905.000 0.129
5910.000 0.136
5915.000 0.197
5920.000 0.207
5925.000 0.200
5930.000 0.178
5935.000 0.168
5940.000 0.170
5945.000 0.158
5950.000 0.153
5955.000 0.141
5960.000 0.141
5965.000 0.138
5970.000 0.135
5975.000 0.140
5980.000 0.136
5985.000 0.136
5990.000 0.130
5995.000 0.177
6000.000 0.222
6005.000 0.208
6010.000 0.193
6015.000 0.174
6020.000 0.160
6025.000 0.153
6030.000 0.152
6035.000 0.145
6040.000 0.147
6045.000 0.140
6050.000 0.135
6055.000 0.137
6060.000 0.134
6065.000 0.134
6070.000 0.132
6075.000 0.130
6080.000 0.131
6085.000 0.133
6090.000 0.131
6095.000 0.133
6100.000 0.132
6105.000 0.132
6110.000 0.133
6115.000 0.133
6120.000 0.133
6125.000 0.134
6130.000 0.132
6135.000 0.133
6140.000 0.132
6145.000 0.133
6150.000 0.132
6155.000 0.135
6160.000 0.133
6165.000 0.133
6170.000 0.134
6175.000 0.133
6180.000 0.132
6185.000 0.135
6190.000 0.134
6195.000 0.134
6200.000 0.134
6205.000 0.136
6210.000 0.134
6215.000 0.134
6220.000 0.134
6225.000 0.134
6230.000 0.134
6235.000 0.137
6240.000 0.135
6245.000 0.135
6250.000 0.136
6255.000 0.134
6260.000 0.134
6265.000 0.136
6270.000 0.138
6275.000 0.138
6280.000 0.137
6285.000 0.137
6290.000 0.137
6295.000 0.136
6300.000 0.138
6305.000 0.139
6310.000 0.136
6315.000 0.140
6320.000 0.141
6325.000 0.138
6330.000 0.136
6335.000 0.136
6340.000 0.139
6345.000 0.138
6350.000 0.139
6355.000 0.139
6360.000 0.138
6365.000 0.139
6370.000 0.140
6375.000 0.139
6380.000 0.138
6385.000 0.139
6390.000 0.139
6395.000 0.138
6400.000 0.138
6405.000 0.140
6410.000 0.141
6415.000 0.139
6420.000 0.141
6425.000 0.139
6430.000 0.139
6435.000 0.140
6440.000 0.141
6445.000 0.141
6450.000 0.142
6455.000 0.141
6460.000 0.141
6465.000 0.143
6470.000 0.142
6475.000 0.144
6480.000 0.144
6485.000 0.144
6490.000 0.147
6495.000 0.146
6500.000 0.148
6505.000 0.147
6510.000 0.148
6515.000 0.148
6520.000 0.150
6525.000 0.152
6530.000 0.152
6535.000 0.153
6540.000 0.154
6545.000 0.156
6550.000 0.159
6555.000 0.161
6560.000 0.163
6565.000 0.168
6570.000 0.170
6575.000 0.174
6580.000 0.181
6585.000 0.186
6590.000 0.198
6595.000 0.204
6600.000 0.224
6605.000 0.244
6610.000 0.255
6615.000 0.292
6620.000 0.311
6625.000 0.370
6630.000 0.462
6635.000 0.528
6640.000 0.722
6645.000 0.854
6650.000 1.234
6655.000 1.777
6660.000 2.119
6665.000 2.936
6670.000 3.372
6675.000 4.033
6680.000 4.075
6685.000 3.875
6690.000 3.443
6695.000 3.263
6700.000 3.017
6705.000 2.907
6710.000 2.897
6715.000 3.047
6720.000 3.208
6725.000 3.631
6730.000 4.250
6735.000 4.619
6740.000 5.356
6745.000 5.634
6750.000 5.813
6755.000 5.246
6760.000 4.751
6765.000 3.709
6770.000 3.265
6775.000 2.561
6780.000 2.076
6785.000 1.891
6790.000 1.619
6795.000 1.520
6800.000 1.372
6805.000 1.276
6810.000 1.239
6815.000 1.201
6820.000 1.198
6825.000 1.219
6830.000 1.255
6835.000 1.282
6840.000 1.348
6845.000 1.392
6850.000 1.510
6855.000 1.687
6860.000 1.810
6865.000 2.141
6870.000 2.362
6875.000 2.918
6880.000 3.554
6885.000 3.843
6890.000 3.963
6895.000 3.787
6900.000 3.127
6905.000 2.759
6910.000 2.137
6915.000 1.696
6920.000 1.533
6925.000 1.297
6930.000 1.214
6935.000 1.085
6940.000 0.975
6945.000 0.932
6950.000 0.864
6955.000 0.830
6960.000 0.782
6965.000 0.741
6970.000 0.724
6975.000 0.695
6980.000 0.688
6985.000 0.674
6990.000 0.671
6995.000 0.672
7000.000 0.675
7005.000 0.675
7010.000 0.689
7015.000 0.722
7020.000 0.747
7025.000 0.782
7030.000 0.822
7035.000 0.900
7040.000 1.032
7045.000 1.118
7050.000 1.333
7055.000 1.476
7060.000 1.769
7065.000 1.925
7070.000 1.894
7075.000 1.659
7080.000 1.482
7085.000 1.153
7090.000 0.905
7095.000 0.809
7100.000 0.673
7105.000 0.626
7110.000 0.550
7115.000 0.490
7120.000 0.463
7125.000 0.416
7130.000 0.395
7135.000 0.357
7140.000 0.327
7145.000 0.315
7150.000 0.292
7155.000 0.282
7160.000 0.265
7165.000 0.251
7170.000 0.244
7175.000 0.235
7180.000 0.230
7185.000 0.224
7190.000 0.218
7195.000 0.216
7200.000 0.210
7205.000 0.208
7210.000 0.205
7215.000 0.206
7220.000 0.203
7225.000 0.201
7230.000 0.200
7235.000 0.199
7240.000 0.199
7245.000 0.198
7250.000 0.197
7255.000 0.197
7260.000 0.198
7265.000 0.197
7270.000 0.198
7275.000 0.201
7280.000 0.201
7285.000 0.203
7290.000 0.206
7295.000 0.208
7300.000 0.211
7305.000 0.213
7310.000 0.217
7315.000 0.221
7320.000 0.223
7325.000 0.229
7330.000 0.233
7335.000 0.241
7340.000 0.249
7345.000 0.256
7350.000 0.268
7355.000 0.279
7360.000 0.302
7365.000 0.324
7370.000 0.334
7375.000 0.357
7380.000 0.372
7385.000 0.398
7390.000 0.423
7395.000 0.442
7400.000 0.485
7405.000 0.513
7410.000 0.578
7415.000 0.663
7420.000 0.717
7425.000 0.863
7430.000 0.953
7435.000 1.206
7440.000 1.565
7445.000 1.785
7450.000 2.294
7455.000 2.576
7460.000 3.048
7465.000 3.116
7470.000 2.942
7475.000 2.355
7480.000 2.085
7485.000 1.632
7490.000 1.455
7495.000 1.193
7500.000 1.015
7505.000 0.950
7510.000 0.858
7515.000 0.827
7520.000 0.788
7525.000 0.777
7530.000 0.780
7535.000 0.795
7540.000 0.815
7545.000 0.847
7550.000 0.897
7555.000 0.929
7560.000 1.024
7565.000 1.086
7570.000 1.253
7575.000 1.471
7580.000 1.585
7585.000 1.787
7590.000 1.856
7595.000 1.816
7600.000 1.569
7605.000 1.429
7610.000 1.191
7615.000 1.092
7620.000 0.943
7625.000 0.834
7630.000 0.791
7635.000 0.726
7640.000 0.697
7645.000 0.647
7650.000 0.612
7655.000 0.595
7660.000 0.576
7665.000 0.570
7670.000 0.558
7675.000 0.552
7680.000 0.551
7685.000 0.557
7690.000 0.562
7695.000 0.574
7700.000 0.596
7705.000 0.611
7710.000 0.644
7715.000 0.666
7720.000 0.718
7725.000 0.796
7730.000 0.842
7735.000 0.940
7740.000 0.985
7745.000 1.058
7750.000 1.047
7755.000 0.998
7760.000 0.856
7765.000 0.780
7770.000 0.638
7775.000 0.572
7780.000 0.479
7785.000 0.397
7790.000 0.370
7795.000 0.321
7800.000 0.303
7805.000 0.267
7810.000 0.245
7815.000 0.233
7820.000 0.209
7825.000 0.189
7830.000 0.180
7835.000 0.164
7840.000 0.161
7845.000 0.152
7850.000 0.135
7855.000 0.128
7860.000 0.110
7865.000 0.102
7870.000 0.101
7875.000 0.106
7880.000 0.108
7885.000 0.112
7890.000 0.114
7895.000 0.118
7900.000 0.117
7905.000 0.118
7910.000 0.119
7915.000 0.120
7920.000 0.119
7925.000 0.121
7930.000 0.119
7935.000 0.125
7940.000 0.124
7945.000 0.124
7950.000 0.122
7955.000 0.120
7960.000 0.120
7965.000 0.118
7970.000 0.120
7975.000 0.117
7980.000 0.118
7985.000 0.120
7990.000 0.121
7995.000 0.127
8000.000 0.121
8005.000 0.124
8010.000 0.125
8015.000 0.121
8020.000 0.118
8025.000 0.118
8030.000 0.122
8035.000 0.119
8040.000 0.120
8045.000 0.121
8050.000 0.118
8055.000 0.121
8060.000 0.121
8065.000 0.118
8070.000 0.118
8075.000 0.118
8080.000 0.119
8085.000 0.120
8090.000 0.119
8095.000 0.121
8100.000 0.120
8105.000 0.119
8110.000 0.120
8115.000 0.120
8120.000 0.119
8125.000 0.120
8130.000 0.121
8135.000 0.122
8140.000 0.121
8145.000 0.122
8150.000 0.121
8155.000 0.123
8160.000 0.122
8165.000 0.122
8170.000 0.122
8175.000 0.124
8180.000 0.123
8185.000 0.123
8190.000 0.123
8195.000 0.123
8200.000 0.124
8205.000 0.123
8210.000 0.124
8215.000 0.123
8220.000 0.125
8225.000 0.124
8230.000 0.125
8235.000 0.124
8240.000 0.124
8245.000 0.124
8250.000 0.124
8255.000 0.125
8260.000 0.126
8265.000 0.125
8270.000 0.126
8275.000 0.126
8280.000 0.127
8285.000 0.127
8290.000 0.127
8295.000 0.129
8300.000 0.128
8305.000 0.129
8310.000 0.128
8315.000 0.128
8320.000 0.127
8325.000 0.128
8330.000 0.129
8335.000 0.129
8340.000 0.130
8345.000 0.131
8350.000 0.130
8355.000 0.130
8360.000 0.131
8365.000 0.130
8370.000 0.131
8375.000 0.131
8380.000 0.131
8385.000 0.131
8390.000 0.130
8395.000 0.132
8400.000 0.132
8405.000 0.132
8410.000 0.133
8415.000 0.134
8420.000 0.134
8425.000 0.132
8430.000 0.134
8435.000 0.135
8440.000 0.134
8445.000 0.135
8450.000 0.137
8455.000 0.137
8460.000 0.136
8465.000 0.136
8470.000 0.137
8475.000 0.135
8480.000 0.137
8485.000 0.138
8490.000 0.137
8495.000 0.136
8500.000 0.137
8505.000 0.137
8510.000 0.137
8515.000 0.139
8520.000 0.138
8525.000 0.138
8530.000 0.139
8535.000 0.139
8540.000 0.139
8545.000 0.137
8550.000 0.138
8555.000 0.139
8560.000 0.139
8565.000 0.140
8570.000 0.140
8575.000 0.141
8580.000 0.140
8585.000 0.139
8590.000 0.140
8595.000 0.139
8600.000 0.139
8605.000 0.140
8610.000 0.140
8615.000 0.141
8620.000 0.140
8625.000 0.142
8630.000 0.140
8635.000 0.140
8640.000 0.141
8645.000 0.142
8650.000 0.142
8655.000 0.141
8660.000 0.139
8665.000 0.141
8670.000 0.140
8675.000 0.140
8680.000 0.142
8685.000 0.140
8690.000 0.140
8695.000 0.141
8700.000 0.141
8705.000 0.140
8710.000 0.141
8715.000 0.141
8720.000 0.141
8725.000 0.140
8730.000 0.141
8735.000 0.140
8740.000 0.142
8745.000 0.142
8750.000 0.139
8755.000 0.141
8760.000 0.140
8765.000 0.141
8770.000 0.142
8775.000 0.141
8780.000 0.142
8785.000 0.142
8790.000 0.141
8795.000 0.143
8800.000 0.141
8805.000 0.142
8810.000 0.143
8815.000 0.143
8820.000 0.148
8825.000 0.146
8830.000 0.151
8835.000 0.138
8840.000 0.140
8845.000 0.142
8850.000 0.143
8855.000 0.141
8860.000 0.144
8865.000 0.145
8870.000 0.145
8875.000 0.145
8880.000 0.142
8885.000 0.143
8890.000 0.143
8895.000 0.144
8900.000 0.144
8905.000 0.143
8910.000 0.143
8915.000 0.142
8920.000 0.141
8925.000 0.143
8930.000 0.142
8935.000 0.142
8940.000 0.143
8945.000 0.141
8950.000 0.142
8955.000 0.144
8960.000 0.143
8965.000 0.144
8970.000 0.148
8975.000 0.143
8980.000 0.143
8985.000 0.144
8990.000 0.142
8995.000 0.142
9000.000 0.145
9005.000 0.140
9010.000 0.143
9015.000 0.142
9020.000 0.144
9025.000 0.142
9030.000 0.144
9035.000 0.145
9040.000 0.148
9045.000 0.149
9050.000 0.143
9055.000 0.145
9060.000 0.143
9065.000 0.142
9070.000 0.143
9075.000 0.142
9080.000 0.144
9085.000 0.146
9090.000 0.145
9095.000 0.145
9100.000 0.144
9105.000 0.143
9110.000 0.143
9115.000 0.144
9120.000 0.145
9125.000 0.143
9130.000 0.142
9135.000 0.143
9140.000 0.148
9145.000 0.149
9150.000 0.149
9155.000 0.147
9160.000 0.147
9165.000 0.146
9170.000 0.145
9175.000 0.143
9180.000 0.144
9185.000 0.143
9190.000 0.146
9195.000 0.145
9200.000 0.145
9205.000 0.143
9210.000 0.144
9215.000 0.145
9220.000 0.143
9225.000 0.145
9230.000 0.143
9235.000 0.145
9240.000 0.145
9245.000 0.144
9250.000 0.145
9255.000 0.145
9260.000 0.143
9265.000 0.145
9270.000 0.145
9275.000 0.144
9280.000 0.143
9285.000 0.142
9290.000 0.144
9295.000 0.145
9300.000 0.144
9305.000 0.143
9310.000 0.143
9315.000 0.143
9320.000 0.144
9325.000 0.145
9330.000 0.147
9335.000 0.145
9340.000 0.144
9345.000 0.145
9350.000 0.145
9355.000 0.145
9360.000 0.145
9365.000 0.144
9370.000 0.143
9375.000 0.145
9380.000 0.145
9385.000 0.144
9390.000 0.145
9395.000 0.144
9400.000 0.146
9405.000 0.145
9410.000 0.145
9415.000 0.145
9420.000 0.147
9425.000 0.145
9430.000 0.145
9435.000 0.145
9440.000 0.146
9445.000 0.143
9450.000 0.145
9455.000 0.144
9460.000 0.146
9465.000 0.143
9470.000 0.144
9475.000 0.143
9480.000 0.145
9485.000 0.144
9490.000 0.145
9495.000 0.144
9500.000 0.144
9505.000 0.144
9510.000 0.142
9515.000 0.143
9520.000 0.143
9525.000 0.144
9530.000 0.146
9535.000 0.145
9540.000 0.145
9545.000 0.146
9550.000 0.147
9555.000 0.144
9560.000 0.145
9565.000 0.144
9570.000 0.146
9575.000 0.146
9580.000 0.145
9585.000 0.144
9590.000 0.146
9595.000 0.144
9600.000 0.144
9605.000 0.145
9610.000 0.144
9615.000 0.144
9620.000 0.145
9625.000 0.146
9630.000 0.145
9635.000 0.147
9640.000 0.146
9645.000 0.145
9650.000 0.146
9655.000 0.146
9660.000 0.145
9665.000 0.147
9670.000 0.146
9675.000 0.146
9680.000 0.145
9685.000 0.146
9690.000 0.145
9695.000 0.146
9700.000 0.146
9705.000 0.146
9710.000 0.201
9715.000 0.205
9720.000 0.198
9725.000 0.178
9730.000 0.173
9735.000 0.161
9740.000 0.154
9745.000 0.152
9750.000 0.148
9755.000 0.149
9760.000 0.148
9765.000 0.149
9770.000 0.151
9775.000 0.148
9780.000 0.150
9785.000 0.148
9790.000 0.149
9795.000 0.150
9800.000 0.152
9805.000 0.152
9810.000 0.154
9815.000 0.154
9820.000 0.155
9825.000 0.156
9830.000 0.155
9835.000 0.159
9840.000 0.159
9845.000 0.160
9850.000 0.161
9855.000 0.164
9860.000 0.164
9865.000 0.169
9870.000 0.173
9875.000 0.176
9880.000 0.180
9885.000 0.188
9890.000 0.196
9895.000 0.201
9900.000 0.214
9905.000 0.221
9910.000 0.242
9915.000 0.280
9920.000 0.303
9925.000 0.356
9930.000 0.394
9935.000 0.487
9940.000 0.581
9945.000 0.605
9950.000 0.585
9955.000 0.560
9960.000 0.487
9965.000 0.434
9970.000 0.424
9975.000 0.422
9980.000 0.434
9985.000 0.497
9990.000 0.610
9995.000 0.702
10000.000 0.948
10005.000 1.106
10010.000 1.431
10015.000 1.660
10020.000 1.702
10025.000 1.639
10030.000 1.541
10035.000 1.316
10040.000 1.118
10045.000 1.034
10050.000 0.908
10055.000 0.857
10060.000 0.781
10065.000 0.736
10070.000 0.729
10075.000 0.729
10080.000 0.732
10085.000 0.748
10090.000 0.775
10095.000 0.791
10100.000 0.837
10105.000 0.863
10110.000 0.935
10115.000 1.026
10120.000 1.084
10125.000 1.193
10130.000 1.239
10135.000 1.259
10140.000 1.168
10145.000 1.097
10150.000 0.928
10155.000 0.849
10160.000 0.707
10165.000 0.648
10170.000 0.545
10175.000 0.470
10180.000 0.438
10185.000 0.388
10190.000 0.368
10195.000 0.334
10200.000 0.308
10205.000 0.299
10210.000 0.288
10215.000 0.285
10220.000 0.280
10225.000 0.282
10230.000 0.295
10235.000 0.308
10240.000 0.319
10245.000 0.346
10250.000 0.391
10255.000 0.420
10260.000 0.504
10265.000 0.561
10270.000 0.700
10275.000 0.853
10280.000 0.912
10285.000 0.941
10290.000 0.908
10295.000 0.789
10300.000 0.661
10305.000 0.606
10310.000 0.512
10315.000 0.478
10320.000 0.418
10325.000 0.381
10330.000 0.367
10335.000 0.342
10340.000 0.330
10345.000 0.312
10350.000 0.298
10355.000 0.291
10360.000 0.279
10365.000 0.277
10370.000 0.268
10375.000 0.260
10380.000 0.257
10385.000 0.252
10390.000 0.244
10395.000 0.246
10400.000 0.238
10405.000 0.236
10410.000 0.233
10415.000 0.234
10420.000 0.231
10425.000 0.230
10430.000 0.227
10435.000 0.227
10440.000 0.225
10445.000 0.224
10450.000 0.222
10455.000 0.222
10460.000 0.221
10465.000 0.223
10470.000 0.223
10475.000 0.224
10480.000 0.224
10485.000 0.226
10490.000 0.226
10495.000 0.227
10500.000 0.229
10505.000 0.231
10510.000 0.233
10515.000 0.235
10520.000 0.238
10525.000 0.242
10530.000 0.244
10535.000 0.249
10540.000 0.252
10545.000 0.260
10550.000 0.268
10555.000 0.272
10560.000 0.281
10565.000 0.285
10570.000 0.296
10575.000 0.306
10580.000 0.309
10585.000 0.321
10590.000 0.328
10595.000 0.344
10600.000 0.367
10605.000 0.379
10610.000 0.410
10615.000 0.428
10620.000 0.469
10625.000 0.511
10630.000 0.532
10635.000 0.561
10640.000 0.562
10645.000 0.540
10650.000 0.494
10655.000 0.465
10660.000 0.409
10665.000 0.381
10670.000 0.336
10675.000 0.300
10680.000 0.291
10685.000 0.270
10690.000 0.262
10695.000 0.255
10700.000 0.254
10705.000 0.257
10710.000 0.270
10715.000 0.280
10720.000 0.307
10725.000 0.347
10730.000 0.376
10735.000 0.450
10740.000 0.498
10745.000 0.622
10750.000 0.690
10755.000 0.822
10760.000 0.919
10765.000 0.939
10770.000 0.910
10775.000 0.869
10780.000 0.765
10785.000 0.665
10790.000 0.620
10795.000 0.550
10800.000 0.521
10805.000 0.474
10810.000 0.446
10815.000 0.436
10820.000 0.423
10825.000 0.419
10830.000 0.413
10835.000 0.411
10840.000 0.410
10845.000 0.409
10850.000 0.409
10855.000 0.412
10860.000 0.418
10865.000 0.424
10870.000 0.430
10875.000 0.435
10880.000 0.443
10885.000 0.449
10890.000 0.449
10895.000 0.439
10900.000 0.425
10905.000 0.382
10910.000 0.331
10915.000 0.304
10920.000 0.250
10925.000 0.221
10930.000 0.170
10935.000 0.128
10940.000 0.109
10945.000 0.079
10950.000 0.065
10955.000 0.044
10960.000 0.027
10965.000 0.022
10970.000 0.011
10975.000 0.012
10980.000 0.023
10985.000 0.039
10990.000 0.050
10995.000 0.076
11000.000 0.093
11005.000 0.146
11010.000 0.204
11015.000 0.224
11020.000 0.248
11025.000 0.253
11030.000 0.254
11035.000 0.248
11040.000 0.248
11050.000 0.227
11055.000 0.216
11060.000 0.199
11065.000 0.194
11070.000 0.180
11075.000 0.176
11080.000 0.167
11085.000 0.161
11090.000 0.155
11095.000 0.150
11100.000 0.149
11105.000 0.149
11110.000 0.146
11115.000 0.144
11120.000 0.145
11125.000 0.146
11130.000 0.144
11135.000 0.145
11140.000 0.145
11145.000 0.144
11150.000 0.143
11155.000 0.145
11160.000 0.143
11165.000 0.144
11170.000 0.144
11175.000 0.143
11180.000 0.143
11185.000 0.144
11190.000 0.144
11195.000 0.144
11200.000 0.144
11205.000 0.142
11210.000 0.142
11215.000 0.141
11220.000 0.141
11225.000 0.143
11230.000 0.143
11235.000 0.141
11240.000 0.142
11245.000 0.141
11250.000 0.143
11255.000 0.142
11260.000 0.141
11265.000 0.143
11270.000 0.142
11275.000 0.143
11280.000 0.140
11285.000 0.141
11290.000 0.141
11295.000 0.141
11300.000 0.142
11305.000 0.143
11310.000 0.141
11315.000 0.141
11320.000 0.142
11325.000 0.143
11330.000 0.142
11335.000 0.142
11340.000 0.142
11345.000 0.143
11350.000 0.143
11355.000 0.141
11360.000 0.141
11365.000 0.142
11370.000 0.140
11375.000 0.141
11380.000 0.140
11385.000 0.140
11390.000 0.141
11395.000 0.140
11400.000 0.139
11405.000 0.141
11410.000 0.140
11415.000 0.142
11420.000 0.140
11425.000 0.142
11430.000 0.140
11435.000 0.139
11440.000 0.140
11445.000 0.138
11450.000 0.140
11455.000 0.139
11460.000 0.139
11465.000 0.139
11470.000 0.139
11475.000 0.140
11480.000 0.140
11485.000 0.141
11490.000 0.141
11495.000 0.139
11500.000 0.139
11505.000 0.140
11510.000 0.138
11515.000 0.139
11520.000 0.138
11525.000 0.138
11530.000 0.140
11535.000 0.139
11540.000 0.140
11545.000 0.138
11550.000 0.139
11555.000 0.139
11560.000 0.140
11565.000 0.139
11570.000 0.138
11575.000 0.139
11580.000 0.139
11585.000 0.139
11590.000 0.139
11595.000 0.140
11600.000 0.139
11605.000 0.138
11610.000 0.139
11615.000 0.137
11620.000 0.139
11625.000 0.140
11630.000 0.138
11635.000 0.138
11640.000 0.137
11645.000 0.138
11650.000 0.138
11655.000 0.138
11660.000 0.136
11665.000 0.138
11670.000 0.137
11675.000 0.138
11680.000 0.137
11685.000 0.137
11690.000 0.139
11695.000 0.137
11700.000 0.137
11705.000 0.139
11710.000 0.140
11715.000 0.138
11720.000 0.139
11725.000 0.139
11730.000 0.138
11735.000 0.139
11740.000 0.138
11745.000 0.139
11750.000 0.140
11755.000 0.140
11760.000 0.139
11765.000 0.140
11770.000 0.139
11775.000 0.139
11780.000 0.138
11785.000 0.139
11790.000 0.137
11795.000 0.139
11800.000 0.138
11805.000 0.139
11810.000 0.138
11815.000 0.137
11820.000 0.137
11825.000 0.137
11830.000 0.135
11835.000 0.136
11840.000 0.134
11845.000 0.135
11850.000 0.134
11855.000 0.136
11860.000 0.137
11865.000 0.135
11870.000 0.136
11875.000 0.136
11880.000 0.135
11885.000 0.135
11890.000 0.136
11895.000 0.135
11900.000 0.136
11905.000 0.136
11910.000 0.136
11915.000 0.136
11920.000 0.136
11925.000 0.136
11930.000 0.135
11935.000 0.134
11940.000 0.136
11945.000 0.135
11950.000 0.138
11955.000 0.134
11960.000 0.136
11965.000 0.135
11970.000 0.135
11975.000 0.135
11980.000 0.136
11985.000 0.134
11990.000 0.135
11995.000 0.135
12000.000 0.136
