110.000 0.022
120.000 0.073
130.000 1.573
140.000 1.962
150.000 2.289
160.000 2.424
170.000 2.652
180.000 2.689
190.000 2.689
200.000 2.852
210.000 2.906
220.000 3.320
230.000 3.664
240.000 3.999
250.000 4.438
260.000 4.799
270.000 5.581
280.000 6.639
290.000 7.360
300.000 9.193
310.000 10.288
320.000 13.087
330.000 16.310
340.000 18.004
350.000 19.709
360.000 19.651
370.000 18.320
380.000 16.994
390.000 16.530
400.000 16.111
410.000 16.167
420.000 16.450
430.000 16.870
440.000 17.075
450.000 17.214
460.000 17.104
470.000 16.180
480.000 14.917
490.000 14.215
500.000 12.876
510.000 12.322
520.000 11.426
530.000 10.883
540.000 10.754
550.000 10.794
560.000 11.004
570.000 11.993
580.000 13.711
590.000 14.930
600.000 18.297
610.000 20.244
620.000 22.141
630.000 16.475
640.000 12.739
650.000 8.005
660.000 6.471
670.000 4.340
680.000 3.034
690.000 2.586
700.000 1.943
710.000 1.710
720.000 1.369
730.000 1.129
740.000 1.041
750.000 0.905
760.000 0.854
770.000 0.779
780.000 0.734
790.000 0.712
800.000 0.690
810.000 0.686
820.000 0.717
830.000 0.791
840.000 0.843
850.000 1.019
860.000 1.169
870.000 1.749
880.000 3.155
890.000 4.124
900.000 4.624
910.000 3.577
920.000 1.772
930.000 1.027
940.000 0.799
950.000 0.543
960.000 0.463
970.000 0.349
980.000 0.306
990.000 0.253
1000.000 0.224
1010.000 0.208
1020.000 0.203
1030.000 0.199
1040.000 0.199
1050.000 0.199
1060.000 0.207
1070.000 0.221
1080.000 0.235
1090.000 0.265
1100.000 0.317
1110.000 0.351
1120.000 0.440
1130.000 0.511
1140.000 0.773
1150.000 1.314
1160.000 1.799
1170.000 3.834
1180.000 5.030
1190.000 4.127
1200.000 2.381
1210.000 1.934
1220.000 1.365
1230.000 1.184
1240.000 0.925
1250.000 0.761
1260.000 0.703
1270.000 0.616
1280.000 0.585
1290.000 0.539
1300.000 0.510
1310.000 0.508
1320.000 0.507
1330.000 0.512
1340.000 0.531
1350.000 0.559
1360.000 0.580
1370.000 0.647
1380.000 0.690
1390.000 0.814
1400.000 1.029
1410.000 1.204
1420.000 1.809
1430.000 2.310
1440.000 4.147
1450.000 7.695
1460.000 9.113
1470.000 6.981
1480.000 4.903
1490.000 2.874
1500.000 1.892
1510.000 1.584
1520.000 1.191
1530.000 1.040
1540.000 0.856
1550.000 0.738
1560.000 0.693
1570.000 0.634
1580.000 0.616
1590.000 0.596
1600.000 0.596
1610.000 0.606
1620.000 0.619
1630.000 0.631
1640.000 0.662
1650.000 0.703
1660.000 0.739
1670.000 0.834
1680.000 0.912
1690.000 1.186
1700.000 1.842
1710.000 2.485
1720.000 4.800
1730.000 6.856
1740.000 12.388
1750.000 12.126
1760.000 9.378
1770.000 6.298
1780.000 5.344
1790.000 4.001
1800.000 3.158
1810.000 2.847
1820.000 2.384
1830.000 2.211
1840.000 1.954
1850.000 1.799
1860.000 1.748
1870.000 1.689
1880.000 1.677
1890.000 1.719
1900.000 1.809
1910.000 1.872
1920.000 2.051
1930.000 2.182
1940.000 2.540
1950.000 3.119
1960.000 3.536
1970.000 4.801
1980.000 5.732
1990.000 8.518
2000.000 12.546
2010.000 14.671
2020.000 17.799
2030.000 18.043
2040.000 14.772
2050.000 10.057
2060.000 8.282
2070.000 5.782
2080.000 4.940
2090.000 3.760
2100.000 3.003
2110.000 2.724
2120.000 2.289
2130.000 2.134
2140.000 1.911
2150.000 1.847
2160.000 1.763
2170.000 1.709
2180.000 1.693
2190.000 1.683
2200.000 1.688
2210.000 1.729
2220.000 1.806
2230.000 1.867
2240.000 2.047
2250.000 2.187
2260.000 2.624
2270.000 3.453
2280.000 4.133
2290.000 6.392
2300.000 8.121
2310.000 12.494
2320.000 15.195
2330.000 14.030
2340.000 8.582
2350.000 6.639
2360.000 4.239
2370.000 2.983
2380.000 2.574
2390.000 2.008
2400.000 1.808
2410.000 1.513
2420.000 1.312
2430.000 1.241
2440.000 1.131
2450.000 1.091
2460.000 1.030
2470.000 0.996
2480.000 0.990
2490.000 1.005
2500.000 1.029
2510.000 1.106
2520.000 1.236
2530.000 1.334
2540.000 1.589
2550.000 1.778
2560.000 2.429
2570.000 3.809
2580.000 4.994
2590.000 8.376
2600.000 10.297
2610.000 11.457
2620.000 6.236
2630.000 4.599
2640.000 2.757
2650.000 2.235
2660.000 1.581
2670.000 1.203
2680.000 1.070
2690.000 0.873
2700.000 0.803
2710.000 0.697
2720.000 0.653
2730.000 0.594
2740.000 0.563
2750.000 0.553
2760.000 0.545
2770.000 0.553
2780.000 0.564
2790.000 0.603
2800.000 0.629
2810.000 0.701
2820.000 0.843
2830.000 0.954
2840.000 1.355
2850.000 1.741
2860.000 3.298
2870.000 6.046
2880.000 7.692
2890.000 9.679
2900.000 8.162
2910.000 4.154
2920.000 2.508
2930.000 2.029
2940.000 1.426
2950.000 1.227
2960.000 0.952
2970.000 0.779
2980.000 0.720
2990.000 0.628
3000.000 0.594
3010.000 0.546
3020.000 0.518
3030.000 0.506
3040.000 0.497
3050.000 0.499
3060.000 0.510
3070.000 0.530
3080.000 0.546
3090.000 0.588
3100.000 0.616
3110.000 0.718
3120.000 0.918
3130.000 1.097
3140.000 1.844
3150.000 2.609
3160.000 5.182
3170.000 7.673
3180.000 7.299
3190.000 3.537
3200.000 2.606
3210.000 1.562
3220.000 1.054
3230.000 0.895
3240.000 0.682
3250.000 0.607
3260.000 0.501
3270.000 0.430
3280.000 0.404
3290.000 0.367
3300.000 0.353
3310.000 0.333
3320.000 0.328
3330.000 0.326
3340.000 0.336
3350.000 0.346
3360.000 0.377
3370.000 0.400
3380.000 0.457
3390.000 0.546
3400.000 0.611
3410.000 0.827
3420.000 1.016
3430.000 1.735
3440.000 3.559
3450.000 4.960
3460.000 6.265
3470.000 4.924
3480.000 2.435
3490.000 1.471
3500.000 1.195
3510.000 0.846
3520.000 0.734
3530.000 0.579
3540.000 0.480
3550.000 0.443
3560.000 0.389
3570.000 0.369
3580.000 0.337
3590.000 0.319
3600.000 0.311
3610.000 0.306
3620.000 0.307
3630.000 0.315
3640.000 0.330
3650.000 0.342
3660.000 0.381
3670.000 0.404
3680.000 0.469
3690.000 0.589
3700.000 0.687
3710.000 1.048
3720.000 1.365
3730.000 2.598
3740.000 4.508
3750.000 4.312
3760.000 1.989
3770.000 1.460
3780.000 0.881
3790.000 0.599
3800.000 0.512
3810.000 0.395
3820.000 0.355
3830.000 0.297
3840.000 0.259
3850.000 0.243
3860.000 0.223
3870.000 0.216
3880.000 0.205
3890.000 0.202
3900.000 0.203
3910.000 0.210
3920.000 0.218
3930.000 0.239
3940.000 0.252
3950.000 0.296
3960.000 0.351
3970.000 0.397
3980.000 0.533
3990.000 0.650
4000.000 1.050
4010.000 1.941
4020.000 2.715
4030.000 3.912
4040.000 3.128
4050.000 1.533
4060.000 0.949
4070.000 0.785
4080.000 0.564
4090.000 0.494
4100.000 0.399
4110.000 0.336
4120.000 0.313
4130.000 0.280
4140.000 0.266
4150.000 0.246
4160.000 0.234
4170.000 0.231
4180.000 0.227
4190.000 0.229
4200.000 0.234
4210.000 0.247
4220.000 0.255
4230.000 0.284
4240.000 0.299
4250.000 0.343
4260.000 0.424
4270.000 0.487
4280.000 0.716
4290.000 0.905
4300.000 1.514
4310.000 2.275
4320.000 2.129
4330.000 0.962
4340.000 0.700
4350.000 0.419
4360.000 0.287
4370.000 0.246
4380.000 0.191
4390.000 0.170
4400.000 0.143
4410.000 0.126
4420.000 0.119
4430.000 0.110
4440.000 0.106
4450.000 0.102
4460.000 0.099
4470.000 0.099
4480.000 0.103
4490.000 0.104
4500.000 0.114
4510.000 0.132
4520.000 0.143
4530.000 0.183
4540.000 0.217
4550.000 0.341
4560.000 0.612
4570.000 0.820
4580.000 1.436
4590.000 1.894
4600.000 2.844
4610.000 1.854
4620.000 1.456
4630.000 1.004
4640.000 0.862
4650.000 0.660
4660.000 0.534
4670.000 0.488
4680.000 0.419
4690.000 0.394
4700.000 0.357
4710.000 0.331
4720.000 0.323
4730.000 0.313
4740.000 0.311
4750.000 0.311
4760.000 0.312
4770.000 0.315
4780.000 0.322
4790.000 0.329
4800.000 0.341
4810.000 0.360
4820.000 0.376
4830.000 0.424
4840.000 0.465
4850.000 0.617
4860.000 0.972
4870.000 1.266
4880.000 1.812
4890.000 1.707
4900.000 0.795
4910.000 0.443
4920.000 0.355
4930.000 0.255
4940.000 0.226
4950.000 0.191
4960.000 0.172
4970.000 0.166
4980.000 0.161
4990.000 0.162
5000.000 0.178
5010.000 0.210
5020.000 0.223
5030.000 0.266
5040.000 0.281
5050.000 0.355
5060.000 0.447
5070.000 0.516
5080.000 0.685
5090.000 0.799
5100.000 1.117
5110.000 1.299
5120.000 1.806
5130.000 2.650
5140.000 3.325
5150.000 5.664
5160.000 7.325
5170.000 9.912
5180.000 7.298
5190.000 5.525
5200.000 3.577
5210.000 2.952
5220.000 2.099
5230.000 1.575
5240.000 1.386
5250.000 1.106
5260.000 0.999
5270.000 0.839
5280.000 0.730
5290.000 0.692
5300.000 0.629
5310.000 0.606
5320.000 0.572
5330.000 0.554
5340.000 0.549
5350.000 0.562
5360.000 0.577
5370.000 0.638
5380.000 0.739
5390.000 0.799
5400.000 0.984
5410.000 1.142
5420.000 1.722
5430.000 3.043
5440.000 4.188
5450.000 6.988
5460.000 7.455
5470.000 4.342
5480.000 2.318
5490.000 1.798
5500.000 1.192
5510.000 1.006
5520.000 0.763
5530.000 0.612
5540.000 0.559
5550.000 0.482
5560.000 0.452
5570.000 0.409
5580.000 0.382
5590.000 0.374
5600.000 0.362
5610.000 0.359
5620.000 0.361
5630.000 0.371
5640.000 0.381
5650.000 0.420
5660.000 0.450
5670.000 0.537
5680.000 0.702
5690.000 0.859
5700.000 1.369
5710.000 1.763
5720.000 3.031
5730.000 5.071
5740.000 5.894
5750.000 4.390
5760.000 3.067
5770.000 1.769
5780.000 1.143
5790.000 0.956
5800.000 0.713
5810.000 0.626
5820.000 0.504
5830.000 0.423
5840.000 0.395
5850.000 0.351
5860.000 0.334
5870.000 0.312
5880.000 0.296
5890.000 0.292
5900.000 0.289
5910.000 0.288
5920.000 0.296
5930.000 0.309
5940.000 0.322
5950.000 0.363
5960.000 0.398
5970.000 0.503
5980.000 0.737
5990.000 0.956
6000.000 1.795
6010.000 2.408
6020.000 3.948
6030.000 3.973
6040.000 2.878
6050.000 1.586
6060.000 1.253
6070.000 0.855
6080.000 0.632
6090.000 0.560
6100.000 0.454
6110.000 0.419
6120.000 0.364
6130.000 0.329
6140.000 0.317
6150.000 0.299
6160.000 0.295
6170.000 0.287
6180.000 0.285
6190.000 0.286
6200.000 0.296
6210.000 0.304
6220.000 0.331
6230.000 0.381
6240.000 0.417
6250.000 0.533
6260.000 0.631
6270.000 0.977
6280.000 1.609
6290.000 2.182
6300.000 3.592
6310.000 4.219
6320.000 3.399
6330.000 2.375
6340.000 1.356
6350.000 0.879
6360.000 0.735
6370.000 0.547
6380.000 0.483
6390.000 0.391
6400.000 0.330
6410.000 0.307
6420.000 0.277
6430.000 0.265
6440.000 0.249
6450.000 0.236
6460.000 0.234
6470.000 0.230
6480.000 0.231
6490.000 0.235
6500.000 0.247
6510.000 0.256
6520.000 0.288
6530.000 0.312
6540.000 0.391
6550.000 0.560
6560.000 0.723
6570.000 1.343
6580.000 1.814
6590.000 2.977
6600.000 3.314
6610.000 2.583
6620.000 1.440
6630.000 1.142
6640.000 0.778
6650.000 0.584
6660.000 0.519
6670.000 0.427
6680.000 0.392
6690.000 0.343
6700.000 0.312
6710.000 0.300
6720.000 0.285
6730.000 0.280
6740.000 0.274
6750.000 0.275
6760.000 0.276
6770.000 0.287
6780.000 0.297
6790.000 0.329
6800.000 0.379
6810.000 0.416
6820.000 0.514
6830.000 0.587
6840.000 0.836
6850.000 1.352
6860.000 1.769
6870.000 2.876
6880.000 3.391
6890.000 2.749
6900.000 1.451
6910.000 1.117
6920.000 0.723
6930.000 0.607
6940.000 0.454
6950.000 0.357
6960.000 0.324
6970.000 0.276
6980.000 0.258
6990.000 0.230
7000.000 0.216
7010.000 0.207
7020.000 0.196
7030.000 0.194
7040.000 0.190
7050.000 0.193
7060.000 0.194
7070.000 0.205
7080.000 0.212
7090.000 0.236
7100.000 0.281
7110.000 0.318
7120.000 0.456
7130.000 0.586
7140.000 1.079
7150.000 1.911
7160.000 2.408
7170.000 2.845
7180.000 2.332
7190.000 1.336
7200.000 0.875
7210.000 0.735
7220.000 0.557
7230.000 0.495
7240.000 0.407
7250.000 0.351
7260.000 0.330
7270.000 0.301
7280.000 0.291
7290.000 0.277
7300.000 0.269
7310.000 0.268
7320.000 0.268
7330.000 0.271
7340.000 0.287
7350.000 0.311
7360.000 0.328
7370.000 0.371
7380.000 0.407
7390.000 0.487
7400.000 0.630
7410.000 0.747
7420.000 1.157
7430.000 1.490
7440.000 2.405
7450.000 3.095
7460.000 2.801
7470.000 1.441
7480.000 1.088
7490.000 0.683
7500.000 0.564
7510.000 0.411
7520.000 0.322
7530.000 0.289
7540.000 0.241
7550.000 0.224
7560.000 0.199
7570.000 0.182
7580.000 0.177
7590.000 0.168
7600.000 0.165
7610.000 0.163
7620.000 0.163
7630.000 0.164
7640.000 0.171
7650.000 0.177
7660.000 0.198
7670.000 0.234
7680.000 0.266
7690.000 0.380
7700.000 0.482
7710.000 0.888
7720.000 1.579
7730.000 1.996
7740.000 2.471
7750.000 2.161
7760.000 1.294
7770.000 0.858
7780.000 0.724
7790.000 0.543
7800.000 0.483
7810.000 0.399
7820.000 0.343
7830.000 0.323
7840.000 0.296
7850.000 0.285
7860.000 0.271
7870.000 0.264
7880.000 0.264
7890.000 0.268
7900.000 0.272
7910.000 0.285
7920.000 0.305
7930.000 0.313
7940.000 0.336
7950.000 0.355
7960.000 0.407
7970.000 0.493
7980.000 0.568
7990.000 0.836
8000.000 1.055
8010.000 1.762
8020.000 2.425
8030.000 2.291
8040.000 1.305
8050.000 0.979
8060.000 0.593
8070.000 0.396
8080.000 0.339
8090.000 0.262
8100.000 0.239
8110.000 0.198
8120.000 0.171
8130.000 0.161
8140.000 0.147
8150.000 0.142
8160.000 0.137
8170.000 0.133
8180.000 0.130
8190.000 0.130
8200.000 0.133
8210.000 0.137
8220.000 0.150
8230.000 0.156
8240.000 0.182
8250.000 0.204
8260.000 0.291
8270.000 0.497
8280.000 0.667
8290.000 1.246
8300.000 1.615
8310.000 2.049
8320.000 1.610
8330.000 1.368
8340.000 0.922
8350.000 0.778
8360.000 0.581
8370.000 0.464
8380.000 0.422
8390.000 0.364
8400.000 0.341
8410.000 0.310
8420.000 0.290
8430.000 0.285
8440.000 0.279
8450.000 0.280
8460.000 0.282
8470.000 0.288
8480.000 0.292
8490.000 0.304
8500.000 0.313
8510.000 0.335
8520.000 0.372
8530.000 0.400
8540.000 0.485
8550.000 0.552
8560.000 0.783
8570.000 1.259
8580.000 1.608
8590.000 2.066
8600.000 1.835
8610.000 0.986
8620.000 0.685
8630.000 0.596
8640.000 0.400
8650.000 0.332
8660.000 0.240
8670.000 0.213
8680.000 0.171
8690.000 0.148
8700.000 0.138
8710.000 0.124
8720.000 0.118
8730.000 0.109
8740.000 0.104
8750.000 0.107
8760.000 0.102
8770.000 0.105
8780.000 0.108
8790.000 0.116
8800.000 0.123
8810.000 0.144
8820.000 0.161
8830.000 0.221
8840.000 0.369
8850.000 0.502
8860.000 0.978
8870.000 1.281
8880.000 1.898
8890.000 1.819
8900.000 1.491
8910.000 1.019
8920.000 0.868
8930.000 0.654
8940.000 0.518
8950.000 0.470
8960.000 0.398
8970.000 0.371
8980.000 0.330
8990.000 0.305
9000.000 0.295
9010.000 0.288
9020.000 0.287
9030.000 0.286
9040.000 0.289
9050.000 0.295
9060.000 0.306
9070.000 0.318
9080.000 0.333
9090.000 0.360
9100.000 0.381
9110.000 0.439
9120.000 0.482
9130.000 0.635
9140.000 0.964
9150.000 1.232
9160.000 1.838
9170.000 1.909
9180.000 1.219
9190.000 0.644
9200.000 0.495
9210.000 0.318
9220.000 0.262
9230.000 0.189
9240.000 0.143
9250.000 0.128
9260.000 0.103
9270.000 0.096
9280.000 0.083
9290.000 0.074
9300.000 0.070
9310.000 0.064
9320.000 0.064
9330.000 0.063
9340.000 0.063
9350.000 0.065
9360.000 0.073
9370.000 0.080
9380.000 0.101
9390.000 0.137
9400.000 0.165
9410.000 0.279
9420.000 0.394
9430.000 0.843
9440.000 1.442
9450.000 1.703
9460.000 1.668
9470.000 1.403
9480.000 1.004
9490.000 0.749
9500.000 0.660
9520.000 0.406
9530.000 0.376
9540.000 0.331
9550.000 0.315
9560.000 0.290
9570.000 0.279
9580.000 0.274
9590.000 0.275
9600.000 0.276
9610.000 0.280
9620.000 0.289
9630.000 0.292
9640.000 0.304
9650.000 0.311
9660.000 0.330
9670.000 0.361
9680.000 0.384
9690.000 0.458
9700.000 0.516
9710.000 0.723
9720.000 1.099
9730.000 1.279
9740.000 1.121
9750.000 0.833
9760.000 0.459
9770.000 0.307
9780.000 0.243
9790.000 0.156
9800.000 0.128
9810.000 0.091
9820.000 0.066
9830.000 0.057
9840.000 0.045
9850.000 0.041
9860.000 0.034
9870.000 0.029
9880.000 0.026
9890.000 0.023
9900.000 0.021
9910.000 0.019
9920.000 0.020
9930.000 0.023
9940.000 0.033
9950.000 0.041
9960.000 0.064
9970.000 0.109
9980.000 0.151
9990.000 0.336
10000.000 0.504
10010.000 0.974
10020.000 1.392
10030.000 1.421
10040.000 1.096
10050.000 0.951
10060.000 0.756
10070.000 0.624
10080.000 0.571
10090.000 0.481
10100.000 0.443
10110.000 0.393
10120.000 0.357
10130.000 0.338
10140.000 0.307
10150.000 0.294
10160.000 0.277
10170.000 0.265
10180.000 0.261
10190.000 0.262
10200.000 0.266
10210.000 0.274
10220.000 0.286
10230.000 0.295
10240.000 0.318
10250.000 0.335
10260.000 0.385
10270.000 0.478
10280.000 0.554
10290.000 0.805
10300.000 0.937
10310.000 0.877
10320.000 0.486
10330.000 0.354
10340.000 0.204
10350.000 0.153
10360.000 0.096
10370.000 0.077
10380.000 0.051
10390.000 0.038
10400.000 0.031
10410.000 0.026
10420.000 0.023
10430.000 0.020
10440.000 0.017
10450.000 0.017
10460.000 0.013
10470.000 0.012
10480.000 0.010
10490.000 0.006
10500.000 0.003
10510.000 0.009
10520.000 0.014
10530.000 0.031
10540.000 0.059
10550.000 0.081
10560.000 0.194
10570.000 0.315
10580.000 0.685
10590.000 1.096
10600.000 1.196
10610.000 1.023
10620.000 0.899
10630.000 0.727
10640.000 0.626
10650.000 0.585
10660.000 0.531
10670.000 0.506
10680.000 0.464
10690.000 0.436
10700.000 0.421
10710.000 0.398
10720.000 0.393
10730.000 0.378
10740.000 0.367
10750.000 0.363
10760.000 0.358
10770.000 0.358
10780.000 0.366
10790.000 0.373
10800.000 0.379
10810.000 0.398
10820.000 0.416
10830.000 0.464
10840.000 0.543
10850.000 0.601
10860.000 0.756
10870.000 0.842
10880.000 0.878
10890.000 0.552
10900.000 0.381
10910.000 0.191
10920.000 0.134
10930.000 0.070
10940.000 0.035
10950.000 0.025
10960.000 0.017
10970.000 0.019
10980.000 0.022
10990.000 0.026
11000.000 0.027
11010.000 0.029
11020.000 0.030
11030.000 0.027
11040.000 0.026
11050.000 0.025
11060.000 0.022
11070.000 0.023
11080.000 0.020
11090.000 0.025
11100.000 0.031
11110.000 0.053
11120.000 0.073
11130.000 0.174
11140.000 0.402
11150.000 0.559
11160.000 0.905
11170.000 0.995
11180.000 0.872
11190.000 0.684
11200.000 0.614
11210.000 0.521
11220.000 0.485
11230.000 0.433
11240.000 0.396
11250.000 0.381
11260.000 0.359
11270.000 0.349
11280.000 0.329
11290.000 0.316
11300.000 0.312
11310.000 0.302
11320.000 0.297
11330.000 0.291
11340.000 0.287
11350.000 0.288
11360.000 0.291
11370.000 0.292
11380.000 0.301
11390.000 0.324
11400.000 0.342
11410.000 0.394
11420.000 0.432
11430.000 0.529
11440.000 0.587
11450.000 0.550
11460.000 0.345
11470.000 0.248
11480.000 0.117
11490.000 0.051
11500.000 0.033
11510.000 0.015
11520.000 0.016
11530.000 0.025
11540.000 0.030
11550.000 0.036
11560.000 0.039
11570.000 0.040
11580.000 0.043
11590.000 0.043
11600.000 0.046
11610.000 0.047
11620.000 0.045
11630.000 0.044
11640.000 0.044
11650.000 0.042
11660.000 0.040
11670.000 0.044
11680.000 0.055
11690.000 0.065
11700.000 0.119
11710.000 0.257
11720.000 0.358
11730.000 0.611
11740.000 0.715
11750.000 0.695
11760.000 0.557
11770.000 0.502
11780.000 0.421
11790.000 0.389
11800.000 0.337
11810.000 0.300
11820.000 0.284
11830.000 0.257
11840.000 0.244
11850.000 0.228
11860.000 0.214
11870.000 0.210
11880.000 0.199
11890.000 0.196
11900.000 0.192
11910.000 0.192
11920.000 0.195
11930.000 0.197
11940.000 0.203
11950.000 0.211
11960.000 0.225
11970.000 0.235
11980.000 0.257
11990.000 0.275
12000.000 0.322
