-2.380952380952753301e+05 2.765360745851753732e-01 1.520123472631965955e-01
-2.375981707923624490e+05 1.246512582703393768e-01 -1.087778449656389042e-02
-2.371011034894495679e+05 9.993868272078629267e-02 3.627949099275623590e-02
-2.366040361865366576e+05 7.087154598891488855e-02 1.893654362350125075e-01
-2.361069688836237765e+05 -7.751080667236873167e-02 2.784647138042050871e-02
-2.356099015807108954e+05 2.215508181838849455e-01 8.053657224569052420e-02
-2.351128342777979851e+05 -1.227201715691350094e-02 2.334921492860219175e-02
-2.346157669748851040e+05 1.239002137776602092e-03 -1.479810781729161140e-01
-2.341186996719721938e+05 1.155237363463901684e-01 1.123577465355467403e-01
-2.336216323690593126e+05 -3.094391843434756706e-01 -1.469009874205381705e-01
-2.331245650661464315e+05 -2.775437456010103610e-01 2.055317371915821589e-01
-2.326274977632335213e+05 -6.688750109509249142e-02 -1.441312477956434648e-02
-2.321304304603206401e+05 -9.892311856836072392e-02 5.018299144425943936e-01
-2.316333631574077590e+05 4.725056126256690914e-01 -6.065791059470387880e-03
-2.311362958544948488e+05 -5.180012977168442501e-02 -8.328890067287422760e-02
-2.306392285515819676e+05 8.711605087383830770e-02 5.977381210843105142e-02
-2.301421612486690574e+05 -1.645882925514485784e-03 -1.407042307652412449e-01
-2.296450939457561763e+05 2.943543810626684798e-01 -2.130419484182813905e-01
-2.291480266428432951e+05 -3.056062524761747889e-01 -1.823933079013864145e-01
-2.286509593399303849e+05 -5.793308320542098211e-02 2.432408422004154677e-02
-2.281538920370175038e+05 -1.678327020973909289e-01 -3.647402512212531978e-01
-2.276568247341046226e+05 -1.257527588148077968e-01 -1.242822479132401625e-01
-2.271597574311917124e+05 -1.000222197642850475e-01 4.390444756518785407e-02
-2.266626901282788313e+05 -4.491821952449133182e-01 1.555135206525184999e-01
-2.261656228253659210e+05 -1.818905309301590834e-01 2.098146088121648489e-01
-2.256685555224530399e+05 -7.684507964973176508e-02 -1.232139542017843398e-01
-2.251714882195401588e+05 3.299835964750305606e-02 1.552642923543561537e-01
-2.246744209166272485e+05 2.628803790202025037e-02 5.224644240585216703e-01
-2.241773536137143674e+05 1.740443706683367925e-02 4.477766864583247047e-02
-2.236802863108014863e+05 1.174114288003798301e-01 -2.121199517503565696e-02
-2.231832190078885760e+05 -3.287362060235510253e-02 3.021107921154571052e-01
-2.226861517049756949e+05 2.226083288179673061e-02 1.482758226906005783e-01
-2.221890844020627846e+05 1.771348585612662063e-01 -4.618409753380968152e-01
-2.216920170991499035e+05 -2.568089498393625880e-01 -1.969489192930057309e-02
-2.211949497962370224e+05 -1.358908325523038307e-01 1.802424819485045349e-01
-2.206978824933241121e+05 -3.190593780625169268e-02 -1.464828719339198448e-01
-2.202008151904112310e+05 -1.500889296222948088e-01 2.238480461860924697e-01
-2.197037478874983208e+05 -1.430738816517472811e-01 9.399632777226873959e-02
-2.192066805845854396e+05 -2.607478032624424569e-01 2.697454630423806732e-01
-2.187096132816725585e+05 -2.024489629647071576e-01 4.480939905573027016e-01
-2.182125459787596483e+05 -2.074736640115501796e-01 -1.068471253144642613e-01
-2.177154786758467671e+05 1.987396981344976554e-01 4.109676358905720583e-01
-2.172184113729338860e+05 3.742158326499236964e-02 -3.874659319030877153e-02
-2.167213440700209758e+05 2.160053988575931505e-01 3.038570846106294354e-01
-2.162242767671080946e+05 1.175079008633993644e-01 -4.445326298073502824e-02
-2.157272094641951844e+05 3.703009857190565912e-02 3.099909196378319853e-01
-2.152301421612823033e+05 4.304279837925981123e-02 3.642187667949960961e-01
-2.147330748583694221e+05 2.559814395281528321e-01 -1.451889747600782488e-01
-2.142360075554565119e+05 2.398807666935351413e-01 1.199652368607969782e-01
-2.137389402525436308e+05 -8.618550891923285051e-02 -2.237787836500485239e-01
-2.132418729496307496e+05 1.076468619922621994e-01 2.278913864679286416e-01
-2.127448056467178394e+05 -5.450217931594412979e-02 9.966827637475098034e-02
-2.122477383438049583e+05 -1.691950209971154750e-02 1.082336236376687938e-01
-2.117506710408920480e+05 2.669832230499205594e-01 1.063234892089998523e-01
-2.112536037379791669e+05 3.428711846860883067e-02 -8.823024511512751744e-02
-2.107565364350662858e+05 -7.889610176853495416e-02 -1.647291214200991005e-02
-2.102594691321533755e+05 -1.376472013671732886e-01 1.993425106275317771e-02
-2.097624018292404944e+05 6.761480910622683083e-02 1.114997045323346120e-01
-2.092653345263276133e+05 3.452670703445441525e-02 -8.114186226251794698e-02
-2.087682672234147030e+05 1.100205459354451631e-02 -2.118865623697036571e-01
-2.082711999205018219e+05 -1.263731587699362668e-02 2.945499473324186823e-01
-2.077741326175889117e+05 1.538032461142856966e-01 2.684769529010899713e-02
-2.072770653146760305e+05 3.882485332745452128e-02 -1.225624756036585439e-01
-2.067799980117631494e+05 -2.741962229361774583e-01 2.643049564112770478e-02
-2.062829307088502392e+05 -3.104474100911094187e-02 1.354498749271356717e-01
-2.057858634059373580e+05 5.556444534012372483e-02 -1.188256791106669444e-02
-2.052887961030244478e+05 2.058531921339520343e-01 1.048309897896176207e-01
-2.047917288001115667e+05 -2.080547291241205410e-01 7.348049214064966694e-02
-2.042946614971986855e+05 2.110992178072136072e-01 -4.682512635113791899e-02
-2.037975941942857753e+05 -1.098375980811190471e-02 -1.140662489675115104e-01
-2.033005268913728942e+05 -5.964222894018410270e-02 1.502090303395602899e-01
-2.028034595884600130e+05 -1.830409838271942480e-01 2.345741885820860906e-01
-2.023063922855471028e+05 -2.150124881691215795e-01 1.102957452435929520e-01
-2.018093249826342217e+05 1.293784500874561871e-01 1.554561857876670394e-01
-2.013122576797213114e+05 6.333010555678279807e-02 2.544116841033824405e-01
-2.008151903768084303e+05 3.178821795823891239e-02 4.183718960772251499e-02
-2.003181230738955492e+05 -3.112830036299052416e-01 2.932267946660156444e-01
-1.998210557709826389e+05 -6.404144407942383155e-02 1.461659920632295551e-01
-1.993239884680697578e+05 -3.022629194439935274e-03 7.723693046781411609e-02
-1.988269211651568767e+05 -1.863017876214171364e-01 3.500797152846952809e-01
-1.983298538622439664e+05 3.161327140235567490e-01 4.504099731439903387e-02
-1.978327865593310853e+05 -7.388918450743385546e-02 -1.803074096992536846e-01
-1.973357192564181751e+05 -1.318275097865708456e-01 -5.072628491079727436e-02
-1.968386519535052939e+05 -1.172597923749192500e-01 2.649208936536668890e-01
-1.963415846505924128e+05 -1.632180174282555352e-01 2.602987675704849235e-01
-1.958445173476795026e+05 5.896235951639743761e-02 -4.010904124373686208e-02
-1.953474500447666214e+05 6.613107945863980208e-02 1.195637090230885213e-01
-1.948503827418537403e+05 -2.188774719505046096e-01 1.652626449783798912e-01
-1.943533154389408301e+05 -1.450292533761982361e-01 1.602990620365545016e-01
-1.938562481360279489e+05 -1.415976679996461263e-01 -6.757191957368477442e-02
-1.933591808331150387e+05 -2.674516121887962616e-01 2.454488668948098112e-02
-1.928621135302021576e+05 -7.180426665236205874e-02 -5.469710676640999331e-03
-1.923650462272892764e+05 1.717908397559239075e-01 2.731935176715149516e-01
-1.918679789243763662e+05 -4.036612088233356710e-01 2.380748005700304148e-01
-1.913709116214634851e+05 7.682986966667185169e-02 -1.009942918902452386e-01
-1.908738443185506039e+05 2.930249469801110007e-01 -1.241749348821241661e-01
-1.903767770156376937e+05 -3.715310881212759986e-01 9.406918271997224967e-02
-1.898797097127248126e+05 1.599267372182551494e-01 2.084195038474512818e-01
-1.893826424098119023e+05 -2.419104112519644134e-01 -3.304557247186130642e-01
-1.888855751068990212e+05 -2.029345127731813914e-01 -1.154215449071719357e-01
-1.883885078039861401e+05 -9.224778298519645259e-02 -1.370770915306036009e-01
-1.878914405010732298e+05 -2.388769319403147573e-01 5.461589676542083494e-01
-1.873943731981603487e+05 -1.117276760071933689e-01 2.409829533651285938e-01
-1.868973058952474385e+05 -4.645838132828608580e-01 4.174125368123642876e-01
-1.864002385923345573e+05 1.699296489993868953e-01 5.452441032851086389e-01
-1.859031712894216762e+05 5.863631462801371236e-02 2.942971963635618304e-01
-1.854061039865087660e+05 3.983591820511566683e-01 1.783210353510870649e-01
-1.849090366835958848e+05 -1.625043172937468833e-02 -9.826974532893928416e-02
-1.844119693806830037e+05 4.283698633644536513e-02 4.634322285149228282e-01
-1.839149020777700935e+05 1.698811625088784139e-01 2.364085161891215092e-01
-1.834178347748572123e+05 -2.893937550099378031e-01 3.666920364516872421e-01
-1.829207674719443021e+05 1.711962700497628442e-01 2.897870193073087686e-01
-1.824237001690314210e+05 1.117633523713069954e-01 1.706072776900592960e-02
-1.819266328661185398e+05 1.472845042301257623e-01 2.262590348321709410e-01
-1.814295655632056296e+05 6.738805761425034624e-02 2.137509590983362462e-01
-1.809324982602927485e+05 2.580852950061583440e-01 1.511449785826617653e-01
-1.804354309573798673e+05 -4.635932404395623485e-02 1.327550581444010280e-01
-1.799383636544669571e+05 4.366438460751873030e-01 3.359974031759529467e-01
-1.794412963515540760e+05 -3.601442795081424286e-01 -1.729528087764894695e-01
-1.789442290486411657e+05 2.245848267351175653e-01 2.421112769283223498e-01
-1.784471617457282846e+05 -1.066185657721174240e-01 -1.880540916823090353e-02
-1.779500944428154035e+05 1.405894507470901722e-01 2.771386558888947471e-01
-1.774530271399024932e+05 -1.680860451336038675e-01 1.470540892233405117e-01
-1.769559598369896121e+05 1.613714098892062854e-01 1.947747644096777808e-01
-1.764588925340767310e+05 -1.433166567224593568e-01 7.258437813427236207e-02
-1.759618252311638207e+05 8.712336655653254991e-02 8.026455347109891225e-03
-1.754647579282509396e+05 -5.100602433272736352e-02 2.307176337523112464e-01
-1.749676906253380293e+05 -3.115646632914638170e-01 9.266191617870853103e-02
-1.744706233224251482e+05 -1.530390351012984873e-01 3.514503487400485460e-01
-1.739735560195122671e+05 -2.119977010085892510e-02 2.002004371108687675e-01
-1.734764887165993568e+05 4.188018475228265092e-01 3.280409644768604860e-01
-1.729794214136864757e+05 1.896560677296790232e-01 6.097247958635199083e-02
-1.724823541107735655e+05 3.421552445147435506e-02 3.669861428080575250e-01
-1.719852868078606843e+05 -7.059721101610169636e-02 3.379631784505234826e-01
-1.714882195049478032e+05 2.940432428384711638e-01 1.265569773645854879e-01
-1.709911522020348930e+05 1.348129655975565666e-01 4.244079602509882587e-01
-1.704940848991220118e+05 -2.391718200394475913e-01 6.389674999048675641e-01
-1.699970175962091307e+05 3.564753359950069700e-01 4.356908651802532950e-01
-1.694999502932962205e+05 2.387422341745550902e-01 -1.691465150664468731e-02
-1.690028829903833393e+05 3.012679586261458597e-01 3.633441328671111470e-01
-1.685058156874704291e+05 -8.388964450667707462e-02 2.618289733439737588e-01
-1.680087483845575480e+05 3.250376691720838207e-01 4.169474927758007321e-01
-1.675116810816446668e+05 4.081821914457729739e-02 2.577308203656256680e-01
-1.670146137787317566e+05 5.812170666438113420e-01 3.357002356175754487e-01
-1.665175464758188755e+05 1.969155332092079602e-01 7.126922662919688012e-02
-1.660204791729059943e+05 -3.157117819233597467e-01 8.309382097253965871e-02
-1.655234118699930841e+05 1.132069129613629405e-01 -1.986879269370188661e-01
-1.650263445670802030e+05 -4.737013992706438081e-01 -8.056623770452542299e-02
-1.645292772641672927e+05 7.997438370387544015e-02 1.822479889380104467e-01
-1.640322099612544116e+05 6.201011305689257957e-02 1.134221625381761772e-01
-1.635351426583415305e+05 -3.168951641901990302e-01 4.644410455993002174e-01
-1.630380753554286202e+05 3.354306065886167865e-01 2.840938250721621317e-01
-1.625410080525157391e+05 7.259130244628335393e-02 9.481699034238807999e-02
-1.620439407496028580e+05 -2.375520818955322855e-01 -1.272573351904059680e-01
-1.615468734466899477e+05 -2.417562367074270469e-01 7.241846606448043566e-01
-1.610498061437770666e+05 3.254708813728143246e-01 7.040756510707649185e-02
-1.605527388408641564e+05 1.601122676336314554e-01 1.179540421379486892e-01
-1.600556715379512752e+05 1.546368755335147949e-03 -1.748407198850485955e-01
-1.595586042350383941e+05 -3.816832165052479464e-01 3.218015723243451420e-01
-1.590615369321254839e+05 2.112880218714767999e-01 2.994973119291703401e-01
-1.585644696292126027e+05 -2.796561350980425464e-02 2.988246801899894223e-01
-1.580674023262996925e+05 2.283409420944967905e-01 3.223084767594627809e-01
-1.575703350233868114e+05 9.025633867919259645e-02 1.063516198112101768e-01
-1.570732677204739302e+05 1.904066911104320137e-01 6.596529134303075192e-02
-1.565762004175610200e+05 3.195031873428732377e-02 3.893460925619350865e-01
-1.560791331146481389e+05 1.558299782029929914e-01 1.014959875313371229e-01
-1.555820658117352577e+05 -1.252772907346895448e-01 2.287851691912276553e-02
-1.550849985088223475e+05 1.004399701496566100e-01 4.674728728786878285e-01
-1.545879312059094664e+05 1.818975861698761132e-01 3.940448875835438347e-01
-1.540908639029965561e+05 -1.580694745272906709e-01 1.740319831754007229e-01
-1.535937966000836750e+05 1.346975078400754477e-01 9.077996001313842767e-03
-1.530967292971707939e+05 2.820300636899939623e-02 1.559076274669334572e-01
-1.525996619942578836e+05 -7.362961714312880879e-02 4.175580311313316084e-01
-1.521025946913450025e+05 4.791020649346160176e-02 2.099733078970236200e-01
-1.516055273884321214e+05 -7.094996458915926729e-02 7.934928596425513958e-02
-1.511084600855192111e+05 3.315290078357246983e-02 2.488282935249799821e-01
-1.506113927826063300e+05 -8.418254542450551159e-02 -9.354900001193024173e-02
-1.501143254796934198e+05 -3.111630526469036928e-01 3.776895174633744245e-01
-1.496172581767805386e+05 -4.529209766576512697e-02 3.277741751699973505e-01
-1.491201908738676575e+05 9.102486336155232727e-02 5.044791063367832784e-01
-1.486231235709547473e+05 8.129794605744865288e-02 5.527679607570394615e-02
-1.481260562680418661e+05 3.171157683055997323e-01 3.613778863869667735e-01
-1.476289889651289850e+05 7.646518935593651922e-02 3.616556194330820123e-02
-1.471319216622160748e+05 1.439763224720743140e-01 2.049338863115696685e-01
-1.466348543593031936e+05 -1.136981716772351297e-01 -9.937736087923060291e-03
-1.461377870563902834e+05 -3.519616631081499691e-01 6.846422340813110297e-02
-1.456407197534774023e+05 3.551703629039404397e-02 6.422227280882365497e-01
-1.451436524505645211e+05 1.953469277274406946e-01 -1.838180878904570881e-01
-1.446465851476516109e+05 2.782784704686396687e-02 6.375636859198845208e-02
-1.441495178447387298e+05 6.060747529648984749e-02 5.901970540917473446e-02
-1.436524505418258486e+05 2.389073663789975308e-02 1.584286344264879826e-02
-1.431553832389129384e+05 -3.781316786509184014e-01 4.001433784349471279e-01
-1.426583159360000573e+05 -1.518856324489920029e-02 6.191146774574675105e-01
-1.421612486330871470e+05 -1.549635109457759286e-01 1.939098756426467784e-01
-1.416641813301742659e+05 -3.945141916907384250e-01 2.885055368011381627e-01
-1.411671140272613848e+05 -1.312480306018914411e-01 4.257420524272421680e-01
-1.406700467243484745e+05 -4.333378852482844268e-02 7.013859065695934869e-02
-1.401729794214355934e+05 2.095617332075721262e-01 3.292631308807543178e-01
-1.396759121185226832e+05 2.773275947519871498e-01 -3.067721657305993999e-02
-1.391788448156098020e+05 -4.082448301199795293e-01 1.584656742823941367e-01
-1.386817775126969209e+05 1.653525223352457496e-01 5.220913370283043475e-01
-1.381847102097840107e+05 7.483074910842255068e-02 7.246876837132198990e-02
-1.376876429068711295e+05 -4.165105972305237492e-01 2.322015295568531090e-01
-1.371905756039582484e+05 -9.266521834133963076e-02 6.199084400089835967e-01
-1.366935083010453382e+05 1.273955477628657962e-01 1.521927661805767829e-01
-1.361964409981324570e+05 4.207350353503747087e-02 1.566695919630318179e-01
-1.356993736952195468e+05 3.367748292064420834e-02 1.833849054942749968e-01
-1.352023063923066657e+05 -5.228199207381950542e-02 6.352042004379215845e-01
-1.347052390893937845e+05 3.460689161141430326e-01 -2.578859279300257934e-02
-1.342081717864808743e+05 9.584131056705506857e-02 3.297618400207840139e-01
-1.337111044835679932e+05 -1.198146095174254522e-03 3.502931252093276493e-01
-1.332140371806551120e+05 2.461231260122147546e-01 2.005279534291035670e-01
-1.327169698777422018e+05 6.242338320141348207e-02 4.388338412403768318e-01
-1.322199025748293207e+05 2.647776738035456656e-01 1.017905839628665404e-01
-1.317228352719164104e+05 -2.245444235970090463e-01 4.998556464072349548e-01
-1.312257679690035293e+05 8.390703964311796437e-03 2.701071001688485351e-01
-1.307287006660906336e+05 5.323030013709018071e-02 5.504318657724738273e-01
-1.302316333631777525e+05 3.598298012275665675e-02 1.098865381071557623e-01
-1.297345660602648568e+05 -1.580198011036805517e-01 2.355463055585347298e-01
-1.292374987573519611e+05 2.638858465069225945e-01 1.136527645540757192e-01
-1.287404314544390654e+05 -1.459201531053202772e-01 5.792519301885356020e-01
-1.282433641515261843e+05 1.219103891698216507e-01 3.873142729350854685e-01
-1.277462968486132886e+05 3.728942844986385396e-01 2.024059277053005257e-01
-1.272492295457003929e+05 6.394260301829451931e-02 -5.971149448434728835e-03
-1.267521622427874972e+05 -2.661662153884372106e-01 2.066853480164771995e-01
-1.262550949398746016e+05 1.423227713403820982e-01 -1.985194906973229007e-02
-1.257580276369617204e+05 -5.502554855973743608e-01 1.993917418453725887e-01
-1.252609603340488247e+05 -2.456148760957874433e-01 3.149396701134062337e-01
-1.247638930311359290e+05 -6.420333326349988989e-02 4.164150198169793704e-01
-1.242668257282230334e+05 -2.924412459092409211e-01 2.076270832037609704e-01
-1.237697584253101522e+05 5.004323055000009512e-03 -1.165845197966502433e-01
-1.232726911223972565e+05 -6.673567795505880307e-02 7.552014082742372070e-01
-1.227756238194843609e+05 2.490819923790697221e-01 1.669449462930365502e-02
-1.222785565165714652e+05 -2.282401326517277118e-01 9.893089780956300372e-02
-1.217814892136585840e+05 1.316656537158661933e-01 4.492951227141872561e-01
-1.212844219107456884e+05 -3.743421501723814826e-02 4.401286092158609442e-01
-1.207873546078327927e+05 2.280792373208658796e-01 1.900817410325911228e-04
-1.202902873049198970e+05 -6.075350998236361821e-01 -4.247674210846888454e-02
-1.197932200020070159e+05 6.914692584635701023e-02 8.739584050234597834e-01
-1.192961526990941202e+05 -3.671568569051772424e-01 3.198906302142749403e-01
-1.187990853961812245e+05 7.823472685718765862e-02 5.429270774941207245e-01
-1.183020180932683288e+05 -3.132294662942082253e-01 7.699187862853185127e-01
-1.178049507903554477e+05 3.604864304547316101e-01 8.843263130906600100e-01
-1.173078834874425520e+05 2.129159750030727716e-02 1.163351837547650647e-01
-1.168108161845296563e+05 1.387095459549003706e-02 6.716639276595953723e-01
-1.163137488816167606e+05 2.815588917190552098e-02 3.316380190324678123e-01
-1.158166815787038795e+05 -7.380293810744009697e-03 6.895141355517329096e-01
-1.153196142757909838e+05 -2.006090935196221947e-01 3.446542432735550388e-01
-1.148225469728780881e+05 2.403154189044452993e-01 1.247354455693074904e-01
-1.143254796699651924e+05 -3.055587903366296931e-03 5.480173535539962781e-01
-1.138284123670523113e+05 1.901779111951669710e-01 3.326346387313386943e-01
-1.133313450641394156e+05 -2.808441024408087072e-02 5.592736510283933260e-01
-1.128342777612265199e+05 4.536177171771125782e-01 3.525525616356335878e-01
-1.123372104583136243e+05 6.144317654494879655e-02 2.801809975513502859e-01
-1.118401431554007431e+05 -7.083385277541509595e-02 3.395341590566645640e-01
-1.113430758524878474e+05 -3.775285212677101376e-02 3.820060609808811347e-01
-1.108460085495749518e+05 -3.889009962695618716e-01 5.498523967201491836e-01
-1.103489412466620561e+05 3.129206102031696357e-01 9.723237132723258069e-01
-1.098518739437491604e+05 1.187860465756892941e-01 3.072760197196347520e-01
-1.093548066408362793e+05 -9.780535047718336150e-02 3.715125154993944578e-01
-1.088577393379233836e+05 5.309478473594199388e-02 2.407466411734751066e-01
-1.083606720350104879e+05 -3.059724808794780926e-02 4.209918932092474031e-01
-1.078636047320975922e+05 1.911769196012184924e-01 4.591194929551450366e-01
-1.073665374291847111e+05 2.319482909866673048e-01 6.232943186045770689e-01
-1.068694701262718154e+05 3.107928837326061622e-01 1.694289022286261104e-01
-1.063724028233589197e+05 1.186766476461607600e-01 8.170424421106805557e-01
-1.058753355204460240e+05 6.241495820273812445e-02 5.014116970608057944e-01
-1.053782682175331429e+05 8.299661944471192765e-02 4.171168832026109774e-01
-1.048812009146202472e+05 -8.643056970976273345e-02 3.618526824272496611e-01
-1.043841336117073515e+05 2.994012350139334533e-01 5.952623179840553780e-01
-1.038870663087944558e+05 1.108914760432000990e-01 1.519959421530769350e-01
-1.033899990058815747e+05 1.087122168354680146e-01 4.812719074557968435e-01
-1.028929317029686790e+05 2.284796968371148873e-01 4.990249134201668046e-01
-1.023958644000557833e+05 8.862583835236950702e-02 4.695834565236076674e-01
-1.018987970971428877e+05 2.335016855301700889e-01 2.095417191500949239e-02
-1.014017297942300065e+05 -2.664028432184091799e-01 2.569861757770419142e-01
-1.009046624913171108e+05 -8.697549917749097803e-02 2.551441052506495111e-01
-1.004075951884042152e+05 -5.545221093578411864e-02 6.254303883244145545e-01
-9.991052788549131947e+04 -9.919518906873373010e-02 -3.831382661327148442e-02
-9.941346058257843833e+04 2.520890579857615332e-01 5.513564990576785840e-01
-9.891639327966554265e+04 -1.589887334663763196e-01 2.058171932536911608e-01
-9.841932597675264697e+04 4.972299492303227514e-02 1.660286381644992815e-01
-9.792225867383975128e+04 -4.007873179307180900e-01 5.851665569155100055e-01
-9.742519137092687015e+04 -1.396044217538331689e-01 2.543196006865214298e-01
-9.692812406801397447e+04 -1.121762474361397977e-01 7.611858097233115128e-01
-9.643105676510107878e+04 -1.017889473617147877e-02 4.950088742449091361e-01
-9.593398946218818310e+04 5.049738472382441223e-01 6.328313517196483273e-01
-9.543692215927530196e+04 -1.803651313924153898e-01 3.248095708886215571e-01
-9.493985485636240628e+04 3.926735042038142498e-01 2.827937265923254340e-01
-9.444278755344951060e+04 -3.190908619920622691e-01 4.192995427327132485e-01
-9.394572025053661491e+04 -3.735694025318744282e-01 6.136715770607806819e-01
-9.344865294762371923e+04 -4.163542190541283938e-01 7.513048473241921155e-01
-9.295158564471083810e+04 2.614880035623364796e-01 8.281904268882203102e-01
-9.245451834179794241e+04 -2.191092993566088054e-01 5.722744313825224305e-01
-9.195745103888504673e+04 -1.054435062368566656e-02 4.982221545715308508e-01
-9.146038373597215104e+04 1.187747698831098653e-01 9.707599036510144996e-01
-9.096331643305926991e+04 -1.239021254512432391e-01 3.941463063441326686e-01
-9.046624913014637423e+04 -9.135324277965053974e-02 4.785982398534314175e-01
-8.996918182723347854e+04 -2.537377341782484086e-01 4.930020094956236165e-01
-8.947211452432058286e+04 -1.025411580036283410e-01 4.935463552586878411e-01
-8.897504722140770173e+04 2.016889073546183075e-01 7.540108900157252991e-01
-8.847797991849480604e+04 1.219996716811519166e-01 7.026502731573123217e-01
-8.798091261558191036e+04 1.161191620397268309e-01 5.790029814706032507e-01
-8.748384531266901467e+04 -2.073371580062377539e-03 7.279071049049713471e-01
-8.698677800975613354e+04 2.302361825904177539e-01 7.996271322680067462e-01
-8.648971070684323786e+04 1.807582754588767937e-01 8.036485737862809620e-01
-8.599264340393034217e+04 -6.616326286860493844e-02 3.768279635564522612e-01
-8.549557610101744649e+04 1.536351441194812040e-01 7.546329734204120232e-01
-8.499850879810456536e+04 -4.745020469650542139e-01 6.860577282530152532e-01
-8.450144149519166967e+04 2.645975114046751897e-01 4.143207566530990316e-01
-8.400437419227877399e+04 1.302940866268862130e-01 4.513778497862523942e-01
-8.350730688936587831e+04 3.640354884123588319e-01 8.363195197335484554e-01
-8.301023958645299717e+04 5.213486812707723850e-03 2.356703802462912223e-01
-8.251317228354010149e+04 -3.025863222154684395e-02 1.839109465181389957e-01
-8.201610498062720580e+04 -7.216280793615675870e-02 6.344191318890555209e-01
-8.151903767771431012e+04 -1.069285920270924839e-01 2.113866014934665527e-01
-8.102197037480142899e+04 -2.479713775297326395e-02 6.200436958779839136e-01
-8.052490307188853330e+04 -1.971620493164073507e-01 2.919057720350658469e-01
-8.002783576897563762e+04 3.865623501203425960e-02 7.417877929245001445e-01
-7.953076846606274194e+04 1.986325112467500764e-01 3.790730524607462959e-01
-7.903370116314984625e+04 -9.484614871881155707e-02 7.605500510932681202e-01
-7.853663386023696512e+04 1.836029508535604315e-01 6.958906872687282696e-01
-7.803956655732406944e+04 3.466540705387988197e-04 8.220005435833659391e-01
-7.754249925441117375e+04 3.210831938978223055e-02 6.649863574113510367e-01
-7.704543195149827807e+04 -2.578360816180530479e-02 8.392195205997403651e-01
-7.654836464858539694e+04 5.518074429894984090e-02 5.416208143192491331e-01
-7.605129734567250125e+04 -2.851907300128317946e-01 5.573400699915137535e-01
-7.555423004275960557e+04 2.097800473308109037e-02 1.307879422658151825e+00
-7.505716273984670988e+04 1.197902842351573627e-01 8.042815599654398184e-01
-7.456009543693382875e+04 5.651152330219763598e-02 4.829818370361567692e-01
-7.406302813402093307e+04 7.350850748726200923e-02 1.043683398712843324e+00
-7.356596083110803738e+04 2.716014787559983823e-01 8.665510426793872067e-01
-7.306889352819514170e+04 -9.144814869040530925e-02 5.689233173917157549e-01
-7.257182622528226057e+04 4.553107254561550299e-01 5.220700139992044964e-01
-7.207475892236936488e+04 9.592210860897612545e-02 5.117780723093672268e-01
-7.157769161945646920e+04 -3.639768374456957001e-01 7.926283042710473570e-01
-7.108062431654357351e+04 1.139479983582319944e-02 8.910302891221647537e-01
-7.058355701363069238e+04 -2.275691201676143249e-01 7.578232019628172722e-01
-7.008648971071779670e+04 9.516223266576989692e-02 6.723281938888947540e-01
-6.958942240780490101e+04 -3.515855198601339771e-01 7.884045117843048178e-01
-6.909235510489200533e+04 2.234536454221296431e-01 7.568246651620029741e-01
-6.859528780197912420e+04 1.401723599266240239e-01 9.704751839337570907e-01
-6.809822049906622851e+04 -6.695482268558153316e-02 8.418679134709382561e-01
-6.760115319615333283e+04 3.609794541284380154e-01 4.718507137988549593e-01
-6.710408589324043714e+04 -1.408487929719005605e-01 7.668264157744821841e-01
-6.660701859032755601e+04 -1.177415813064973948e-01 3.972236204436642160e-01
-6.610995128741466033e+04 2.653887741591277882e-02 6.115422294115746560e-01
-6.561288398450176464e+04 -3.111426369184899787e-01 6.093930758540724302e-01
-6.511581668158887624e+04 -2.769345313049262347e-01 8.918808196170957547e-01
-6.461874937867598055e+04 2.084737953370726926e-01 7.236711713678141145e-01
-6.412168207576309214e+04 4.063437029406936629e-01 9.082777214633838136e-01
-6.362461477285019646e+04 -1.844473199843244537e-01 5.039567254525432194e-01
-6.312754746993730078e+04 5.863181337294129380e-02 3.910723618242433197e-01
-6.263048016702441237e+04 -3.653620855611973139e-01 8.485330697262835065e-01
-6.213341286411151668e+04 -2.375564105607308463e-02 8.143567460614937747e-01
-6.163634556119862827e+04 -1.729056602607288995e-01 7.227876141219569117e-01
-6.113927825828573259e+04 -4.956402507243921063e-01 9.641346745362567860e-01
-6.064221095537284418e+04 7.464679068363402892e-02 8.658878542125806321e-01
-6.014514365245994850e+04 -2.775818609813729410e-01 1.011075350844409027e+00
-5.964807634954706009e+04 2.647954497578167699e-01 1.108539078370705644e+00
-5.915100904663416441e+04 1.704614799511302570e-01 8.273126985412458945e-01
-5.865394174372127600e+04 -1.330202442428119192e-01 4.910933692367805969e-01
-5.815687444080838031e+04 2.961055741441409594e-01 1.346387023842433805e+00
-5.765980713789549191e+04 -2.087592968822279960e-01 9.942490677340759531e-01
-5.716273983498259622e+04 2.134254378541923791e-01 9.839254818001581526e-01
-5.666567253206970781e+04 2.124906269515259849e-01 6.695282051543730573e-01
-5.616860522915681213e+04 1.941325331217845229e-01 9.491365021919730971e-01
-5.567153792624392372e+04 -2.887966286997453724e-02 9.043804190581221647e-01
-5.517447062333102804e+04 -8.141660683778895180e-02 1.041203986836141571e+00
-5.467740332041813963e+04 1.283361725191079217e-01 6.262269860498862473e-01
-5.418033601750524394e+04 -1.051332166007646896e-01 9.623559470116711534e-01
-5.368326871459235554e+04 1.357502698266538632e-01 7.729627474940834464e-01
-5.318620141167945985e+04 -1.481137923648292443e-01 1.169353901885527014e+00
-5.268913410876657144e+04 1.239030441248880621e-01 7.484405191395200330e-01
-5.219206680585367576e+04 8.532223533792920867e-02 9.433000684184864593e-01
-5.169499950294078735e+04 -5.522725632815250751e-03 7.274563286269959406e-01
-5.119793220002789167e+04 -5.371946266030360739e-01 9.037332103080875090e-01
-5.070086489711500326e+04 -1.619181326350372374e-01 1.134906388594566273e+00
-5.020379759420210758e+04 -4.361481635803948764e-02 1.041103580046317756e+00
-4.970673029128921917e+04 2.417688741018017839e-01 1.021702846753892446e+00
-4.920966298837632348e+04 -1.979461741238462413e-01 1.089507109714206834e+00
-4.871259568546343507e+04 5.522182198605087022e-02 1.060423812517150344e+00
-4.821552838255053939e+04 2.703034870147424940e-02 9.528341276677874117e-01
-4.771846107963765098e+04 1.074738562903014838e-01 1.543562703698663885e+00
-4.722139377672475530e+04 -9.542469335023387456e-02 1.407747238495911546e+00
-4.672432647381185961e+04 1.975204367415750450e-01 1.313111383734510529e+00
-4.622725917089897121e+04 1.171288297937454342e-01 1.077698526508799937e+00
-4.573019186798607552e+04 1.826003817178304400e-01 1.266783613958236687e+00
-4.523312456507318711e+04 2.468021533094278130e-01 6.944619337078327126e-01
-4.473605726216029143e+04 -3.422622885023373085e-01 1.388440827175397407e+00
-4.423898995924740302e+04 2.227347507188238707e-01 1.236516629688369617e+00
-4.374192265633450734e+04 -1.583603627985494811e-01 1.453660903256688286e+00
-4.324485535342161893e+04 3.849028884703803999e-01 1.140827004766853614e+00
-4.274778805050872325e+04 2.416294122420330481e-01 1.320763667117227369e+00
-4.225072074759583484e+04 -1.693305450927384825e-02 1.192749164752424651e+00
-4.175365344468293915e+04 -1.533324235776756250e-02 1.099647982295917314e+00
-4.125658614177005074e+04 -1.257028710833857366e-01 1.067977733645270932e+00
-4.075951883885715506e+04 -9.751837715238785564e-02 1.174092176187439440e+00
-4.026245153594426665e+04 2.154790760992439935e-01 1.255906952077325611e+00
-3.976538423303137097e+04 -8.938967578018813809e-02 1.090687829619761295e+00
-3.926831693011848256e+04 -1.543079101788219498e-02 1.292104177603953019e+00
-3.877124962720558688e+04 -1.504828916144307360e-01 1.346955042803125391e+00
-3.827418232429269847e+04 -2.100145384144441740e-01 1.437526118144747844e+00
-3.777711502137980278e+04 1.467542560743874125e-01 1.397640144570425624e+00
-3.728004771846691438e+04 -1.205819083757364574e-02 1.473837923721029952e+00
-3.678298041555401869e+04 -2.174786227395739679e-01 1.459170380901725572e+00
-3.628591311264113028e+04 2.020301008277716748e-02 1.199105302480668600e+00
-3.578884580972823460e+04 -2.818869125605664161e-01 1.413677394685655342e+00
-3.529177850681534619e+04 -7.456312901829054152e-02 1.945371872590563989e+00
-3.479471120390245051e+04 -1.021330531940256581e-01 1.527265347818060892e+00
-3.429764390098956210e+04 -4.597791936817630098e-02 1.223884551121078745e+00
-3.380057659807666641e+04 -3.345727296060282407e-01 2.150993150863770076e+00
-3.330350929516377801e+04 6.025919227182385818e-02 1.767121650310518932e+00
-3.280644199225088232e+04 9.568991496062037583e-02 1.615887508548077722e+00
-3.230937468933799028e+04 -2.546866999655145181e-02 1.561497565226437123e+00
-3.181230738642509823e+04 -1.359679536063699290e-01 1.847416734955365181e+00
-3.131524008351220618e+04 1.204794423078261456e-01 1.767891270467532472e+00
-3.081817278059931414e+04 1.700673311335654525e-01 1.940223512402745820e+00
-3.032110547768642209e+04 -3.824552302500661138e-01 1.767468534279613923e+00
-2.982403817477353005e+04 3.344970361610586362e-01 1.779277723998193395e+00
-2.932697087186063800e+04 -2.603428926694107970e-01 1.957613689181794125e+00
-2.882990356894774595e+04 -1.609813721720337876e-02 2.393776352242688699e+00
-2.833283626603485391e+04 5.969244678512108937e-02 1.743736640887733946e+00
-2.783576896312196186e+04 2.805343289413523289e-01 1.892372807384254729e+00
-2.733870166020906981e+04 1.711939731183649283e-01 2.100879532757956802e+00
-2.684163435729617777e+04 1.243190941407664174e-01 2.382765129370938872e+00
-2.634456705438328572e+04 -1.849438219518931559e-01 1.958266486274939489e+00
-2.584749975147039368e+04 4.599736535804883619e-01 2.172579497763009293e+00
-2.535043244855750163e+04 -3.269230259319327869e-01 2.249325356331890902e+00
-2.485336514564460958e+04 -2.171563950816857158e-02 2.412890657289129326e+00
-2.435629784273171754e+04 -6.474428137171894804e-02 2.202116510149362050e+00
-2.385923053981882549e+04 -3.213133270703835698e-01 2.404273416509177252e+00
-2.336216323690592981e+04 -1.009354475366193160e-01 2.640917016800901962e+00
-2.286509593399303776e+04 -2.708858580422000006e-01 2.560231300645470665e+00
-2.236802863108014571e+04 7.380362254988170889e-03 2.361926875094798817e+00
-2.187096132816725367e+04 -1.561849211420996419e-01 2.461574355234076084e+00
-2.137389402525436162e+04 4.979151161646133694e-02 2.556947992552303983e+00
-2.087682672234146958e+04 -8.188896993040439831e-02 2.805766064632625678e+00
-2.037975941942857753e+04 2.155629173061313075e-01 2.488433101376259948e+00
-1.988269211651568548e+04 -2.212560834603796156e-01 2.945193043544853673e+00
-1.938562481360279344e+04 -3.302053647783126378e-01 3.122898803173765447e+00
-1.888855751068990139e+04 -3.333665823189538302e-02 3.320500342478744482e+00
-1.839149020777700935e+04 -4.802989713359572255e-01 2.877453265054695120e+00
-1.789442290486411730e+04 9.935648298224108999e-02 3.331297702773180713e+00
-1.739735560195122525e+04 -4.371510429875822279e-01 3.231883039445600403e+00
-1.690028829903833321e+04 -3.832539747782524042e-01 3.024330438385375075e+00
-1.640322099612544116e+04 -3.403348131029515500e-01 3.961720947469195231e+00
-1.590615369321254911e+04 1.177579543593731959e-01 3.448921583088441878e+00
-1.540908639029965707e+04 -4.141070529369436648e-02 4.021719056840160178e+00
-1.491201908738676502e+04 -4.739893425709609809e-01 3.661815028747058332e+00
-1.441495178447387298e+04 -2.779816095071154791e-01 4.220320924691950637e+00
-1.391788448156098093e+04 -3.768114079873041700e-01 4.414772207790830016e+00
-1.342081717864808888e+04 -6.133940585887485142e-01 4.873292079563697143e+00
-1.292374987573519684e+04 -1.212846311739075311e-01 5.020175487104348910e+00
-1.242668257282230479e+04 -1.517703898736439960e-01 5.470323643623373755e+00
-1.192961526990941275e+04 4.013838304500476628e-01 5.967265241529138287e+00
-1.143254796699651888e+04 9.768880623027833554e-01 6.079339276795555413e+00
-1.093548066408362683e+04 1.596352066647223733e+00 5.673443301597021815e+00
-1.043841336117073479e+04 5.355457834217601798e-01 5.346607996277753294e+00
-9.941346058257842742e+03 7.031105044370660195e-01 5.802493998234188766e+00
-9.444278755344950696e+03 5.708128256997002659e-01 6.669388697015145695e+00
-8.947211452432058650e+03 3.413981270319048633e-01 6.975834102180996865e+00
-8.450144149519166604e+03 6.011893264869168085e-01 7.417219445429445557e+00
-7.953076846606274557e+03 6.093419635172692139e-01 7.958175237927989087e+00
-7.456009543693382511e+03 4.331550868413733824e-01 8.538895139164122128e+00
-6.958942240780490465e+03 1.042033592374630224e+00 1.022757076740610849e+01
-6.461874937867598419e+03 3.197595033797249187e-01 1.286146231289969677e+01
-5.964807634954706373e+03 5.185236155840094341e+00 1.435630341009597899e+01
-5.467740332041813417e+03 7.532507260612046451e+00 1.314431207407910662e+01
-4.970673029128921371e+03 8.766492624335146644e+00 1.269770546247377574e+01
-4.473605726216029325e+03 1.061141012360990921e+01 1.170394121919618158e+01
-3.976538423303137279e+03 1.165364768360777603e+01 1.043913235256998817e+01
-3.479471120390245233e+03 1.256774319174937915e+01 9.637816337788322585e+00
-2.982403817477353186e+03 1.348443255101489946e+01 8.391691120810991222e+00
-2.485336514564460686e+03 1.436557046637346424e+01 7.368711489930673153e+00
-1.988269211651568639e+03 1.502120319935507275e+01 5.563632886908705721e+00
-1.491201908738676593e+03 1.517488666492902105e+01 4.927583246093827363e+00
-9.941346058257843197e+02 1.562973796065661247e+01 3.368809332312161509e+00
-4.970673029128921598e+02 1.547771317524007451e+01 2.257030899839025384e+00
0.000000000000000000e+00 1.556091693012026766e+01 1.610056756509669951e+00
4.970673029128921598e+02 1.559180256845662349e+01 3.189119353707048909e-01
9.941346058257843197e+02 1.565540479532276841e+01 -6.773969506326907863e-01
1.491201908738676593e+03 1.559452692724036282e+01 -1.354228347685767275e+00
1.988269211651568639e+03 1.539625145591756983e+01 -2.213983743437809792e+00
2.485336514564460686e+03 1.538952524843671732e+01 -3.664491580777311963e+00
2.982403817477353186e+03 1.497271840068449578e+01 -4.530640497450809434e+00
3.479471120390245233e+03 1.508893657166136215e+01 -5.393578367067423329e+00
3.976538423303137279e+03 1.465622555635666302e+01 -6.740704319167987180e+00
4.473605726216029325e+03 1.442829340308426112e+01 -8.078403196267876396e+00
4.970673029128921371e+03 1.352827561681638002e+01 -8.946612192752294135e+00
5.467740332041813417e+03 1.347994579480299748e+01 -1.042731306265133107e+01
5.964807634954706373e+03 1.248073662703215447e+01 -1.248851425133311110e+01
6.461874937867598419e+03 1.084990989684186147e+01 -1.428008505806968031e+01
6.958942240780490465e+03 7.931778918031701764e+00 -1.742806275568721475e+01
7.456009543693382511e+03 2.140784938675033722e+00 -1.627709184423652644e+01
7.953076846606274557e+03 -2.551188875842873571e-01 -1.270147394941813168e+01
8.450144149519166604e+03 -2.376758976486241792e-01 -1.048184553110380079e+01
8.947211452432058650e+03 -3.124281431508841855e-01 -9.179061863907277186e+00
9.444278755344950696e+03 2.325575058807887174e-01 -8.324582420020922413e+00
9.941346058257842742e+03 -1.419761606179492652e-02 -7.727429937341348420e+00
1.043841336117073479e+04 5.489699022694038977e-02 -6.719640967756246752e+00
1.093548066408362683e+04 -7.718241092677283199e-02 -6.508700576788410075e+00
1.143254796699651888e+04 1.390927899421648961e-01 -6.081748727637543261e+00
1.192961526990941275e+04 2.302346987643089093e-02 -6.023131026995580228e+00
1.242668257282230479e+04 4.408805285521921746e-02 -5.435801680283130821e+00
1.292374987573519684e+04 -3.859327033661981154e-01 -5.096964073050295418e+00
1.342081717864808888e+04 -1.404246702246001455e-01 -5.151909551617296579e+00
1.391788448156098093e+04 -5.166304514621939958e-01 -4.929686015133618149e+00
1.441495178447387298e+04 -5.490612017912743781e-02 -4.727112690630746350e+00
1.491201908738676502e+04 -2.725921192520810443e-01 -4.204245384245724360e+00
1.540908639029965707e+04 -1.808926075692322555e-01 -4.282621676225826235e+00
1.590615369321254911e+04 -1.780103714919506475e-01 -3.495971001401311007e+00
1.640322099612544116e+04 -1.711269703024029809e-01 -3.509292378817208125e+00
1.690028829903833321e+04 9.851392724753527119e-02 -3.499664780287886856e+00
1.739735560195122525e+04 -4.049322286997947273e-02 -3.440889231519590474e+00
1.789442290486411730e+04 7.689509177949860330e-03 -3.564378538715146760e+00
1.839149020777700935e+04 1.189715354377157697e-01 -3.050164163625217917e+00
1.888855751068990139e+04 8.156944864026151321e-02 -2.920625547329742666e+00
1.938562481360279344e+04 1.605303891056267807e-01 -3.049043227585941374e+00
1.988269211651568548e+04 2.629465351962414488e-01 -3.052204088096631907e+00
2.037975941942857753e+04 2.078371301151027417e-01 -3.043255556332882250e+00
2.087682672234146958e+04 1.984475354592005747e-01 -3.232495065003712753e+00
2.137389402525436162e+04 6.395097593843845907e-02 -2.982211283287076853e+00
2.187096132816725367e+04 2.287472842335327994e-02 -2.709795696798535491e+00
2.236802863108014571e+04 3.868112500342648641e-01 -2.830432517144699123e+00
2.286509593399303776e+04 9.721246006953743191e-02 -2.923663804952324696e+00
2.336216323690592981e+04 -3.161724945190829139e-01 -2.590623117052521351e+00
2.385923053981882549e+04 -5.730968551731996374e-02 -2.571395071313061997e+00
2.435629784273171754e+04 -2.734612859015669306e-01 -2.681166362025511063e+00
2.485336514564460958e+04 -5.957558350933234159e-02 -2.111458096880741042e+00
2.535043244855750163e+04 -2.268860294928056742e-01 -2.440052167592562160e+00
2.584749975147039368e+04 -9.549359808074031619e-03 -2.233709294630180420e+00
2.634456705438328572e+04 -3.419778116851628358e-01 -2.304854118411095776e+00
2.684163435729617777e+04 -6.777830751542640586e-02 -2.169057396969912954e+00
2.733870166020906981e+04 -3.372346633214803324e-01 -2.419512815191018795e+00
2.783576896312196186e+04 -1.357842774952651155e-01 -1.729282494481924282e+00
2.833283626603485391e+04 1.891925843538782570e-01 -1.614057669927043470e+00
2.882990356894774595e+04 3.609326830912996942e-02 -1.919690872956373751e+00
2.932697087186063800e+04 -5.283812550435607047e-02 -2.366265044371364645e+00
2.982403817477353005e+04 8.746613847424833388e-02 -1.887935362938852002e+00
3.032110547768642209e+04 6.044222676253774296e-02 -2.204573645916833691e+00
3.081817278059931414e+04 2.474347895800753649e-01 -1.926774779560094020e+00
3.131524008351220618e+04 -1.805128130811192166e-01 -1.931412544509724105e+00
3.181230738642509823e+04 -1.317355290437861592e-01 -1.599892415304187576e+00
3.230937468933799028e+04 -1.786991650994931846e-01 -1.559412000726437153e+00
3.280644199225088232e+04 7.231558023914361200e-02 -1.577000154332058424e+00
3.330350929516377801e+04 -2.698789293422457769e-01 -1.851394111921057295e+00
3.380057659807666641e+04 -3.006543938686316864e-01 -1.473446186962743099e+00
3.429764390098956210e+04 -3.131489216559947275e-01 -1.167636501383620962e+00
3.479471120390245051e+04 -8.582727361284808731e-02 -1.681675317465143538e+00
3.529177850681534619e+04 2.424807916974918709e-01 -1.157723775870560301e+00
3.578884580972823460e+04 2.017882607394952399e-01 -1.757201457225723296e+00
3.628591311264113028e+04 1.057994395679325850e-01 -1.327716132013609940e+00
3.678298041555401869e+04 -7.550353237627305258e-02 -1.575638679452221469e+00
3.728004771846691438e+04 1.030932956458362471e-01 -1.687681599942423283e+00
3.777711502137980278e+04 2.308316220435210897e-01 -1.537365615618239367e+00
3.827418232429269847e+04 -1.681182082556609281e-01 -1.547338855020333304e+00
3.877124962720558688e+04 -2.253775600651158895e-01 -1.417737889391252004e+00
3.926831693011848256e+04 -1.053632938323811469e-01 -1.377641988228931025e+00
3.976538423303137097e+04 1.715113501872663759e-01 -1.324510104765260543e+00
4.026245153594426665e+04 -1.699580450388756825e-01 -1.763859251691101360e+00
4.075951883885715506e+04 8.899410706694653450e-02 -1.157805796216914818e+00
4.125658614177005074e+04 -1.991361433331385600e-01 -1.219540167133645880e+00
4.175365344468293915e+04 -2.524670959182820917e-01 -1.327500914570623358e+00
4.225072074759583484e+04 -3.152352868244329698e-01 -8.671945426450541339e-01
4.274778805050872325e+04 4.501551349777433986e-01 -1.338852301868439731e+00
4.324485535342161893e+04 1.450981395433195154e-01 -1.534054401253180933e+00
4.374192265633450734e+04 -1.783380815121391461e-01 -1.127860877390854721e+00
4.423898995924740302e+04 4.613476500226143528e-02 -1.369937499582109641e+00
4.473605726216029143e+04 4.259143481330202041e-02 -1.438291355985140907e+00
4.523312456507318711e+04 -5.891363767721174982e-01 -1.350667169969057335e+00
4.573019186798607552e+04 2.739581333224716531e-03 -1.591842847041206710e+00
4.622725917089897121e+04 -2.618279234770943265e-01 -9.358766518985675020e-01
4.672432647381185961e+04 2.766492389834517840e-01 -1.004947479438015323e+00
4.722139377672475530e+04 -1.721193142760060468e-01 -9.874083682597194489e-01
4.771846107963765098e+04 2.023679819306593020e-01 -1.056274113638259848e+00
4.821552838255053939e+04 -6.800097626690237984e-02 -1.227637511711590745e+00
4.871259568546343507e+04 5.599720358200502290e-02 -1.350778546676099978e+00
4.920966298837632348e+04 -8.073730383931054799e-02 -1.016532852833616829e+00
4.970673029128921917e+04 1.170472616428615970e-01 -9.956495369188357314e-01
5.020379759420210758e+04 -6.027238202566687075e-02 -1.107180613559477944e+00
5.070086489711500326e+04 -3.677585006700925807e-01 -1.267198663470558540e+00
5.119793220002789167e+04 1.729688110974579862e-01 -1.253172666384559708e+00
5.169499950294078735e+04 -2.273009402077644792e-01 -9.977483851095139133e-01
5.219206680585367576e+04 5.262897983473543984e-02 -1.226349622402121087e+00
5.268913410876657144e+04 3.900703291836205011e-02 -1.221727394163578895e+00
5.318620141167945985e+04 -9.314005922038975926e-02 -8.530229942655209729e-01
5.368326871459235554e+04 -2.815928671525336213e-02 -1.181447545268165866e+00
5.418033601750524394e+04 -2.924549007177195126e-01 -9.767906921624773808e-01
5.467740332041813963e+04 -3.122000829284062307e-01 -8.924982790433523272e-01
5.517447062333102804e+04 -3.053347871121719348e-01 -9.914544271286399590e-01
5.567153792624392372e+04 8.391232433315032324e-02 -6.411967655176820102e-01
5.616860522915681213e+04 1.110198002621616276e-01 -1.100936629685385082e+00
5.666567253206970781e+04 1.134935950816665096e-02 -1.126905293339382386e+00
5.716273983498259622e+04 -1.260639724723752186e-01 -8.148942220587337415e-01
5.765980713789549191e+04 -1.379722443664525844e-01 -1.023283063220596922e+00
5.815687444080838031e+04 1.294745582626616598e-01 -6.806394621332616524e-01
5.865394174372127600e+04 2.968008239402354642e-02 -9.302083784786491227e-01
5.915100904663416441e+04 -2.636792995648960525e-01 -1.103480789780547422e+00
5.964807634954706009e+04 3.214767111265822153e-01 -7.221620685778160631e-01
6.014514365245994850e+04 3.641065522236829333e-01 -8.518942982810253639e-01
6.064221095537284418e+04 -1.906959383050882417e-01 -9.143694296946408562e-01
6.113927825828573259e+04 -2.908308149675980503e-01 -8.229254778688599448e-01
6.163634556119862827e+04 3.981861532832586814e-03 -8.823077812301229894e-01
6.213341286411151668e+04 8.486130573936523369e-02 -6.963218362278817963e-01
6.263048016702441237e+04 -1.389490662983944302e-01 -1.034193015040129726e+00
6.312754746993730078e+04 2.154644229921861553e-01 -9.316039830147032630e-01
6.362461477285019646e+04 -3.710904985580371074e-01 -9.247782083897100325e-01
6.412168207576309214e+04 -2.091481142437846552e-01 -8.224830063730432794e-01
6.461874937867598055e+04 6.985024060660494083e-02 -7.234935478004664855e-01
6.511581668158887624e+04 1.187683274301628289e-01 -5.885119716116646860e-01
6.561288398450176464e+04 -1.951131383819163789e-01 -8.290007406540835788e-01
6.610995128741466033e+04 6.797622321745401541e-02 -6.614869032572342489e-01
6.660701859032755601e+04 2.046059756175929722e-01 -8.510295595240371380e-01
6.710408589324043714e+04 -4.021809924686167714e-02 -6.682326633255218917e-01
6.760115319615333283e+04 2.224331717277900911e-01 -5.278874610907464682e-01
6.809822049906622851e+04 2.567937557027109019e-01 -6.080601155514323564e-01
6.859528780197912420e+04 1.233322300049846387e-01 -9.510769920631461094e-01
6.909235510489200533e+04 1.309685041824187879e-02 -1.069002695832294680e+00
6.958942240780490101e+04 -7.377597741528198194e-02 -7.946589191260694518e-01
7.008648971071779670e+04 1.186478631331636668e-01 -7.501197387237139580e-01
7.058355701363069238e+04 -1.769531485614407318e-01 -1.160881032812295821e+00
7.108062431654357351e+04 4.838904002935789928e-02 -7.050391461248378677e-01
7.157769161945646920e+04 -1.196093857178046893e-01 -7.703420668286207196e-01
7.207475892236936488e+04 -1.998839098966045391e-01 -6.657863170817683862e-01
7.257182622528226057e+04 2.174152800955472531e-01 -6.943527799610881290e-01
7.306889352819514170e+04 -2.706796851778088264e-01 -7.539025816077938869e-01
7.356596083110803738e+04 -2.376136993218289362e-01 -7.565239958114748919e-01
7.406302813402093307e+04 3.459601892603013096e-01 -9.538723199902380268e-01
7.456009543693382875e+04 -2.071717745172115266e-01 -6.726211303505016392e-01
7.505716273984670988e+04 9.693918755400976472e-02 -8.332576998715464089e-01
7.555423004275960557e+04 1.205271229959239965e-02 -3.756378324570009419e-01
7.605129734567250125e+04 -1.148325900734716160e-01 -6.053215582701004793e-01
7.654836464858539694e+04 3.444720357528718857e-01 -5.785429484651345433e-01
7.704543195149827807e+04 1.627693311622410710e-01 -4.039407691565050085e-01
7.754249925441117375e+04 1.193535364162431056e-01 -6.424539455141107247e-01
7.803956655732406944e+04 -7.958003068452618178e-02 -6.360941586803763315e-01
7.853663386023696512e+04 -1.056189384362720973e-01 -4.650840981329000812e-01
7.903370116314984625e+04 2.058303931082108018e-01 -4.048049753756503000e-01
7.953076846606274194e+04 1.647718609561260594e-02 -5.784971406609917821e-01
8.002783576897563762e+04 4.655317881638667554e-01 -6.221252152933433033e-01
8.052490307188853330e+04 -8.627416411443578070e-02 -8.460757114512184041e-01
8.102197037480142899e+04 -2.787696563265916194e-01 -6.150391450107143276e-01
8.151903767771431012e+04 4.530805784163709216e-02 -3.682449602526589594e-01
8.201610498062720580e+04 -5.871475976120013596e-02 -6.473414105021040310e-01
8.251317228354010149e+04 1.944382857689704314e-01 -6.546755934222336926e-01
8.301023958645299717e+04 9.091558035467972587e-02 -6.498257686308052117e-01
8.350730688936587831e+04 1.806041795333697686e-01 -5.208883627425530127e-01
8.400437419227877399e+04 -1.101402105989302271e-01 -6.125551458781434144e-01
8.450144149519166967e+04 1.016230909581687658e-01 -3.966095404988732032e-01
8.499850879810456536e+04 -1.719028426217151240e-01 -5.188199449720953815e-01
8.549557610101744649e+04 2.881126598203058720e-01 -6.119741304214867395e-01
8.599264340393034217e+04 2.404072054821217996e-01 -8.810954118380693867e-01
8.648971070684323786e+04 -2.013505221245145971e-01 -6.768239060678629126e-01
8.698677800975613354e+04 1.756829699753310325e-01 -3.942807596364732436e-01
8.748384531266901467e+04 1.359023096639141170e-01 -6.647200580571023254e-01
8.798091261558191036e+04 -3.706213362836774383e-03 -9.487055919181122121e-01
8.847797991849480604e+04 -2.332583985547032057e-04 -8.927071570048958904e-01
8.897504722140770173e+04 -4.150873331257090570e-02 -7.764677229632593880e-01
8.947211452432058286e+04 -8.142033558902986301e-02 -3.246303188794268380e-01
8.996918182723347854e+04 7.772672795859159045e-02 -4.862822315108090709e-01
9.046624913014637423e+04 2.651138657646199270e-01 -6.555064827523809923e-01
9.096331643305926991e+04 2.239827655258135874e-01 -5.145134799554585969e-01
9.146038373597215104e+04 -3.516755751795181961e-01 -7.968816575346164832e-01
9.195745103888504673e+04 1.093489107872376714e-01 -2.234847846048401143e-01
9.245451834179794241e+04 4.365359141475852467e-02 -6.648408761694045710e-01
9.295158564471083810e+04 1.955989118790615877e-01 -5.739078391802376888e-01
9.344865294762371923e+04 7.363043219626219660e-02 -5.702545353022153707e-01
9.394572025053661491e+04 2.072533954660292776e-01 -7.531335215333789801e-01
9.444278755344951060e+04 -3.206632794179080093e-01 -2.903029153068378276e-01
9.493985485636240628e+04 9.095156750138540247e-02 -4.653555048445895959e-01
9.543692215927530196e+04 -5.222652522407552483e-02 -9.101121639062282886e-01
9.593398946218818310e+04 -2.507281832071247551e-01 -4.087327627210556868e-01
9.643105676510107878e+04 1.870006134099991835e-01 -4.674400898423504702e-01
9.692812406801397447e+04 1.169816500974820150e-01 -8.279056454783848551e-01
9.742519137092687015e+04 -2.963410212031207802e-01 -6.486685296547093360e-01
9.792225867383975128e+04 -3.390913053074545713e-01 -5.759464058649452767e-01
9.841932597675264697e+04 -7.083979879345000952e-02 -2.372388721544008705e-01
9.891639327966554265e+04 -8.182893536305860249e-02 -1.614918624525678581e-01
9.941346058257843833e+04 -1.259895906036279101e-02 -4.112366447033499184e-01
9.991052788549131947e+04 4.440110877740111039e-02 -3.904653751662441885e-01
1.004075951884042152e+05 1.134278369723830393e-01 -6.182910355299398031e-01
1.009046624913171108e+05 -1.526921211561593772e-01 -3.522346263216851181e-01
1.014017297942300065e+05 -3.954965484476381798e-02 -5.372371128743901325e-01
1.018987970971428877e+05 -2.613907887691307996e-03 -1.986472545653869548e-01
1.023958644000557833e+05 -7.435332842306852097e-03 -3.143531567781143732e-01
1.028929317029686790e+05 -5.820288774394846709e-02 -5.059925408938197311e-01
1.033899990058815747e+05 1.096290338721009061e-01 -5.478991811230317088e-01
1.038870663087944558e+05 2.975265926539956418e-02 -3.500460523248776212e-01
1.043841336117073515e+05 -3.516282584907278186e-01 -3.205914404358053971e-01
1.048812009146202472e+05 -2.353853163782981817e-01 -3.265587176739795927e-01
1.053782682175331429e+05 2.370090294198339276e-01 -3.261935390612126229e-01
1.058753355204460240e+05 -1.034035440866523103e-01 -5.857464951273564369e-01
1.063724028233589197e+05 -2.866116636923177197e-02 -6.050888560949964079e-01
1.068694701262718154e+05 -3.221470506544722445e-01 -6.201062521937558136e-01
1.073665374291847111e+05 1.589494819985119156e-01 -2.716128397328199662e-01
1.078636047320975922e+05 -4.231462485916737126e-02 -6.295008717091972184e-01
1.083606720350104879e+05 2.212853499946424718e-01 -5.329363652268670482e-01
1.088577393379233836e+05 -3.407907261563324353e-01 -1.015151036015813635e-01
1.093548066408362793e+05 6.483759847391258602e-02 -4.209226840464771330e-02
1.098518739437491604e+05 3.692204549096739230e-01 -1.750657014613843099e-01
1.103489412466620561e+05 -3.797698837699692298e-01 -6.221060436084243639e-01
1.108460085495749518e+05 -1.483290469219890051e-01 -2.845654147090386221e-01
1.113430758524878474e+05 2.100447563255044281e-01 -5.520111837248111719e-01
1.118401431554007431e+05 4.444873913001946841e-02 -3.384525227535765679e-01
1.123372104583136243e+05 1.481467777714943201e-01 -2.710607509662546488e-01
1.128342777612265199e+05 1.075281699432820981e-01 -4.339680323114566973e-01
1.133313450641394156e+05 -6.674420572354816672e-02 -3.177414511412023357e-01
1.138284123670523113e+05 9.391162286302476292e-02 -3.404535639769771804e-01
1.143254796699651924e+05 6.857134492936406422e-02 -4.303511679417270641e-01
1.148225469728780881e+05 -4.250109562056519907e-02 -5.002824208952325602e-01
1.153196142757909838e+05 1.173055826780226296e-01 -2.016530251770487225e-01
1.158166815787038795e+05 2.434552804054493369e-02 -4.451785454631572714e-01
1.163137488816167606e+05 -2.093976463183987446e-01 -5.277772642183823359e-01
1.168108161845296563e+05 -1.831418192196866690e-01 -3.799633620503606868e-01
1.173078834874425520e+05 -7.487448066309410066e-02 -3.250416367744563551e-01
1.178049507903554477e+05 -1.215012733510722753e-01 -1.010378784398588692e-01
1.183020180932683288e+05 -5.178982913934444821e-02 -1.964878392252057404e-01
1.187990853961812245e+05 1.851683705233129473e-01 -4.565106760778258610e-01
1.192961526990941202e+05 -1.119596135622057120e-02 -1.469553125394648663e-01
1.197932200020070159e+05 1.418772415907896267e-01 -3.220160636998860570e-01
1.202902873049198970e+05 9.683892804396120046e-02 -3.641281088269723853e-01
1.207873546078327927e+05 -4.388855899667212790e-02 -4.761675414241609006e-01
1.212844219107456884e+05 9.965976939646238597e-02 -2.137883385790025348e-01
1.217814892136585840e+05 1.609714468874778870e-02 -7.370169290649432048e-01
1.222785565165714652e+05 -1.408354495431990983e-01 -3.324660652824195095e-01
1.227756238194843609e+05 -6.020960337753793190e-02 -2.077871041498801641e-01
1.232726911223972565e+05 -1.624878239787652667e-02 -7.091069621345036378e-01
1.237697584253101522e+05 2.672532016055121362e-01 -4.317979131752264221e-02
1.242668257282230334e+05 1.353685748004656575e-01 -4.930334628533197261e-01
1.247638930311359290e+05 -3.829408832262785056e-01 -6.253920309708188574e-01
1.252609603340488247e+05 1.776597136676949518e-02 -3.305975483474205556e-01
1.257580276369617204e+05 -1.547276714670779152e-01 -2.300536184402415252e-01
1.262550949398746016e+05 -7.026032059223616399e-02 -2.743450744084454662e-01
1.267521622427874972e+05 -5.030641245634381864e-02 -4.902809059062412933e-01
1.272492295457003929e+05 2.369088428151607806e-01 -1.821060374196072362e-01
1.277462968486132886e+05 1.750714083346109617e-01 -1.847586094880001584e-01
1.282433641515261843e+05 -1.061152784518691605e-02 -4.896245350506148175e-01
1.287404314544390654e+05 -6.908279898775207539e-02 -3.202222416714634035e-01
1.292374987573519611e+05 -3.099587846160517524e-03 -2.201270476473106419e-01
1.297345660602648568e+05 -8.721963950746783323e-02 -4.796276430621581599e-01
1.302316333631777525e+05 2.669998788539663104e-01 -1.284875044893585283e-01
1.307287006660906336e+05 -1.741188475004885883e-01 -2.238835498464201712e-01
1.312257679690035293e+05 6.777309304857701000e-02 -4.024739251493298919e-01
1.317228352719164104e+05 2.494854176104494003e-02 -3.195090034826910674e-01
1.322199025748293207e+05 -6.548615061937365645e-02 -5.324583910161226341e-02
1.327169698777422018e+05 2.691633253440282592e-01 -1.815404038354800076e-01
1.332140371806551120e+05 2.518603771183818285e-01 -2.998907081243114559e-01
1.337111044835679932e+05 3.494490516158668680e-01 -7.361693727118973074e-02
1.342081717864808743e+05 3.236832946969704361e-01 -5.363984881415905237e-01
1.347052390893937845e+05 -2.791818451674304979e-02 -3.427678412406963693e-01
1.352023063923066657e+05 1.762560436260536822e-01 -2.596683550651683881e-01
1.356993736952195468e+05 1.099672721413303966e-01 -3.522113583167023054e-01
1.361964409981324570e+05 2.223416581721612828e-02 -5.567590409599334489e-01
1.366935083010453382e+05 -2.636976920519929490e-01 -3.265665974891006629e-01
1.371905756039582484e+05 -1.417912061435846194e-01 -5.523463064557396773e-01
1.376876429068711295e+05 -1.215262870226480330e-01 -3.146352438958794351e-01
1.381847102097840107e+05 -1.528809158175283289e-01 3.635750283036645603e-02
1.386817775126969209e+05 -2.688278006626576566e-01 -1.928606892515045967e-01
1.391788448156098020e+05 -9.250579786140587790e-02 -2.130012631658553812e-01
1.396759121185226832e+05 3.408744194651488479e-01 -4.393798372249405615e-01
1.401729794214355934e+05 -1.432672643879309149e-01 -1.652244507627701267e-02
1.406700467243484745e+05 1.945705297304329284e-01 -2.572245916622620809e-01
1.411671140272613848e+05 1.153472603117322026e-01 -6.333445373563485470e-01
1.416641813301742659e+05 9.024515459245929794e-02 -1.689449810954301440e-02
1.421612486330871470e+05 4.253593270513059826e-02 -1.513065488996873098e-01
1.426583159360000573e+05 4.010055881600044225e-02 -3.199382445389286067e-01
1.431553832389129384e+05 3.409498988655151885e-02 -5.064775079261515378e-01
1.436524505418258486e+05 -3.231907193527953082e-01 -3.579929124485972114e-01
1.441495178447387298e+05 -3.540298368242666971e-01 -2.199074076578845238e-01
1.446465851476516109e+05 -1.355834558929188416e-01 1.877738151963434521e-02
1.451436524505645211e+05 -2.414105433611266061e-02 -1.133144599967426253e-01
1.456407197534774023e+05 -1.415069835762460537e-01 -1.290237242751128555e-01
1.461377870563902834e+05 -1.033742529347268790e-01 -1.650281359840531092e-01
1.466348543593031936e+05 -2.680545081618546654e-01 -2.329258825916038500e-01
1.471319216622160748e+05 7.207405266068057925e-02 -1.802303011979708991e-01
1.476289889651289850e+05 -4.559582793480111002e-02 -1.272315757815267179e-01
1.481260562680418661e+05 -1.335803381173337190e-01 3.624523571937346422e-02
1.486231235709547473e+05 1.980596876856251520e-01 -2.628235411156568113e-01
1.491201908738676575e+05 3.800152789337058468e-01 -4.538642009148620149e-01
1.496172581767805386e+05 6.780467113452523509e-03 -1.018234636044886565e-01
1.501143254796934198e+05 -1.331657848905760666e-01 -5.518612382739689348e-01
1.506113927826063300e+05 -1.383863731948670184e-01 -1.687686977223941398e-01
1.511084600855192111e+05 3.360969524591598812e-01 -2.971461314925172292e-01
1.516055273884321214e+05 1.183394790003000907e-01 -2.527481254718565995e-01
1.521025946913450025e+05 1.469143123904052550e-01 -3.280949805157469257e-01
1.525996619942578836e+05 -2.691319616458561215e-01 -3.215742033543748102e-01
1.530967292971707939e+05 -2.463961707085757236e-01 -1.339291400202782534e-01
1.535937966000836750e+05 4.235112846960616129e-02 -4.374872885346544477e-03
1.540908639029965561e+05 -3.437688001171201879e-02 -2.358459258331668806e-01
1.545879312059094664e+05 2.498222844872989290e-01 -2.453314265311511977e-01
1.550849985088223475e+05 7.884495758590526204e-02 -4.583062269161791158e-01
1.555820658117352577e+05 -1.324111030214567553e-01 -2.696254727542392038e-01
1.560791331146481389e+05 -1.187182370031286266e-01 -2.910743107488341641e-01
1.565762004175610200e+05 -1.195134740170587656e-01 -3.435520627906372693e-01
1.570732677204739302e+05 6.463771408974625099e-02 -1.994225271366836250e-01
1.575703350233868114e+05 -2.889074238003613848e-02 -2.997578510032131716e-01
1.580674023262996925e+05 -2.304790821657830002e-01 -2.157982661355419274e-01
1.585644696292126027e+05 -2.101772763001361621e-01 3.027263631268342636e-01
1.590615369321254839e+05 1.834974008571061133e-01 -2.752458041373717634e-01
1.595586042350383941e+05 1.242653493362592954e-01 -2.408643575773196377e-01
1.600556715379512752e+05 8.368233492041748933e-02 1.177198283097073972e-01
1.605527388408641564e+05 2.221086309412811932e-02 -8.550525572926714890e-02
1.610498061437770666e+05 7.411995329129149324e-02 -2.013356214723316107e-01
1.615468734466899477e+05 -1.004376861157785239e-02 -5.555473274151064844e-01
1.620439407496028580e+05 -1.764114584510070305e-01 1.316221182710470422e-02
1.625410080525157391e+05 -1.727500455018660674e-01 -1.742492174587564058e-01
1.630380753554286202e+05 4.236467440802758888e-02 -5.192115749324221347e-02
1.635351426583415305e+05 -1.883072497977022197e-01 3.993251682331902530e-02
1.640322099612544116e+05 1.924615928502131645e-01 -2.967008373856505621e-02
1.645292772641672927e+05 -2.729435400436508452e-01 1.376481906402803324e-01
1.650263445670802030e+05 -1.685962957337541063e-02 1.712534944356665090e-01
1.655234118699930841e+05 -1.510271228327689785e-01 1.284505377199753606e-01
1.660204791729059943e+05 1.714329662608028160e-01 -1.621666476438655413e-01
1.665175464758188755e+05 3.740363821030065483e-02 -2.773478727754491446e-01
1.670146137787317566e+05 7.468205512395928447e-02 -4.584197560773800584e-01
1.675116810816446668e+05 -1.233430160122050978e-02 -1.211457804669644894e-01
1.680087483845575480e+05 -9.362295207474707892e-02 -1.355916722670056640e-01
1.685058156874704291e+05 2.771771773738343492e-02 -2.808414282335373047e-01
1.690028829903833393e+05 2.012239405267658710e-03 -1.294725511293755016e-01
1.694999502932962205e+05 -7.856685639600574644e-02 4.599938491958530801e-02
1.699970175962091307e+05 3.068341314357513894e-01 -1.253132226089189172e-01
1.704940848991220118e+05 -2.186265703712506059e-01 1.351688574929679754e-01
1.709911522020348930e+05 1.568721818964904369e-01 -1.198907781129001926e-01
1.714882195049478032e+05 1.905729335290766158e-01 -3.279488943948901669e-01
1.719852868078606843e+05 1.753791752688287769e-02 2.400842053217673577e-03
1.724823541107735655e+05 2.661854294155739931e-01 1.618316483987659871e-02
1.729794214136864757e+05 4.021071409959114384e-01 -2.854232372746288160e-01
1.734764887165993568e+05 3.453469101990858103e-02 -2.342678422204457489e-01
1.739735560195122671e+05 -2.294778184297488477e-01 -1.061558136895084381e-01
1.744706233224251482e+05 2.265186830265384366e-01 -1.324347031086093307e-01
1.749676906253380293e+05 8.284091777932454936e-02 -2.328457555774401111e-01
1.754647579282509396e+05 -6.200671458924175705e-02 -1.062015606633008313e-01
1.759618252311638207e+05 9.478587277714917159e-04 -1.526103026857991707e-01
1.764588925340767310e+05 -2.457953222677712601e-01 -3.663592405413721442e-01
1.769559598369896121e+05 3.725138494214108587e-02 -5.319407554189950482e-02
1.774530271399024932e+05 -3.157362035914121345e-01 -3.466048587971465866e-01
1.779500944428154035e+05 3.659741549718938947e-01 -1.008216913378544854e-01
1.784471617457282846e+05 2.081055707967638946e-01 -3.070463319587504181e-01
1.789442290486411657e+05 -2.327595741324286482e-01 -3.876137843706894959e-01
1.794412963515540760e+05 -7.332369082993263343e-02 1.898153834055116007e-01
1.799383636544669571e+05 1.876606676600106882e-01 6.872426792515790028e-03
1.804354309573798673e+05 3.064811401105582700e-01 8.737813244852932204e-02
1.809324982602927485e+05 -1.727079394051795336e-01 8.635113265475609368e-02
1.814295655632056296e+05 2.263002128042262140e-01 -9.392241094778022714e-02
1.819266328661185398e+05 9.802009701835927291e-02 -2.103963922544515031e-01
1.824237001690314210e+05 1.480329285408221451e-01 -3.233315318441377650e-01
1.829207674719443021e+05 1.207043722932084340e-01 -1.812494147987535331e-02
1.834178347748572123e+05 -6.025857471971789170e-02 -3.247476084549885122e-01
1.839149020777700935e+05 -9.191797120442980751e-02 -4.253224058774797423e-04
1.844119693806830037e+05 2.616951843321980720e-01 -2.686872237844819544e-01
1.849090366835958848e+05 -1.823382760053824381e-01 -2.629289025429831228e-01
1.854061039865087660e+05 9.394447324103047392e-02 -3.838310717061608202e-01
1.859031712894216762e+05 -2.390207051347808809e-01 8.795171575281807153e-02
1.864002385923345573e+05 -3.737754424939533915e-01 -2.402089473723942326e-01
1.868973058952474385e+05 -6.700871532988841861e-02 -4.495335586789222515e-01
1.873943731981603487e+05 -2.496891918475516170e-01 -1.928791422764206676e-01
1.878914405010732298e+05 1.172570164439732179e-03 -3.244191211546310072e-02
1.883885078039861401e+05 1.739225374805249968e-01 2.779542551224483890e-02
1.888855751068990212e+05 -2.643474623996727724e-02 -3.364316099911811020e-01
1.893826424098119023e+05 1.062727893745966795e-01 -2.706032248631112247e-01
1.898797097127248126e+05 -1.017126455417605713e-01 -8.921006925898185280e-02
1.903767770156376937e+05 -1.013091034571159815e-01 -3.210558589129337559e-01
1.908738443185506039e+05 -4.321733537376155204e-02 1.508713092594756999e-01
1.913709116214634851e+05 -1.130886627383136112e-01 -4.093925947742402260e-02
1.918679789243763662e+05 1.721848173235480950e-01 -1.808262400339646359e-01
1.923650462272892764e+05 1.861660165039898118e-02 1.727320448222645910e-01
1.928621135302021576e+05 -1.559213289388699797e-01 -3.854375211523103362e-02
1.933591808331150387e+05 -1.601328027158749334e-02 -1.842835393973645264e-01
1.938562481360279489e+05 3.835472808669140865e-02 -4.364115829222823262e-01
1.943533154389408301e+05 6.439035629657438586e-02 -1.383160697595550437e-01
1.948503827418537403e+05 -2.142805042115132619e-01 -2.540274159338658522e-01
1.953474500447666214e+05 1.576708097205669623e-01 -2.920015021140097145e-01
1.958445173476795026e+05 5.009602621202322026e-02 -4.379866003589619194e-01
1.963415846505924128e+05 -4.725003881513377135e-01 8.424265645492040600e-02
1.968386519535052939e+05 1.676741471488606416e-01 -2.366098043215629498e-01
1.973357192564181751e+05 4.073984459913695955e-02 -4.822215520670143640e-03
1.978327865593310853e+05 -4.527189967557960215e-01 -1.795689500579720765e-01
1.983298538622439664e+05 4.978139110404998791e-01 1.692995600083720409e-01
1.988269211651568767e+05 -5.688296449298761714e-02 3.081091242743695668e-02
1.993239884680697578e+05 1.695666529350931262e-01 -2.734242721028563028e-01
1.998210557709826389e+05 -1.863296810903053435e-01 -3.532648635826576844e-02
2.003181230738955492e+05 -1.295000521954805042e-02 -3.225545118313066228e-01
2.008151903768084303e+05 4.833536807806694188e-03 -2.962128443151194890e-02
2.013122576797213114e+05 -3.101424573102201654e-02 2.496346881948824925e-01
2.018093249826342217e+05 4.831761757326662188e-02 -3.082581384728594887e-01
2.023063922855471028e+05 -9.369852738286404970e-02 -1.394291710514865557e-01
2.028034595884600130e+05 -2.974150678800889791e-01 8.355005696552542105e-02
2.033005268913728942e+05 -8.208699835973115588e-02 -7.960187812616011105e-02
2.037975941942857753e+05 1.198811719867531739e-01 -1.764630611363343093e-01
2.042946614971986855e+05 1.826317741088945290e-02 -3.501486689472353975e-01
2.047917288001115667e+05 -2.879734951207081894e-01 -1.699952719705094817e-01
2.052887961030244478e+05 2.182491966094598224e-01 9.669965479942797815e-02
2.057858634059373580e+05 2.015612206632076686e-02 1.180561000273080800e-02
2.062829307088502392e+05 1.108096353479440244e-01 5.627931239055344870e-02
2.067799980117631494e+05 1.506221325533025068e-01 -1.146477032148286862e-01
2.072770653146760305e+05 9.169013838455530863e-02 2.150529543302131807e-01
2.077741326175889117e+05 2.926563310282675467e-01 -4.699750561722977615e-02
2.082711999205018219e+05 1.344149200930081500e-01 -2.004979534974808686e-02
2.087682672234147030e+05 -9.166348350450621851e-02 -2.382347689675484437e-01
2.092653345263276133e+05 -5.353824743335416740e-03 1.318586685020244065e-01
2.097624018292404944e+05 4.414951802135091419e-01 2.786010306115571655e-02
2.102594691321533755e+05 -4.446541185058090068e-02 -1.118256462418122654e-01
2.107565364350662858e+05 -7.755276365668511973e-02 -1.980662725775462762e-01
2.112536037379791669e+05 2.016769821592143130e-01 1.252183563141631012e-02
2.117506710408920480e+05 -6.469494782024934332e-02 -1.970756487494196851e-01
2.122477383438049583e+05 1.098724850963583577e-01 2.961967543719306109e-02
2.127448056467178394e+05 -1.183310949195855999e-01 -1.461028028529289535e-01
2.132418729496307496e+05 2.644535717073961401e-01 -3.290135557878939854e-01
2.137389402525436308e+05 5.983380366449349112e-03 7.872379488904919509e-02
2.142360075554565119e+05 7.533083836647942733e-02 -4.671060609292786991e-01
2.147330748583694221e+05 -1.156153974111149008e-01 -2.146921884864173569e-01
2.152301421612823033e+05 -2.332097458666351208e-01 -7.820379011551348292e-02
2.157272094641951844e+05 5.803840851261513750e-02 -1.472888555234914687e-01
2.162242767671080946e+05 -1.692311171220977351e-01 1.341094851965732027e-01
2.167213440700209758e+05 2.222248831869730601e-01 1.013323619081690913e-01
2.172184113729338860e+05 -3.061264687076489244e-01 -7.803098092901475380e-02
2.177154786758467671e+05 -4.123412944353711806e-02 7.798983334709953807e-02
2.182125459787596483e+05 4.528537217774104146e-02 -4.156948871741146523e-02
2.187096132816725585e+05 1.114110860311189471e-01 4.009284985511791244e-01
2.192066805845854396e+05 6.052291113067723854e-02 1.513647055172223366e-01
2.197037478874983208e+05 -2.786943854245641505e-01 3.182878591301251114e-02
2.202008151904112310e+05 1.596170434711297048e-01 -1.550221651521614674e-01
2.206978824933241121e+05 -1.178961546642263852e-01 -1.612161264981165909e-01
2.211949497962370224e+05 1.546847687268021465e-02 2.278111259086249007e-01
2.216920170991499035e+05 1.142811381810671101e-01 1.512778446533042387e-01
2.221890844020627846e+05 1.460985264952557316e-01 -1.276605213561250451e-01
2.226861517049756949e+05 -9.598678001916965963e-02 -1.125193473796247678e-01
2.231832190078885760e+05 -9.086236719954002283e-02 1.221429790628295042e-02
2.236802863108014863e+05 2.542137850710657343e-01 1.639649009870983720e-01
2.241773536137143674e+05 2.540487579426319309e-01 -1.472842663518795225e-01
2.246744209166272485e+05 5.315091159982535118e-03 1.917278203737850517e-01
2.251714882195401588e+05 5.065798999238961542e-02 -1.220646651492307000e-01
2.256685555224530399e+05 -1.457935636425474468e-01 -2.412509151805766749e-01
2.261656228253659210e+05 5.126433261031107524e-02 -2.139276854711104070e-01
2.266626901282788313e+05 -2.639631912055761531e-01 1.142542980752388471e-01
2.271597574311917124e+05 -3.116914754855505329e-02 -3.812462356119235285e-02
2.276568247341046226e+05 2.182269080807686806e-02 -1.083760875915198013e-01
2.281538920370175038e+05 2.240785860614884495e-01 -2.586793076869579044e-01
2.286509593399303849e+05 1.078942343517339947e-01 6.171297630522333544e-02
2.291480266428432951e+05 2.812361775510860418e-02 6.060909035007183525e-03
2.296450939457561763e+05 -1.091160021284822562e-01 -1.371726145794474605e-01
2.301421612486690574e+05 1.164356336981694356e-01 7.894524067283496815e-02
2.306392285515819676e+05 -1.136750669066879382e-01 -1.331100156799402134e-01
2.311362958544948488e+05 1.426048283654624514e-02 3.776454105743035257e-03
2.316333631574077590e+05 -1.256156887181089921e-01 -2.538099394131512060e-02
2.321304304603206401e+05 -2.603331952773818014e-01 5.433005341341134997e-02
2.326274977632335213e+05 3.369514212466960257e-01 7.870644073930146978e-02
2.331245650661464315e+05 2.039883205008693745e-01 4.048663223540839573e-03
2.336216323690593126e+05 -1.132943824864800636e-01 2.419834925229382983e-01
2.341186996719721938e+05 -1.310788238507879233e-01 2.007937060269856522e-01
2.346157669748851040e+05 2.902637800822480130e-01 1.158704322022485467e-01
2.351128342777979851e+05 -5.094177871451568973e-02 -2.081207292810813639e-02
2.356099015807108954e+05 -2.385401313473080043e-01 6.363581321274931757e-02
2.361069688836237765e+05 4.820957463338638727e-01 1.043104016987791427e-01
2.366040361865366576e+05 3.543335470201752768e-01 -1.196211891527170917e-01
2.371011034894495679e+05 2.810956378871169448e-01 -1.233284494675104537e-01
2.375981707923624490e+05 -3.377993213246018728e-02 -4.640198264367852155e-02
